0 0.4951923076923077 0.1141826923076923 0.6439302884615384 0.1361177884615384
0 0.7163461538461539 0.2391826923076923 0.2118389423076923 0.1763822115384615
0 0.6081730769230769 0.5228365384615384 0.0817307692307692 0.0850360576923077
0 0.6081730769230769 0.5973557692307693 0.0724158653846153 0.0697115384615384
0 0.7295673076923077 0.5576923076923077 0.1902043269230769 0.16796875
0 0.7512019230769231 0.7175480769230769 0.1370192307692307 0.1805889423076923
0 0.2151442307692307 0.6802884615384616 0.0838341346153846 0.1012620192307692
0 0.2632211538461538 0.7548076923076923 0.1754807692307692 0.1012620192307692
0 0.3052884615384615 0.6682692307692307 0.0862379807692307 0.0721153846153846
0 0.3737980769230769 0.6454326923076923 0.4209735576923077 0.3542668269230769
0 0.6286057692307693 0.8545673076923077 0.1412259615384615 0.0946514423076923
0 0.6298076923076923 0.7175480769230769 0.1259014423076923 0.1751802884615384
0 0.1225961538461538 0.6790865384615384 0.0964543269230769 0.2289663461538461
0 0.2752403846153846 0.2415865384615384 0.2040264423076923 0.1745793269230769
0 0.1213942307692307 0.2403846153846154 0.110576923076923 0.1634615384615384
0 0.3701923076923077 0.3641826923076923 0.3852163461538461 0.1201923076923077
0 0.7175480769230769 0.3653846153846153 0.1905048076923076 0.0808293269230769
0 0.4939903846153846 0.2788461538461538 0.2548076923076923 0.2548076923076923
