0 0.4783653846153846 0.0985576923076923 0.6778846153846154 0.1490384615384615
0 0.7127403846153846 0.2307692307692307 0.21875 0.1814903846153846
0 0.5973557692307693 0.5300480769230769 0.0844350961538461 0.0889423076923077
0 0.5973557692307693 0.6081730769230769 0.0697115384615384 0.0631009615384615
0 0.7271634615384616 0.5661057692307693 0.19921875 0.1748798076923076
0 0.75 0.734375 0.1589543269230769 0.19921875
0 0.1838942307692307 0.6959134615384616 0.0886418269230769 0.1042668269230769
0 0.234375 0.7752403846153846 0.1923076923076923 0.1313100961538461
0 0.2788461538461538 0.6826923076923077 0.091045673076923 0.0766225961538461
0 0.3509615384615384 0.6586538461538461 0.41796875 0.3374399038461538
0 0.6189903846153846 0.8798076923076923 0.1460336538461538 0.094951923076923
0 0.6201923076923077 0.734375 0.126201923076923 0.1799879807692307
0 0.0865384615384615 0.6947115384615384 0.1156850961538461 0.2445913461538461
0 0.2475961538461538 0.2331730769230769 0.2307692307692307 0.2025240384615384
0 0.0853365384615384 0.2319711538461538 0.1135817307692307 0.1709735576923076
0 0.3473557692307692 0.3629807692307692 0.40234375 0.1451322115384615
0 0.7139423076923077 0.3641826923076923 0.1974158653846154 0.0745192307692307
0 0.4783653846153846 0.2728365384615384 0.2779447115384615 0.2761418269230769
