0 0.219951923076923 0.2740384615384615 0.1902043269230769 0.1304086538461538
0 0.3557692307692308 0.3713942307692308 0.1775841346153846 0.1042668269230769
0 0.3798076923076923 0.265625 0.1192908653846153 0.09375
0 0.1935096153846154 0.4771634615384615 0.1667668269230769 0.2713341346153846
0 0.204326923076923 0.7211538461538461 0.1688701923076923 0.0973557692307692
0 0.1947115384615384 0.640625 0.1388221153846154 0.0603966346153846
0 0.3557692307692308 0.546875 0.1881009615384615 0.2484975961538461
0 0.1899038461538461 0.8329326923076923 0.1442307692307692 0.1520432692307692
0 0.6586538461538461 0.1237980769230769 0.3326322115384615 0.1826923076923076
0 0.5901442307692307 0.3125 0.1634615384615384 0.2076322115384615
0 0.75 0.3365384615384615 0.1541466346153846 0.2638221153846153
0 0.6658653846153846 0.5456730769230769 0.3170072115384615 0.2448918269230769
