0 0.1237980769230769 0.3040865384615384 0.1890024038461538 0.3004807692307692
0 0.3401442307692308 0.3088942307692308 0.2857572115384615 0.3100961538461538
0 0.0841346153846153 0.5420673076923077 0.0868389423076923 0.1520432692307692
0 0.2992788461538461 0.5408653846153846 0.3524639423076923 0.1592548076923076
0 0.1225961538461538 0.7091346153846154 0.1775841346153846 0.1688701923076923
0 0.1189903846153846 0.8737980769230769 0.1604567307692307 0.1511418269230769
0 0.3461538461538461 0.7920673076923077 0.2986778846153846 0.3524639423076923
0 0.2596153846153846 0.0853365384615384 0.4567307692307692 0.1706730769230769
0 0.7680288461538461 0.0817307692307692 0.4495192307692308 0.1634615384615384
0 0.8173076923076923 0.9002403846153846 0.1237980769230769 0.1168870192307692
0 0.9290865384615384 0.8954326923076923 0.1072716346153846 0.1186899038461538
0 0.7596153846153846 0.4987980769230769 0.4606370192307692 0.6896033653846154
0 0.6526442307692307 0.7908653846153846 0.2334735576923076 0.3365384615384615
