0 0.1237980769230769 0.3221153846153846 0.1778846153846154 0.2983774038461538
0 0.3413461538461538 0.3269230769230769 0.2830528846153846 0.3070913461538461
0 0.0829326923076923 0.5612980769230769 0.1078725961538461 0.1607572115384615
0 0.3004807692307692 0.5612980769230769 0.3659855769230769 0.2139423076923076
0 0.1225961538461538 0.7307692307692307 0.169170673076923 0.1595552884615384
0 0.1177884615384615 0.8978365384615384 0.16796875 0.1586538461538461
0 0.3473557692307692 0.8149038461538461 0.3049879807692308 0.3560697115384615
0 0.2596153846153846 0.094951923076923 0.4663461538461538 0.1899038461538461
0 0.7740384615384616 0.0829326923076923 0.4519230769230769 0.1658653846153846
0 0.8245192307692307 0.924278846153846 0.12109375 0.1153846153846153
0 0.9375 0.919471153846154 0.1018629807692307 0.118389423076923
0 0.7524038461538461 0.5192307692307693 0.4951923076923077 0.7259615384615384
0 0.6574519230769231 0.8137019230769231 0.2665264423076923 0.3572716346153846
