0 0.7632211538461539 0.1129807692307692 0.2133413461538461 0.1541466346153846
0 0.3076923076923077 0.3317307692307692 0.1878004807692307 0.2740384615384615
0 0.1442307692307692 0.3786057692307692 0.1871995192307692 0.3686899038461538
0 0.1117788461538461 0.609375 0.1129807692307692 0.1228966346153846
0 0.1658653846153846 0.7355769230769231 0.2250600961538461 0.2692307692307692
0 0.3100961538461538 0.7956730769230769 0.0916466346153846 0.1310096153846154
0 0.3894230769230769 0.7740384615384616 0.1018629807692307 0.18359375
0 0.3100961538461538 0.3329326923076923 0.2076322115384615 0.2866586538461538
0 0.5384615384615384 0.5600961538461539 0.7608173076923077 0.8368389423076923
0 0.7620192307692307 0.7524038461538461 0.2124399038461538 0.2367788461538461
0 0.7175480769230769 0.5853365384615384 0.1180889423076923 0.2001201923076923
0 0.8088942307692307 0.5625 0.1123798076923077 0.1592548076923076
0 0.3810096153846153 0.9314903846153846 0.2475961538461538 0.1370192307692307
0 0.1923076923076923 0.5865384615384616 0.0712139423076923 0.0537860576923076
