0 0.7692307692307693 0.1081730769230769 0.1977163461538461 0.1298076923076923
0 0.3245192307692308 0.3221153846153846 0.173076923076923 0.2602163461538461
0 0.1658653846153846 0.3665865384615384 0.1929086538461538 0.3626802884615384
0 0.1346153846153846 0.5925480769230769 0.1009615384615384 0.1123798076923077
0 0.1862980769230769 0.7151442307692307 0.2100360576923076 0.2581129807692308
0 0.3269230769230769 0.7740384615384616 0.1003605769230769 0.1355168269230769
0 0.4038461538461538 0.7524038461538461 0.0961538461538461 0.1787860576923076
0 0.3269230769230769 0.3233173076923077 0.1935096153846154 0.2803485576923077
0 0.5492788461538461 0.5444711538461539 0.6508413461538461 0.7478966346153846
0 0.7680288461538461 0.7319711538461539 0.2052283653846154 0.2292668269230769
0 0.7247596153846154 0.5685096153846154 0.1370192307692307 0.2019230769230769
0 0.8137019230769231 0.5456730769230769 0.1039663461538461 0.153545673076923
0 0.3966346153846153 0.9170673076923076 0.2451923076923076 0.1658653846153846
0 0.2139423076923076 0.5697115384615384 0.0712139423076923 0.0582932692307692
