0 0.3605769230769231 0.126201923076923 0.0588942307692307 0.1796875
0 0.7415865384615384 0.3125 0.0405649038461538 0.0775240384615384
0 0.6826923076923077 0.4290865384615384 0.0438701923076923 0.079326923076923
0 0.6959134615384616 0.4879807692307692 0.0459735576923076 0.0567908653846153
0 0.6959134615384616 0.5925480769230769 0.0453725961538461 0.0591947115384615
0 0.6466346153846154 0.6201923076923077 0.0387620192307692 0.067608173076923
0 0.3353365384615384 0.75 0.0432692307692307 0.0712139423076923
0 0.3990384615384615 0.7283653846153846 0.0525841346153846 0.067608173076923
0 0.390625 0.8112980769230769 0.0576923076923076 0.0844350961538461
0 0.390625 0.9387019230769232 0.0546875 0.09375
