0 0.7463942307692307 0.5384615384615384 0.0498798076923076 0.0393629807692307
0 0.7451923076923077 0.5865384615384616 0.048076923076923 0.0297475961538461
0 0.4855769230769231 0.8329326923076923 0.0390625 0.0336538461538461
0 0.5264423076923077 0.7355769230769231 0.0432692307692307 0.0435697115384615
0 0.5264423076923077 0.6730769230769231 0.0435697115384615 0.0438701923076923
0 0.4399038461538461 0.6790865384615384 0.0252403846153846 0.0315504807692307
0 0.4771634615384615 0.6286057692307693 0.0450721153846153 0.0360576923076923
0 0.4723557692307692 0.5348557692307693 0.0318509615384615 0.0306490384615384
0 0.6610576923076923 0.5949519230769231 0.0381610576923076 0.0369591346153846
0 0.6286057692307693 0.5336538461538461 0.05078125 0.0489783653846153
0 0.5096153846153846 0.4951923076923077 0.0336538461538461 0.0300480769230769
0 0.5877403846153846 0.2944711538461538 0.0504807692307692 0.0366586538461538
