0 0.7475961538461539 0.5348557692307693 0.048076923076923 0.0369591346153846
0 0.7463942307692307 0.5841346153846154 0.0456730769230769 0.0288461538461538
0 0.4855769230769231 0.8305288461538461 0.0426682692307692 0.0366586538461538
0 0.5264423076923077 0.7331730769230769 0.0489783653846153 0.0489783653846153
0 0.5264423076923077 0.6706730769230769 0.0435697115384615 0.0471754807692307
0 0.4399038461538461 0.6766826923076923 0.024639423076923 0.0309495192307692
0 0.4771634615384615 0.6262019230769231 0.0432692307692307 0.0354567307692307
0 0.4723557692307692 0.53125 0.0288461538461538 0.024639423076923
0 0.6610576923076923 0.5925480769230769 0.0381610576923076 0.0399639423076923
0 0.6286057692307693 0.5300480769230769 0.0453725961538461 0.0411658653846153
0 0.5096153846153846 0.4927884615384615 0.0294471153846153 0.024639423076923
0 0.5889423076923077 0.2896634615384615 0.0516826923076923 0.0366586538461538
