0 0.2752403846153846 0.1358173076923076 0.0673076923076923 0.0931490384615384
0 0.1959134615384615 0.2295673076923076 0.0546875 0.118389423076923
0 0.3798076923076923 0.4519230769230769 0.0528846153846153 0.0862379807692307
0 0.3798076923076923 0.6033653846153846 0.0582932692307692 0.0955528846153846
0 0.3774038461538461 0.7740384615384616 0.0673076923076923 0.1099759615384615
0 0.3786057692307692 0.9254807692307692 0.048076923076923 0.1057692307692307
0 0.5841346153846154 0.5204326923076923 0.0628004807692307 0.0850360576923077
0 0.6382211538461539 0.609375 0.05078125 0.0865384615384615
0 0.7536057692307693 0.6117788461538461 0.0510817307692307 0.0985576923076923
0 0.8305288461538461 0.5384615384615384 0.0510817307692307 0.0952524038461538
0 0.8305288461538461 0.2391826923076923 0.0450721153846153 0.1039663461538461
0 0.8173076923076923 0.7043269230769231 0.048076923076923 0.0814302884615384
