0 0.6033653846153846 0.625 0.0387620192307692 0.0570913461538461
0 0.6394230769230769 0.6201923076923077 0.0279447115384615 0.0576923076923076
0 0.7043269230769231 0.5612980769230769 0.0282451923076923 0.055889423076923
0 0.6129807692307693 0.0300480769230769 0.0288461538461538 0.0600961538461538
0 0.828125 0.625 0.0405649038461538 0.0570913461538461
0 0.8028846153846154 0.6923076923076923 0.0291466346153846 0.0534855769230769
0 0.6694711538461539 0.8028846153846154 0.0321514423076923 0.0631009615384615
0 0.3209134615384615 0.6298076923076923 0.0318509615384615 0.0576923076923076
0 0.2560096153846153 0.625 0.0309495192307692 0.0579927884615384
0 0.1766826923076923 0.4026442307692308 0.03515625 0.0625
0 0.2283653846153846 0.2920673076923077 0.0348557692307692 0.0447716346153846
0 0.0877403846153846 0.3557692307692308 0.0336538461538461 0.0615985576923076
