0 0.0961538461538461 0.5336538461538461 0.14453125 0.1388221153846154
0 0.1201923076923077 0.7427884615384616 0.0808293269230769 0.0628004807692307
0 0.0973557692307692 0.9014423076923076 0.0504807692307692 0.051983173076923
0 0.2584134615384615 0.5180288461538461 0.0546875 0.05078125
0 0.3389423076923077 0.4771634615384615 0.0778245192307692 0.1057692307692307
0 0.8064903846153846 0.296875 0.098858173076923 0.083233173076923
0 0.703125 0.5697115384615384 0.1042668269230769 0.0709134615384615
0 0.5697115384615384 0.7487980769230769 0.087139423076923 0.1024639423076923
0 0.4038461538461538 0.8269230769230769 0.0904447115384615 0.0718149038461538
0 0.4242788461538461 0.9254807692307692 0.079326923076923 0.1490384615384615
0 0.4362980769230769 0.2379807692307692 0.0546875 0.0576923076923076
0 0.4182692307692308 0.2824519230769231 0.067608173076923 0.0561899038461538
