0 0.7367788461538461 0.0829326923076923 0.0700120192307692 0.1508413461538461
0 0.7379807692307693 0.4314903846153846 0.0625 0.0751201923076923
0 0.671875 0.3966346153846153 0.0694110576923077 0.0573918269230769
0 0.8088942307692307 0.4338942307692308 0.0691105769230769 0.0796274038461538
0 0.919471153846154 0.5793269230769231 0.059795673076923 0.0826322115384615
0 0.4158653846153846 0.5420673076923077 0.0634014423076923 0.079326923076923
0 0.3004807692307692 0.5408653846153846 0.063701923076923 0.0775240384615384
0 0.203125 0.4747596153846153 0.0609975961538461 0.0600961538461538
0 0.2295673076923076 0.6225961538461539 0.0799278846153846 0.08203125
0 0.2992788461538461 0.7223557692307693 0.0751201923076923 0.0817307692307692
0 0.3028846153846153 0.875 0.0904447115384615 0.1009615384615384
0 0.7800480769230769 0.8377403846153846 0.0991586538461538 0.1658653846153846
