0 0.7211538461538461 0.0721153846153846 0.05859375 0.1442307692307692
0 0.7223557692307693 0.4182692307692308 0.0721153846153846 0.0853365384615384
0 0.65625 0.3846153846153846 0.0712139423076923 0.0579927884615384
0 0.7920673076923077 0.4206730769230769 0.0721153846153846 0.0814302884615384
0 0.903846153846154 0.5661057692307693 0.067608173076923 0.0850360576923077
0 0.4002403846153846 0.5288461538461539 0.0609975961538461 0.0775240384615384
0 0.2848557692307692 0.5288461538461539 0.0697115384615384 0.0823317307692307
0 0.1875 0.4615384615384615 0.05859375 0.0582932692307692
0 0.2139423076923076 0.609375 0.0811298076923077 0.0796274038461538
0 0.2836538461538461 0.7091346153846154 0.071514423076923 0.0769230769230769
0 0.2872596153846153 0.8617788461538461 0.0886418269230769 0.1009615384615384
0 0.7644230769230769 0.8257211538461539 0.0955528846153846 0.165264423076923
