0 0.2007211538461538 0.3533653846153846 0.3106971153846153 0.1781850961538461
0 0.265625 0.640625 0.4630408653846153 0.4630408653846153
0 0.1189903846153846 0.8112980769230769 0.1231971153846153 0.0751201923076923
0 0.1117788461538461 0.9170673076923076 0.1394230769230769 0.1087740384615384
0 0.2319711538461538 0.7944711538461539 0.0643028846153846 0.0655048076923077
0 0.2331730769230769 0.8786057692307693 0.0612980769230769 0.0609975961538461
0 0.2055288461538461 0.935096153846154 0.0646033653846153 0.0438701923076923
0 0.7307692307692307 0.6971153846153846 0.0615985576923076 0.0573918269230769
0 0.8052884615384616 0.6959134615384616 0.0670072115384615 0.0603966346153846
0 0.2944711538461538 0.4074519230769231 0.0694110576923077 0.0646033653846153
0 0.157451923076923 0.7932692307692307 0.059795673076923 0.0474759615384615
