0 0.3257211538461538 0.875 0.0748197115384615 0.05859375
0 0.3064903846153846 0.7463942307692307 0.0835336538461538 0.0799278846153846
0 0.3016826923076923 0.6201923076923077 0.0504807692307692 0.0582932692307692
0 0.3389423076923077 0.6081730769230769 0.0576923076923076 0.0615985576923076
0 0.3413461538461538 0.5432692307692307 0.0486778846153846 0.0483774038461538
0 0.3449519230769231 0.4002403846153846 0.0552884615384615 0.05078125
0 0.2379807692307692 0.1298076923076923 0.0721153846153846 0.1198918269230769
0 0.7235576923076923 0.1334134615384615 0.0811298076923077 0.1201923076923077
0 0.7992788461538461 0.34375 0.0549879807692307 0.0522836538461538
0 0.7079326923076923 0.3858173076923077 0.0652043269230769 0.0655048076923077
0 0.6959134615384616 0.4675480769230769 0.0594951923076923 0.0417668269230769
0 0.7608173076923077 0.5168269230769231 0.0688100961538461 0.0576923076923076
0 0.6418269230769231 0.5793269230769231 0.0477764423076923 0.044170673076923
