0 0.3293269230769231 0.8737980769230769 0.087139423076923 0.0706129807692307
0 0.3100961538461538 0.7403846153846154 0.0826322115384615 0.0811298076923077
0 0.3052884615384615 0.6105769230769231 0.0531850961538461 0.0625
0 0.34375 0.5973557692307693 0.0667067307692307 0.0688100961538461
0 0.3461538461538461 0.5300480769230769 0.0489783653846153 0.05078125
0 0.3497596153846153 0.3822115384615384 0.0576923076923076 0.0516826923076923
0 0.2379807692307692 0.1009615384615384 0.0727163461538461 0.1207932692307692
0 0.7439903846153846 0.1033653846153846 0.0697115384615384 0.1192908653846153
0 0.8221153846153846 0.3221153846153846 0.05859375 0.0564903846153846
0 0.7271634615384616 0.3665865384615384 0.0694110576923077 0.0697115384615384
0 0.7139423076923077 0.4507211538461538 0.0618990384615384 0.0432692307692307
0 0.78125 0.5024038461538461 0.0730168269230769 0.0631009615384615
0 0.6574519230769231 0.5673076923076923 0.0432692307692307 0.0390625
