0 0.3149038461538461 0.6574519230769231 0.05859375 0.0796274038461538
0 0.3317307692307692 0.484375 0.0387620192307692 0.0748197115384615
0 0.2463942307692307 0.1911057692307692 0.0694110576923077 0.1463341346153846
0 0.5372596153846154 0.4867788461538461 0.0555889423076923 0.0799278846153846
0 0.4278846153846153 0.6622596153846154 0.0724158653846153 0.08984375
0 0.4783653846153846 0.7884615384615384 0.0631009615384615 0.0730168269230769
0 0.6550480769230769 0.5733173076923077 0.0603966346153846 0.0889423076923077
0 0.7776442307692307 0.5757211538461539 0.0625 0.0706129807692307
0 0.939903846153846 0.546875 0.051983173076923 0.0784254807692307
0 0.9423076923076924 0.7512019230769231 0.0579927884615384 0.0796274038461538
0 0.7175480769230769 0.9435096153846154 0.0625 0.0934495192307692
