0 0.3149038461538461 0.6538461538461539 0.0615985576923076 0.0814302884615384
0 0.3317307692307692 0.4807692307692308 0.0489783653846153 0.0808293269230769
0 0.2463942307692307 0.1850961538461538 0.0688100961538461 0.1481370192307692
0 0.5384615384615384 0.4831730769230769 0.0477764423076923 0.0769230769230769
0 0.4278846153846153 0.6586538461538461 0.0718149038461538 0.0904447115384615
0 0.4795673076923077 0.7860576923076923 0.0576923076923076 0.0682091346153846
0 0.6574519230769231 0.5697115384615384 0.0555889423076923 0.0865384615384615
0 0.7800480769230769 0.5721153846153846 0.0688100961538461 0.0730168269230769
0 0.9435096153846154 0.5432692307692307 0.0495793269230769 0.0760216346153846
0 0.9459134615384616 0.7487980769230769 0.0549879807692307 0.0784254807692307
0 0.7199519230769231 0.9411057692307692 0.0552884615384615 0.0892427884615384
