0 0.3341346153846153 0.484375 0.0763221153846153 0.0603966346153846
0 0.4230769230769231 0.5949519230769231 0.0201322115384615 0.036358173076923
0 0.4759615384615384 0.6430288461538461 0.0249399038461538 0.0384615384615384
0 0.5637019230769231 0.6490384615384616 0.0264423076923076 0.0330528846153846
0 0.5324519230769231 0.6754807692307693 0.0240384615384615 0.028545673076923
0 0.5204326923076923 0.7319711538461539 0.0303485576923076 0.0369591346153846
0 0.5432692307692307 0.7067307692307693 0.0333533653846153 0.0300480769230769
0 0.5901442307692307 0.7103365384615384 0.0321514423076923 0.0432692307692307
0 0.546875 0.7391826923076923 0.0177283653846153 0.0222355769230769
0 0.5360576923076923 0.7692307692307693 0.0297475961538461 0.0297475961538461
0 0.4807692307692308 0.7716346153846154 0.0294471153846153 0.0327524038461538
0 0.4807692307692308 0.8064903846153846 0.024639423076923 0.0270432692307692
0 0.4266826923076923 0.7620192307692307 0.0261418269230769 0.0342548076923076
0 0.4086538461538461 0.7848557692307693 0.0432692307692307 0.040264423076923
0 0.3701923076923077 0.78125 0.0297475961538461 0.0381610576923076
0 0.5769230769230769 0.2824519230769231 0.0339543269230769 0.0456730769230769
0 0.6322115384615384 0.204326923076923 0.0249399038461538 0.0345552884615384
0 0.6334134615384616 0.2692307692307692 0.0270432692307692 0.0375600961538461
0 0.6394230769230769 0.3028846153846153 0.028545673076923 0.0249399038461538
0 0.6262019230769231 0.359375 0.0303485576923076 0.0303485576923076
0 0.3689903846153846 0.2007211538461538 0.0267427884615384 0.0264423076923076
0 0.3786057692307692 0.2391826923076923 0.0225360576923076 0.0321514423076923
0 0.3870192307692308 0.2548076923076923 0.0288461538461538 0.0375600961538461
0 0.4074519230769231 0.2860576923076923 0.0240384615384615 0.0327524038461538
0 0.3810096153846153 0.3221153846153846 0.0264423076923076 0.0327524038461538
0 0.3461538461538461 0.2944711538461538 0.0240384615384615 0.0321514423076923
0 0.3305288461538461 0.2427884615384615 0.0264423076923076 0.0348557692307692
0 0.3076923076923077 0.2836538461538461 0.0201322115384615 0.0201322115384615
0 0.3112980769230769 0.2908653846153846 0.0216346153846153 0.0282451923076923
0 0.3725961538461538 0.3810096153846153 0.0243389423076923 0.03125
0 0.375 0.4158653846153846 0.0333533653846153 0.0432692307692307
0 0.2596153846153846 0.2680288461538461 0.024639423076923 0.0360576923076923
0 0.2283653846153846 0.2716346153846153 0.0297475961538461 0.0342548076923076
0 0.3209134615384615 0.0661057692307692 0.0315504807692307 0.0799278846153846
