0 0.28125 0.2091346153846154 0.0760216346153846 0.0760216346153846
0 0.3858173076923077 0.2367788461538461 0.075420673076923 0.0796274038461538
0 0.2884615384615384 0.4555288461538461 0.0682091346153846 0.0643028846153846
0 0.3918269230769231 0.6346153846153846 0.0615985576923076 0.06640625
0 0.3353365384615384 0.6598557692307693 0.0721153846153846 0.0652043269230769
0 0.188701923076923 0.6346153846153846 0.07421875 0.0856370192307692
0 0.2632211538461538 0.8149038461538461 0.0673076923076923 0.0682091346153846
0 0.2644230769230769 0.9122596153846154 0.0682091346153846 0.0892427884615384
0 0.6658653846153846 0.6334134615384616 0.0486778846153846 0.0802283653846153
0 0.7620192307692307 0.6346153846153846 0.0679086538461538 0.0760216346153846
0 0.8257211538461539 0.5721153846153846 0.0606971153846153 0.0483774038461538
0 0.8269230769230769 0.4831730769230769 0.0826322115384615 0.0718149038461538
0 0.7680288461538461 0.0420673076923076 0.059795673076923 0.0841346153846153
