0 0.7463942307692307 0.9591346153846154 0.15234375 0.067608173076923
0 0.4447115384615384 0.6850961538461539 0.1111778846153846 0.0582932692307692
0 0.4326923076923077 0.6358173076923077 0.12109375 0.0504807692307692
0 0.3185096153846153 0.5528846153846154 0.0892427884615384 0.0387620192307692
0 0.6418269230769231 0.5276442307692307 0.109375 0.0504807692307692
0 0.1790865384615384 0.4326923076923077 0.11328125 0.046875
0 0.2548076923076923 0.4711538461538461 0.0778245192307692 0.0339543269230769
0 0.4086538461538461 0.4266826923076923 0.114483173076923 0.055889423076923
0 0.6105769230769231 0.2019230769230769 0.12109375 0.1006610576923077
0 0.1802884615384615 0.3064903846153846 0.0913461538461538 0.0411658653846153
