0 0.7463942307692307 0.9543269230769232 0.1517427884615384 0.0679086538461538
0 0.4459134615384615 0.6814903846153846 0.1129807692307692 0.0691105769230769
0 0.4350961538461538 0.6322115384615384 0.1195913461538461 0.0438701923076923
0 0.3209134615384615 0.5504807692307693 0.0892427884615384 0.0477764423076923
0 0.6430288461538461 0.5252403846153846 0.1057692307692307 0.0366586538461538
0 0.1814903846153846 0.4290865384615384 0.11328125 0.0504807692307692
0 0.2572115384615384 0.46875 0.0775240384615384 0.0375600961538461
0 0.4098557692307692 0.4242788461538461 0.1138822115384615 0.0528846153846153
0 0.6117788461538461 0.1995192307692307 0.122295673076923 0.0970552884615384
0 0.1826923076923076 0.3040865384615384 0.0907451923076923 0.0513822115384615
