0 0.3269230769230769 0.1286057692307692 0.0390625 0.0405649038461538
0 0.328125 0.1682692307692307 0.0465745192307692 0.0432692307692307
0 0.1478365384615384 0.3569711538461538 0.0399639423076923 0.0504807692307692
0 0.1454326923076923 0.5600961538461539 0.0417668269230769 0.0486778846153846
0 0.2548076923076923 0.6646634615384616 0.0435697115384615 0.0640024038461538
0 0.1995192307692307 0.7896634615384616 0.0435697115384615 0.0688100961538461
0 0.25 0.8810096153846154 0.0625 0.0510817307692307
0 0.3617788461538461 0.6875 0.0450721153846153 0.0570913461538461
0 0.4242788461538461 0.6754807692307693 0.0495793269230769 0.0531850961538461
0 0.3786057692307692 0.8052884615384616 0.036358173076923 0.0471754807692307
0 0.2980769230769231 0.6153846153846154 0.0438701923076923 0.0492788461538461
0 0.6682692307692307 0.2908653846153846 0.0486778846153846 0.0579927884615384
0 0.6935096153846154 0.2235576923076923 0.0543870192307692 0.0679086538461538
0 0.7331730769230769 0.2223557692307692 0.044170673076923 0.0576923076923076
0 0.7319711538461539 0.3701923076923077 0.0456730769230769 0.0573918269230769
0 0.8713942307692307 0.1694711538461538 0.0552884615384615 0.05078125
