0 0.3365384615384615 0.15625 0.0423677884615384 0.0420673076923076
0 0.3365384615384615 0.1947115384615384 0.048076923076923 0.044170673076923
0 0.1634615384615384 0.3774038461538461 0.0342548076923076 0.0444711538461538
0 0.1610576923076923 0.5721153846153846 0.0438701923076923 0.0486778846153846
0 0.2668269230769231 0.6730769230769231 0.0420673076923076 0.0615985576923076
0 0.2127403846153846 0.7932692307692307 0.0417668269230769 0.0670072115384615
0 0.2620192307692308 0.8822115384615384 0.0540865384615384 0.044170673076923
0 0.3689903846153846 0.6959134615384616 0.0453725961538461 0.0555889423076923
0 0.4290865384615384 0.6838942307692307 0.048076923076923 0.0528846153846153
0 0.3858173076923077 0.8100961538461539 0.03125 0.0432692307692307
0 0.3088942307692308 0.6262019230769231 0.0384615384615384 0.0432692307692307
0 0.6658653846153846 0.3125 0.044170673076923 0.0531850961538461
0 0.6899038461538461 0.2475961538461538 0.0528846153846153 0.0673076923076923
0 0.7283653846153846 0.2475961538461538 0.0381610576923076 0.0537860576923076
0 0.7271634615384616 0.3894230769230769 0.0447716346153846 0.0537860576923076
0 0.8617788461538461 0.1959134615384615 0.0498798076923076 0.0459735576923076
