0 0.3209134615384615 0.1610576923076923 0.0456730769230769 0.0435697115384615
0 0.3209134615384615 0.2007211538461538 0.05078125 0.048076923076923
0 0.1430288461538461 0.3882211538461538 0.036358173076923 0.0465745192307692
0 0.140625 0.5877403846153846 0.0495793269230769 0.0513822115384615
0 0.2487980769230769 0.6911057692307693 0.0399639423076923 0.0600961538461538
0 0.1935096153846154 0.8149038461538461 0.0462740384615384 0.0673076923076923
0 0.2439903846153846 0.90625 0.0603966346153846 0.0522836538461538
0 0.3545673076923077 0.7139423076923077 0.0411658653846153 0.0540865384615384
0 0.4158653846153846 0.703125 0.0525841346153846 0.0549879807692307
0 0.3713942307692308 0.8317307692307693 0.0369591346153846 0.0477764423076923
0 0.2920673076923077 0.6430288461538461 0.0453725961538461 0.0501802884615384
0 0.6586538461538461 0.3221153846153846 0.0522836538461538 0.05859375
0 0.6826923076923077 0.2560096153846153 0.0531850961538461 0.0691105769230769
0 0.7223557692307693 0.2548076923076923 0.0360576923076923 0.0528846153846153
0 0.7211538461538461 0.4002403846153846 0.0474759615384615 0.0591947115384615
0 0.859375 0.2019230769230769 0.0555889423076923 0.0528846153846153
