0 0.9254807692307692 0.5865384615384616 0.0525841346153846 0.0673076923076923
0 0.6634615384615384 0.3930288461538461 0.0763221153846153 0.0625
0 0.7704326923076923 0.3978365384615384 0.036358173076923 0.0504807692307692
0 0.8233173076923077 0.3978365384615384 0.0360576923076923 0.0513822115384615
0 0.4146634615384615 0.3125 0.0543870192307692 0.0661057692307692
0 0.4579326923076923 0.3112980769230769 0.0405649038461538 0.0456730769230769
0 0.4771634615384615 0.5 0.0447716346153846 0.06640625
0 0.4795673076923077 0.6670673076923077 0.0411658653846153 0.0555889423076923
0 0.46875 0.5841346153846154 0.0486778846153846 0.0667067307692307
0 0.3641826923076923 0.5805288461538461 0.0405649038461538 0.0600961538461538
0 0.1370192307692307 0.3413461538461538 0.0573918269230769 0.0531850961538461
0 0.3257211538461538 0.3365384615384615 0.05078125 0.0582932692307692
0 0.3257211538461538 0.4014423076923077 0.0513822115384615 0.0615985576923076
0 0.3810096153846153 0.4723557692307692 0.0555889423076923 0.0513822115384615
