0 0.908653846153846 0.578125 0.0489783653846153 0.0646033653846153
0 0.6490384615384616 0.3870192307692308 0.0772235576923077 0.06640625
0 0.7548076923076923 0.3918269230769231 0.0291466346153846 0.0477764423076923
0 0.8076923076923077 0.390625 0.0384615384615384 0.0510817307692307
0 0.4026442307692308 0.3076923076923077 0.0501802884615384 0.0621995192307692
0 0.4447115384615384 0.3052884615384615 0.0387620192307692 0.0435697115384615
0 0.4651442307692308 0.4927884615384615 0.0414663461538461 0.063701923076923
0 0.4663461538461538 0.6586538461538461 0.0477764423076923 0.0588942307692307
0 0.4567307692307692 0.5757211538461539 0.0471754807692307 0.0646033653846153
0 0.3533653846153846 0.5721153846153846 0.0477764423076923 0.0621995192307692
0 0.1274038461538461 0.3353365384615384 0.05859375 0.0555889423076923
0 0.3149038461538461 0.3305288461538461 0.0576923076923076 0.0640024038461538
0 0.3149038461538461 0.3954326923076923 0.0477764423076923 0.0552884615384615
0 0.3689903846153846 0.4651442307692308 0.0561899038461538 0.0528846153846153
