0 0.5372596153846154 0.2247596153846154 0.0600961538461538 0.0751201923076923
0 0.3425480769230769 0.1995192307692307 0.055889423076923 0.0775240384615384
0 0.2415865384615384 0.1862980769230769 0.0649038461538461 0.0673076923076923
0 0.2824519230769231 0.3305288461538461 0.0640024038461538 0.075420673076923
0 0.1754807692307692 0.2848557692307692 0.0570913461538461 0.0706129807692307
0 0.3629807692307692 0.5372596153846154 0.0477764423076923 0.0799278846153846
0 0.2487980769230769 0.8028846153846154 0.0625 0.0721153846153846
0 0.2800480769230769 0.924278846153846 0.0501802884615384 0.0886418269230769
0 0.5348557692307693 0.4795673076923077 0.0555889423076923 0.0751201923076923
0 0.6069711538461539 0.46875 0.0594951923076923 0.0862379807692307
0 0.6802884615384616 0.4663461538461538 0.0625 0.087139423076923
0 0.6887019230769231 0.7451923076923077 0.0498798076923076 0.0724158653846153
0 0.6899038461538461 0.8629807692307693 0.051983173076923 0.0901442307692307
0 0.8737980769230769 0.4026442307692308 0.0465745192307692 0.0721153846153846
