0 0.5384615384615384 0.2247596153846154 0.0576923076923076 0.0745192307692307
0 0.3449519230769231 0.1995192307692307 0.0498798076923076 0.0763221153846153
0 0.2439903846153846 0.1862980769230769 0.0625 0.0649038461538461
0 0.2848557692307692 0.3293269230769231 0.05078125 0.067608173076923
0 0.1778846153846154 0.2836538461538461 0.0628004807692307 0.0760216346153846
0 0.3653846153846153 0.5360576923076923 0.0483774038461538 0.0823317307692307
0 0.2524038461538461 0.7992788461538461 0.0682091346153846 0.0787259615384615
0 0.2824519230769231 0.919471153846154 0.0501802884615384 0.0886418269230769
0 0.5348557692307693 0.4783653846153846 0.059795673076923 0.0772235576923077
0 0.6081730769230769 0.4663461538461538 0.0516826923076923 0.078125
0 0.6814903846153846 0.4639423076923077 0.0546875 0.0826322115384615
0 0.6887019230769231 0.7415865384615384 0.05078125 0.0739182692307692
0 0.6899038461538461 0.8581730769230769 0.0477764423076923 0.0868389423076923
0 0.8725961538461539 0.4014423076923077 0.0444711538461538 0.0718149038461538
