0 0.3064903846153846 0.3533653846153846 0.0625 0.067608173076923
0 0.4338942307692308 0.3557692307692308 0.0600961538461538 0.0573918269230769
0 0.4350961538461538 0.5769230769230769 0.0621995192307692 0.0670072115384615
0 0.40625 0.6995192307692307 0.0615985576923076 0.0621995192307692
0 0.4831730769230769 0.8521634615384616 0.0625 0.0625
0 0.4819711538461538 0.7451923076923077 0.0646033653846153 0.0730168269230769
0 0.5673076923076923 0.5757211538461539 0.0628004807692307 0.0691105769230769
0 0.6778846153846154 0.5745192307692307 0.0769230769230769 0.0579927884615384
0 0.6742788461538461 0.6634615384615384 0.0784254807692307 0.0727163461538461
0 0.7824519230769231 0.6574519230769231 0.0555889423076923 0.0625
0 0.7848557692307693 0.5336538461538461 0.0609975961538461 0.0621995192307692
0 0.8365384615384616 0.5805288461538461 0.0588942307692307 0.0456730769230769
