0 0.3822115384615384 0.3533653846153846 0.1096754807692307 0.0615985576923076
0 0.2067307692307692 0.3617788461538461 0.1099759615384615 0.0691105769230769
0 0.2283653846153846 0.5408653846153846 0.1021634615384615 0.0631009615384615
0 0.4963942307692308 0.4891826923076923 0.1057692307692307 0.0646033653846153
0 0.5024038461538461 0.6069711538461539 0.1159855769230769 0.0649038461538461
0 0.4122596153846153 0.7319711538461539 0.1174879807692307 0.0609975961538461
0 0.5228365384615384 0.8413461538461539 0.1120793269230769 0.0685096153846153
0 0.7487980769230769 0.8413461538461539 0.1078725961538461 0.0679086538461538
0 0.3341346153846153 0.8701923076923077 0.1207932692307692 0.0489783653846153
0 0.5324519230769231 0.1586538461538461 0.11328125 0.0757211538461538
