0 0.3786057692307692 0.3521634615384615 0.110576923076923 0.0555889423076923
0 0.1959134615384615 0.3605769230769231 0.1219951923076923 0.0859375
0 0.219951923076923 0.546875 0.1042668269230769 0.0543870192307692
0 0.4975961538461538 0.4927884615384615 0.109375 0.0537860576923076
0 0.5036057692307693 0.6153846153846154 0.1174879807692307 0.0522836538461538
0 0.4098557692307692 0.7463942307692307 0.1177884615384615 0.0513822115384615
0 0.5252403846153846 0.8581730769230769 0.1216947115384615 0.0829326923076923
0 0.7596153846153846 0.8581730769230769 0.1063701923076923 0.0631009615384615
0 0.3293269230769231 0.8882211538461539 0.125 0.0594951923076923
0 0.5336538461538461 0.1502403846153846 0.1159855769230769 0.0769230769230769
