0 0.3786057692307692 0.3509615384615384 0.1135817307692307 0.0721153846153846
0 0.2019230769230769 0.3581730769230769 0.114483173076923 0.0712139423076923
0 0.2235576923076923 0.5408653846153846 0.1048677884615384 0.0631009615384615
0 0.4951923076923077 0.4867788461538461 0.10546875 0.0576923076923076
0 0.5 0.6069711538461539 0.1198918269230769 0.0706129807692307
0 0.4086538461538461 0.734375 0.1198918269230769 0.0655048076923077
0 0.5216346153846154 0.84375 0.1117788461538461 0.0712139423076923
0 0.75 0.84375 0.1063701923076923 0.0670072115384615
0 0.3305288461538461 0.8725961538461539 0.1180889423076923 0.0432692307692307
0 0.5300480769230769 0.1538461538461538 0.1135817307692307 0.0724158653846153
