0 0.3978365384615384 0.8329326923076923 0.0889423076923077 0.079326923076923
0 0.6045673076923077 0.8329326923076923 0.1030649038461538 0.0985576923076923
0 0.7728365384615384 0.8689903846153846 0.0982572115384615 0.0609975961538461
0 0.7067307692307693 0.703125 0.1048677884615384 0.0787259615384615
0 0.625 0.5492788461538461 0.0922475961538461 0.0646033653846153
0 0.6298076923076923 0.40625 0.1006610576923077 0.0775240384615384
0 0.734375 0.2451923076923076 0.0961538461538461 0.0685096153846153
0 0.8894230769230769 0.2536057692307692 0.091045673076923 0.0748197115384615
0 0.2692307692307692 0.2764423076923077 0.1201923076923077 0.063701923076923
0 0.8725961538461539 0.4723557692307692 0.0760216346153846 0.0640024038461538
