0 0.3990384615384615 0.8317307692307693 0.0877403846153846 0.0769230769230769
0 0.6057692307692307 0.8317307692307693 0.0958533653846153 0.0907451923076923
0 0.7740384615384616 0.8677884615384616 0.0958533653846153 0.0615985576923076
0 0.7079326923076923 0.7019230769230769 0.1042668269230769 0.0769230769230769
0 0.6262019230769231 0.5480769230769231 0.09765625 0.0727163461538461
0 0.6310096153846154 0.4038461538461538 0.1024639423076923 0.0814302884615384
0 0.7355769230769231 0.2415865384615384 0.1009615384615384 0.0745192307692307
0 0.8918269230769231 0.2512019230769231 0.091045673076923 0.0748197115384615
0 0.2692307692307692 0.2740384615384615 0.1195913461538461 0.0631009615384615
0 0.875 0.4699519230769231 0.0778245192307692 0.0694110576923077
