0 0.3004807692307692 0.8713942307692307 0.1304086538461538 0.0591947115384615
0 0.5288461538461539 0.8401442307692307 0.1237980769230769 0.0751201923076923
0 0.7848557692307693 0.8353365384615384 0.1126802884615384 0.0640024038461538
0 0.3990384615384615 0.7319711538461539 0.1304086538461538 0.0646033653846153
0 0.4975961538461538 0.6033653846153846 0.1349158653846154 0.0778245192307692
0 0.4951923076923077 0.484375 0.1295072115384615 0.0655048076923077
0 0.3569711538461538 0.3497596153846153 0.1153846153846153 0.0697115384615384
0 0.1526442307692307 0.3569711538461538 0.1328125 0.079326923076923
0 0.1862980769230769 0.5372596153846154 0.110576923076923 0.0576923076923076
0 0.53125 0.1454326923076923 0.1213942307692307 0.0688100961538461
