0 0.3040865384615384 0.875 0.1346153846153846 0.0724158653846153
0 0.53125 0.8425480769230769 0.1201923076923077 0.0697115384615384
0 0.7884615384615384 0.8389423076923077 0.1150841346153846 0.0682091346153846
0 0.4026442307692308 0.734375 0.1346153846153846 0.07421875
0 0.5 0.6069711538461539 0.1337139423076923 0.0688100961538461
0 0.4987980769230769 0.4879807692307692 0.1283052884615384 0.0618990384615384
0 0.3605769230769231 0.3533653846153846 0.1141826923076923 0.0570913461538461
0 0.15625 0.3605769230769231 0.1310096153846154 0.0679086538461538
0 0.1899038461538461 0.5408653846153846 0.1147836538461538 0.0709134615384615
0 0.5336538461538461 0.1490384615384615 0.1201923076923077 0.06640625
