0 0.2115384615384615 0.8713942307692307 0.1147836538461538 0.083233173076923
0 0.4663461538461538 0.8762019230769231 0.1153846153846153 0.0889423076923077
0 0.6105769230769231 0.7632211538461539 0.1246995192307692 0.0555889423076923
0 0.7019230769230769 0.90625 0.1352163461538461 0.0631009615384615
0 0.8317307692307693 0.5697115384615384 0.1102764423076923 0.0489783653846153
0 0.8629807692307693 0.3870192307692308 0.1307091346153846 0.0670072115384615
0 0.6514423076923077 0.3786057692307692 0.1307091346153846 0.055889423076923
0 0.5048076923076923 0.5096153846153846 0.1240985576923077 0.0670072115384615
0 0.5096153846153846 0.6370192307692307 0.126201923076923 0.0573918269230769
0 0.4759615384615384 0.1778846153846154 0.1334134615384615 0.0877403846153846
