0 0.2127403846153846 0.8725961538461539 0.1153846153846153 0.0769230769230769
0 0.4807692307692308 0.8774038461538461 0.1201923076923077 0.091045673076923
0 0.6310096153846154 0.7584134615384616 0.1364182692307692 0.0796274038461538
0 0.7259615384615384 0.9098557692307692 0.1397235576923076 0.0625
0 0.8629807692307693 0.5564903846153846 0.1150841346153846 0.0513822115384615
0 0.8954326923076923 0.3653846153846153 0.1412259615384615 0.0853365384615384
0 0.6742788461538461 0.3569711538461538 0.1412259615384615 0.079326923076923
0 0.5204326923076923 0.4927884615384615 0.1271033653846154 0.0673076923076923
0 0.5252403846153846 0.6274038461538461 0.1361177884615384 0.06640625
0 0.4903846153846153 0.1454326923076923 0.1349158653846154 0.0787259615384615
