0 0.2091346153846154 0.8725961538461539 0.110576923076923 0.0721153846153846
0 0.4651442307692308 0.8774038461538461 0.1087740384615384 0.0769230769230769
0 0.609375 0.7632211538461539 0.1228966346153846 0.0555889423076923
0 0.7019230769230769 0.908653846153846 0.1388221153846154 0.0763221153846153
0 0.8317307692307693 0.5697115384615384 0.1150841346153846 0.067608173076923
0 0.8641826923076923 0.3858173076923077 0.1325120192307692 0.0769230769230769
0 0.6514423076923077 0.3774038461538461 0.1349158653846154 0.0763221153846153
0 0.5036057692307693 0.5084134615384616 0.1228966346153846 0.0745192307692307
0 0.5084134615384616 0.6370192307692307 0.1322115384615384 0.0718149038461538
0 0.4747596153846153 0.1754807692307692 0.1316105769230769 0.0817307692307692
