0 0.5408653846153846 0.1862980769230769 0.1246995192307692 0.1024639423076923
0 0.1682692307692307 0.3377403846153846 0.0952524038461538 0.0646033653846153
0 0.2536057692307692 0.3413461538461538 0.110576923076923 0.0760216346153846
0 0.1754807692307692 0.4651442307692308 0.1021634615384615 0.0736177884615384
0 0.6274038461538461 0.65625 0.1051682692307692 0.0679086538461538
0 0.7896634615384616 0.6550480769230769 0.0946514423076923 0.0706129807692307
0 0.5408653846153846 0.5637019230769231 0.109375 0.075420673076923
0 0.3557692307692308 0.6478365384615384 0.1099759615384615 0.0739182692307692
0 0.53125 0.7584134615384616 0.1021634615384615 0.075420673076923
0 0.53125 0.875 0.1048677884615384 0.0868389423076923
