0 0.5625 0.1502403846153846 0.1246995192307692 0.0991586538461538
0 0.1754807692307692 0.3076923076923077 0.1015625 0.0724158653846153
0 0.2644230769230769 0.3125 0.1114783653846153 0.0724158653846153
0 0.1826923076923076 0.4411057692307692 0.1165865384615384 0.0934495192307692
0 0.6538461538461539 0.6394230769230769 0.106670673076923 0.0712139423076923
0 0.8221153846153846 0.6382211538461539 0.0958533653846153 0.0609975961538461
0 0.5637019230769231 0.5444711538461539 0.1153846153846153 0.083233173076923
0 0.3713942307692308 0.6322115384615384 0.110576923076923 0.0718149038461538
0 0.5540865384615384 0.7463942307692307 0.1168870192307692 0.0892427884615384
0 0.5540865384615384 0.8689903846153846 0.1036658653846153 0.0817307692307692
