0 0.3689903846153846 0.2764423076923077 0.0865384615384615 0.0634014423076923
0 0.2067307692307692 0.5012019230769231 0.087139423076923 0.0673076923076923
0 0.1899038461538461 0.5877403846153846 0.0772235576923077 0.0552884615384615
0 0.2908653846153846 0.5540865384615384 0.0901442307692307 0.0561899038461538
0 0.2163461538461538 0.6887019230769231 0.0766225961538461 0.0658052884615384
0 0.34375 0.6790865384615384 0.0727163461538461 0.0640024038461538
0 0.2019230769230769 0.8233173076923077 0.0808293269230769 0.0603966346153846
0 0.2007211538461538 0.9627403846153846 0.09375 0.0745192307692307
0 0.6502403846153846 0.7608173076923077 0.102764423076923 0.1376201923076923
0 0.8245192307692307 0.2788461538461538 0.08203125 0.0724158653846153
