0 0.3605769230769231 0.2824519230769231 0.0865384615384615 0.0600961538461538
0 0.1947115384615384 0.5132211538461539 0.0913461538461538 0.0706129807692307
0 0.1766826923076923 0.6021634615384616 0.0799278846153846 0.0591947115384615
0 0.28125 0.5673076923076923 0.0913461538461538 0.0534855769230769
0 0.204326923076923 0.7055288461538461 0.0772235576923077 0.0649038461538461
0 0.3353365384615384 0.6959134615384616 0.0751201923076923 0.0643028846153846
0 0.1899038461538461 0.84375 0.087139423076923 0.0709134615384615
0 0.188701923076923 0.9735576923076924 0.0889423076923077 0.0528846153846153
0 0.6502403846153846 0.7800480769230769 0.1033653846153846 0.1415264423076923
0 0.828125 0.2848557692307692 0.0946514423076923 0.0883413461538461
