0 0.3762019230769231 0.2824519230769231 0.08984375 0.0721153846153846
0 0.2127403846153846 0.5084134615384616 0.0886418269230769 0.0691105769230769
0 0.1947115384615384 0.5961538461538461 0.0760216346153846 0.048076923076923
0 0.296875 0.5625 0.0934495192307692 0.0621995192307692
0 0.2211538461538461 0.6983173076923077 0.0757211538461538 0.0609975961538461
0 0.3497596153846153 0.6887019230769231 0.0736177884615384 0.0643028846153846
0 0.2079326923076923 0.8341346153846154 0.0844350961538461 0.0673076923076923
0 0.2079326923076923 0.9699519230769232 0.0889423076923077 0.0600961538461538
0 0.6598557692307693 0.7716346153846154 0.0931490384615384 0.1355168269230769
0 0.8365384615384616 0.2836538461538461 0.0961538461538461 0.0868389423076923
