0 0.2884615384615384 0.4579326923076923 0.0769230769230769 0.0600961538461538
0 0.6177884615384616 0.2067307692307692 0.0952524038461538 0.0772235576923077
0 0.1201923076923077 0.2091346153846154 0.1060697115384615 0.0775240384615384
0 0.203125 0.5168269230769231 0.1087740384615384 0.0856370192307692
0 0.1526442307692307 0.6550480769230769 0.0835336538461538 0.0703125
0 0.157451923076923 0.8052884615384616 0.0796274038461538 0.0670072115384615
0 0.2860576923076923 0.6730769230769231 0.087139423076923 0.0727163461538461
0 0.3125 0.5576923076923077 0.0853365384615384 0.0661057692307692
0 0.3016826923076923 0.8149038461538461 0.0694110576923077 0.0573918269230769
0 0.3004807692307692 0.9675480769230768 0.0817307692307692 0.0649038461538461
0 0.7932692307692307 0.7524038461538461 0.1051682692307692 0.1388221153846154
