0 0.2752403846153846 0.4771634615384615 0.083233173076923 0.0652043269230769
0 0.6081730769230769 0.2247596153846154 0.0970552884615384 0.0838341346153846
0 0.1069711538461538 0.2259615384615384 0.1087740384615384 0.08203125
0 0.1899038461538461 0.5360576923076923 0.1012620192307692 0.067608173076923
0 0.1394230769230769 0.6742788461538461 0.0856370192307692 0.0739182692307692
0 0.1442307692307692 0.8257211538461539 0.078125 0.0655048076923077
0 0.2740384615384615 0.6935096153846154 0.0775240384615384 0.0643028846153846
0 0.3004807692307692 0.5769230769230769 0.0865384615384615 0.0667067307692307
0 0.2884615384615384 0.8365384615384616 0.0757211538461538 0.06640625
0 0.2884615384615384 0.9771634615384616 0.0817307692307692 0.0456730769230769
0 0.7836538461538461 0.7728365384615384 0.1048677884615384 0.13671875
