0 0.8557692307692307 0.8737980769230769 0.0772235576923077 0.0979567307692307
0 0.5228365384615384 0.8653846153846154 0.0652043269230769 0.0856370192307692
0 0.4314903846153846 0.7115384615384616 0.0694110576923077 0.08203125
0 0.4879807692307692 0.6286057692307693 0.0612980769230769 0.0838341346153846
0 0.5228365384615384 0.7151442307692307 0.0652043269230769 0.0787259615384615
0 0.6298076923076923 0.7199519230769231 0.0489783653846153 0.0658052884615384
0 0.6814903846153846 0.7091346153846154 0.055889423076923 0.0808293269230769
0 0.7764423076923077 0.5757211538461539 0.0516826923076923 0.0625
0 0.6418269230769231 0.5733173076923077 0.0570913461538461 0.0688100961538461
0 0.2163461538461538 0.5300480769230769 0.0673076923076923 0.0850360576923077
0 0.2271634615384615 0.0985576923076923 0.0600961538461538 0.0727163461538461
0 0.7235576923076923 0.2776442307692308 0.1240985576923077 0.0943509615384615
