0 0.8858173076923077 0.8978365384615384 0.0787259615384615 0.0982572115384615
0 0.5456730769230769 0.8882211538461539 0.0540865384615384 0.0799278846153846
0 0.453125 0.7307692307692307 0.0703125 0.0856370192307692
0 0.5108173076923077 0.6466346153846154 0.0603966346153846 0.0859375
0 0.5456730769230769 0.7355769230769231 0.0625 0.0766225961538461
0 0.6550480769230769 0.7403846153846154 0.0594951923076923 0.0721153846153846
0 0.7091346153846154 0.7283653846153846 0.06640625 0.0865384615384615
0 0.8052884615384616 0.5925480769230769 0.0525841346153846 0.0640024038461538
0 0.6682692307692307 0.5901442307692307 0.067608173076923 0.0751201923076923
0 0.234375 0.5456730769230769 0.0652043269230769 0.0868389423076923
0 0.2439903846153846 0.1057692307692307 0.0688100961538461 0.0817307692307692
0 0.7512019230769231 0.2872596153846153 0.1225961538461538 0.0889423076923077
