0 0.8689903846153846 0.8762019230769231 0.0700120192307692 0.0943509615384615
0 0.5276442307692307 0.8677884615384616 0.0691105769230769 0.087139423076923
0 0.4338942307692308 0.7091346153846154 0.0703125 0.0856370192307692
0 0.4915865384615384 0.6237980769230769 0.0513822115384615 0.0799278846153846
0 0.5276442307692307 0.7127403846153846 0.0721153846153846 0.0847355769230769
0 0.6370192307692307 0.7175480769230769 0.0534855769230769 0.0691105769230769
0 0.6911057692307693 0.7067307692307693 0.0561899038461538 0.078125
0 0.7884615384615384 0.5697115384615384 0.0534855769230769 0.06640625
0 0.6490384615384616 0.5661057692307693 0.0682091346153846 0.0784254807692307
0 0.2127403846153846 0.5216346153846154 0.0694110576923077 0.0874399038461538
0 0.2235576923076923 0.079326923076923 0.0615985576923076 0.0733173076923077
0 0.734375 0.2632211538461538 0.118389423076923 0.0841346153846153
