0 0.8737980769230769 0.1694711538461538 0.0934495192307692 0.0889423076923077
0 0.3858173076923077 0.1694711538461538 0.0886418269230769 0.0787259615384615
0 0.2247596153846154 0.4170673076923077 0.083233173076923 0.0748197115384615
0 0.2019230769230769 0.5168269230769231 0.078125 0.0486778846153846
0 0.3112980769230769 0.4795673076923077 0.1009615384615384 0.0748197115384615
0 0.2331730769230769 0.6262019230769231 0.0829326923076923 0.0700120192307692
0 0.3581730769230769 0.609375 0.0817307692307692 0.0591947115384615
0 0.2139423076923076 0.7680288461538461 0.0817307692307692 0.055889423076923
0 0.3545673076923077 0.7524038461538461 0.0796274038461538 0.0709134615384615
0 0.2055288461538461 0.921875 0.0817307692307692 0.0603966346153846
0 0.6911057692307693 0.6983173076923077 0.0841346153846153 0.1219951923076923
