0 0.0733173076923077 0.924278846153846 0.075420673076923 0.1042668269230769
0 0.15625 0.7379807692307693 0.0733173076923077 0.0826322115384615
0 0.3161057692307692 0.7199519230769231 0.0748197115384615 0.1009615384615384
0 0.4338942307692308 0.7439903846153846 0.0706129807692307 0.0889423076923077
0 0.5492788461538461 0.7259615384615384 0.0799278846153846 0.0853365384615384
0 0.4795673076923077 0.6382211538461539 0.0700120192307692 0.0928485576923077
0 0.3293269230769231 0.5841346153846154 0.0814302884615384 0.0952524038461538
0 0.1646634615384615 0.5829326923076923 0.0625 0.0769230769230769
0 0.2019230769230769 0.2752403846153846 0.0682091346153846 0.0946514423076923
0 0.2680288461538461 0.2764423076923077 0.0721153846153846 0.0913461538461538
0 0.8257211538461539 0.0865384615384615 0.0751201923076923 0.0775240384615384
0 0.8149038461538461 0.546875 0.0904447115384615 0.0994591346153846
