0 0.5769230769230769 0.1189903846153846 0.1358173076923076 0.055889423076923
0 0.2079326923076923 0.1141826923076923 0.0640024038461538 0.0384615384615384
0 0.2151442307692307 0.1586538461538461 0.0787259615384615 0.0474759615384615
0 0.2896634615384615 0.1622596153846154 0.0459735576923076 0.0306490384615384
0 0.2127403846153846 0.2451923076923076 0.05078125 0.0330528846153846
0 0.2475961538461538 0.6526442307692307 0.0904447115384615 0.098858173076923
0 0.3665865384615384 0.6117788461538461 0.0549879807692307 0.05078125
0 0.4230769230769231 0.6153846153846154 0.0567908653846153 0.0342548076923076
0 0.4915865384615384 0.6153846153846154 0.0459735576923076 0.0330528846153846
0 0.4266826923076923 0.6574519230769231 0.0658052884615384 0.036358173076923
0 0.515625 0.7199519230769231 0.0603966346153846 0.0543870192307692
0 0.4146634615384615 0.8137019230769231 0.0748197115384615 0.0643028846153846
0 0.3112980769230769 0.8125 0.0688100961538461 0.0618990384615384
0 0.3100961538461538 0.7331730769230769 0.0724158653846153 0.0483774038461538
