0 0.5733173076923077 0.1225961538461538 0.1331129807692307 0.0573918269230769
0 0.2115384615384615 0.1177884615384615 0.0618990384615384 0.0387620192307692
0 0.21875 0.1622596153846154 0.0760216346153846 0.0405649038461538
0 0.2908653846153846 0.1658653846153846 0.0435697115384615 0.0249399038461538
0 0.2163461538461538 0.2463942307692307 0.048076923076923 0.0309495192307692
0 0.25 0.6454326923076923 0.0913461538461538 0.0994591346153846
0 0.3665865384615384 0.6057692307692307 0.0504807692307692 0.0474759615384615
0 0.4230769230769231 0.609375 0.0534855769230769 0.0354567307692307
0 0.4891826923076923 0.609375 0.0459735576923076 0.0354567307692307
0 0.4266826923076923 0.6502403846153846 0.0643028846153846 0.0306490384615384
0 0.5120192307692307 0.7115384615384616 0.0582932692307692 0.0534855769230769
0 0.4146634615384615 0.8028846153846154 0.0745192307692307 0.0628004807692307
0 0.3137019230769231 0.8016826923076923 0.0673076923076923 0.0603966346153846
0 0.3112980769230769 0.7247596153846154 0.0739182692307692 0.0504807692307692
