0 0.4915865384615384 0.1213942307692307 0.0495793269230769 0.0462740384615384
0 0.6430288461538461 0.141826923076923 0.0688100961538461 0.0516826923076923
0 0.6346153846153846 0.1875 0.0628004807692307 0.0432692307692307
0 0.4242788461538461 0.5384615384615384 0.0513822115384615 0.04296875
0 0.5697115384615384 0.5252403846153846 0.0621995192307692 0.0501802884615384
0 0.640625 0.5444711538461539 0.0450721153846153 0.036358173076923
0 0.6875 0.5420673076923077 0.048076923076923 0.0360576923076923
0 0.7091346153846154 0.4290865384615384 0.0525841346153846 0.0405649038461538
0 0.7163461538461539 0.4711538461538461 0.0489783653846153 0.0489783653846153
0 0.8461538461538461 0.4483173076923077 0.0492788461538461 0.0495793269230769
0 0.8100961538461539 0.5192307692307693 0.0525841346153846 0.0438701923076923
0 0.8173076923076923 0.5769230769230769 0.0621995192307692 0.0483774038461538
0 0.8713942307692307 0.9098557692307692 0.1421274038461538 0.0880408653846153
0 0.4375 0.8389423076923077 0.06640625 0.0540865384615384
0 0.6129807692307693 0.6887019230769231 0.0525841346153846 0.0411658653846153
0 0.5612980769230769 0.7247596153846154 0.0510817307692307 0.0510817307692307
0 0.4350961538461538 0.7608173076923077 0.0631009615384615 0.059795673076923
0 0.1442307692307692 0.5444711538461539 0.10546875 0.07421875
