0 0.2415865384615384 0.1682692307692307 0.083233173076923 0.071514423076923
0 0.5384615384615384 0.1670673076923076 0.0955528846153846 0.0784254807692307
0 0.4879807692307692 0.6129807692307693 0.0865384615384615 0.0709134615384615
0 0.6394230769230769 0.71875 0.1018629807692307 0.067608173076923
0 0.6694711538461539 0.6237980769230769 0.0603966346153846 0.05078125
0 0.4963942307692308 0.8713942307692307 0.0931490384615384 0.083233173076923
0 0.5276442307692307 0.9314903846153846 0.09375 0.0528846153846153
0 0.2463942307692307 0.4170673076923077 0.0784254807692307 0.0646033653846153
0 0.3245192307692308 0.3317307692307692 0.0964543269230769 0.0682091346153846
0 0.2391826923076923 0.5120192307692307 0.0895432692307692 0.0733173076923077
0 0.4110576923076923 0.6875 0.0916466346153846 0.0730168269230769
