0 0.3209134615384615 0.0853365384615384 0.0453725961538461 0.1075721153846153
0 0.1875 0.3100961538461538 0.0342548076923076 0.0471754807692307
0 0.2824519230769231 0.3185096153846153 0.0270432692307692 0.0360576923076923
0 0.126201923076923 0.4110576923076923 0.0405649038461538 0.0567908653846153
0 0.1790865384615384 0.4098557692307692 0.0369591346153846 0.05078125
0 0.3569711538461538 0.5480769230769231 0.0336538461538461 0.0531850961538461
0 0.7307692307692307 0.1117788461538461 0.0492788461538461 0.05078125
0 0.8581730769230769 0.1490384615384615 0.0390625 0.04296875
0 0.7680288461538461 0.2475961538461538 0.0309495192307692 0.0426682692307692
0 0.7644230769230769 0.3112980769230769 0.0336538461538461 0.048076923076923
0 0.7439903846153846 0.3581730769230769 0.0354567307692307 0.0438701923076923
0 0.8605769230769231 0.3665865384615384 0.0435697115384615 0.0453725961538461
0 0.8990384615384616 0.6009615384615384 0.0390625 0.0288461538461538
0 0.7704326923076923 0.7295673076923077 0.03515625 0.0384615384615384
0 0.8894230769230769 0.7620192307692307 0.0477764423076923 0.0393629807692307
0 0.5625 0.7067307692307693 0.0525841346153846 0.046875
0 0.6153846153846154 0.6838942307692307 0.0345552884615384 0.0510817307692307
0 0.5985576923076923 0.7824519230769231 0.0390625 0.0504807692307692
0 0.453125 0.7848557692307693 0.0399639423076923 0.0453725961538461
0 0.4098557692307692 0.8076923076923077 0.0405649038461538 0.0522836538461538
0 0.5120192307692307 0.8737980769230769 0.0375600961538461 0.0369591346153846
