0 0.3401442307692308 0.0745192307692307 0.0606971153846153 0.1057692307692307
0 0.2079326923076923 0.2932692307692308 0.0318509615384615 0.0432692307692307
0 0.3016826923076923 0.3028846153846153 0.0288461538461538 0.0345552884615384
0 0.1490384615384615 0.3930288461538461 0.0423677884615384 0.0546875
0 0.2007211538461538 0.3918269230769231 0.0354567307692307 0.048076923076923
0 0.375 0.5276442307692307 0.0375600961538461 0.0552884615384615
0 0.7403846153846154 0.0997596153846153 0.0531850961538461 0.0528846153846153
0 0.8653846153846154 0.1370192307692307 0.0345552884615384 0.0384615384615384
0 0.7764423076923077 0.2331730769230769 0.0336538461538461 0.0438701923076923
0 0.7740384615384616 0.2956730769230769 0.0393629807692307 0.051983173076923
0 0.7536057692307693 0.3401442307692308 0.03515625 0.0417668269230769
0 0.8665865384615384 0.3497596153846153 0.040264423076923 0.0414663461538461
0 0.9050480769230768 0.578125 0.0405649038461538 0.0288461538461538
0 0.7788461538461539 0.7043269230769231 0.0339543269230769 0.0348557692307692
0 0.8954326923076923 0.7355769230769231 0.0408653846153846 0.0300480769230769
0 0.5757211538461539 0.6814903846153846 0.0504807692307692 0.0459735576923076
0 0.6274038461538461 0.6598557692307693 0.0297475961538461 0.0465745192307692
0 0.6117788461538461 0.7560096153846154 0.03515625 0.0465745192307692
0 0.46875 0.7584134615384616 0.0375600961538461 0.0432692307692307
0 0.4266826923076923 0.78125 0.0369591346153846 0.0489783653846153
0 0.5264423076923077 0.8461538461538461 0.0378605769230769 0.0378605769230769
