0 0.110576923076923 0.5204326923076923 0.0432692307692307 0.0655048076923077
0 0.3774038461538461 0.2415865384615384 0.0474759615384615 0.0384615384615384
0 0.3882211538461538 0.3125 0.0408653846153846 0.0588942307692307
0 0.3786057692307692 0.3725961538461538 0.0456730769230769 0.0477764423076923
0 0.375 0.4362980769230769 0.0390625 0.0498798076923076
0 0.4819711538461538 0.3569711538461538 0.0513822115384615 0.0649038461538461
0 0.5360576923076923 0.3629807692307692 0.0628004807692307 0.0709134615384615
0 0.4951923076923077 0.4591346153846153 0.0564903846153846 0.0766225961538461
0 0.5877403846153846 0.3004807692307692 0.0414663461538461 0.0811298076923077
0 0.6646634615384616 0.2980769230769231 0.0447716346153846 0.0826322115384615
0 0.6237980769230769 0.3449519230769231 0.0216346153846153 0.0267427884615384
0 0.6622596153846154 0.4086538461538461 0.0336538461538461 0.0537860576923076
0 0.8149038461538461 0.3028846153846153 0.048076923076923 0.0628004807692307
0 0.828125 0.3701923076923077 0.0417668269230769 0.0483774038461538
0 0.9170673076923076 0.453125 0.0462740384615384 0.0625
0 0.8209134615384616 0.4627403846153846 0.0456730769230769 0.0784254807692307
0 0.7788461538461539 0.7139423076923077 0.0432692307692307 0.0525841346153846
0 0.9278846153846154 0.6490384615384616 0.046875 0.0718149038461538
