0 0.109375 0.5300480769230769 0.048076923076923 0.0691105769230769
0 0.3774038461538461 0.25 0.0438701923076923 0.0336538461538461
0 0.3870192307692308 0.3209134615384615 0.0426682692307692 0.0594951923076923
0 0.3774038461538461 0.3822115384615384 0.0426682692307692 0.0435697115384615
0 0.3737980769230769 0.4447115384615384 0.0432692307692307 0.0528846153846153
0 0.4807692307692308 0.3653846153846153 0.044170673076923 0.0582932692307692
0 0.5348557692307693 0.3713942307692308 0.0640024038461538 0.0697115384615384
0 0.4939903846153846 0.4675480769230769 0.0498798076923076 0.0736177884615384
0 0.5865384615384616 0.3088942307692308 0.0492788461538461 0.0835336538461538
0 0.6634615384615384 0.3064903846153846 0.0435697115384615 0.083233173076923
0 0.6225961538461539 0.3533653846153846 0.0234375 0.0279447115384615
0 0.6622596153846154 0.4170673076923077 0.03125 0.0513822115384615
0 0.8149038461538461 0.3112980769230769 0.048076923076923 0.0646033653846153
0 0.8269230769230769 0.3786057692307692 0.0393629807692307 0.0465745192307692
0 0.9170673076923076 0.4615384615384615 0.0408653846153846 0.0588942307692307
0 0.8197115384615384 0.4711538461538461 0.0432692307692307 0.0760216346153846
0 0.7776442307692307 0.7223557692307693 0.0432692307692307 0.05078125
0 0.9266826923076924 0.6574519230769231 0.040264423076923 0.0706129807692307
