0 0.0805288461538461 0.5276442307692307 0.0501802884615384 0.0694110576923077
0 0.3557692307692308 0.2415865384615384 0.046875 0.0357572115384615
0 0.3653846153846153 0.3149038461538461 0.04296875 0.0615985576923076
0 0.3557692307692308 0.3762019230769231 0.0483774038461538 0.0510817307692307
0 0.3521634615384615 0.4411057692307692 0.0447716346153846 0.0543870192307692
0 0.4615384615384615 0.359375 0.0564903846153846 0.0658052884615384
0 0.5180288461538461 0.3653846153846153 0.0606971153846153 0.067608173076923
0 0.4747596153846153 0.4651442307692308 0.0561899038461538 0.0790264423076923
0 0.5709134615384616 0.3016826923076923 0.0549879807692307 0.0847355769230769
0 0.6490384615384616 0.2992788461538461 0.0384615384615384 0.0838341346153846
0 0.6081730769230769 0.3473557692307692 0.0201322115384615 0.0267427884615384
0 0.6478365384615384 0.4122596153846153 0.0354567307692307 0.0561899038461538
0 0.8040865384615384 0.3040865384615384 0.0414663461538461 0.0606971153846153
0 0.8173076923076923 0.3725961538461538 0.0390625 0.0444711538461538
0 0.9098557692307692 0.4579326923076923 0.0465745192307692 0.0646033653846153
0 0.8100961538461539 0.46875 0.0471754807692307 0.0769230769230769
0 0.7668269230769231 0.7259615384615384 0.051983173076923 0.0576923076923076
0 0.919471153846154 0.6598557692307693 0.0360576923076923 0.0703125
