0 0.6598557692307693 0.890625 0.0414663461538461 0.0706129807692307
0 0.6574519230769231 0.8004807692307693 0.0417668269230769 0.0631009615384615
0 0.8004807692307693 0.6838942307692307 0.0423677884615384 0.0658052884615384
0 0.8461538461538461 0.6826923076923077 0.0297475961538461 0.0528846153846153
0 0.8533653846153846 0.6262019230769231 0.048076923076923 0.0552884615384615
0 0.8485576923076923 0.5012019230769231 0.0393629807692307 0.0640024038461538
0 0.6574519230769231 0.2163461538461538 0.036358173076923 0.0576923076923076
0 0.3329326923076923 0.2824519230769231 0.0411658653846153 0.0465745192307692
0 0.1658653846153846 0.5360576923076923 0.0381610576923076 0.05859375
0 0.1526442307692307 0.5528846153846154 0.0528846153846153 0.0625
0 0.3317307692307692 0.6057692307692307 0.0387620192307692 0.0432692307692307
0 0.3677884615384615 0.4723557692307692 0.0390625 0.0504807692307692
0 0.2163461538461538 0.6622596153846154 0.0375600961538461 0.055889423076923
0 0.1706730769230769 0.6598557692307693 0.044170673076923 0.0688100961538461
0 0.1430288461538461 0.6814903846153846 0.0309495192307692 0.048076923076923
0 0.0576923076923076 0.7199519230769231 0.0297475961538461 0.0447716346153846
