0 0.6550480769230769 0.890625 0.0384615384615384 0.0700120192307692
0 0.6526442307692307 0.7992788461538461 0.0369591346153846 0.0606971153846153
0 0.796875 0.6814903846153846 0.0456730769230769 0.0691105769230769
0 0.84375 0.6802884615384616 0.0387620192307692 0.0573918269230769
0 0.8509615384615384 0.6237980769230769 0.0390625 0.0504807692307692
0 0.8461538461538461 0.4963942307692308 0.0384615384615384 0.0609975961538461
0 0.6526442307692307 0.2091346153846154 0.0447716346153846 0.0621995192307692
0 0.3245192307692308 0.2752403846153846 0.0387620192307692 0.0459735576923076
0 0.157451923076923 0.53125 0.0414663461538461 0.0618990384615384
0 0.1430288461538461 0.5492788461538461 0.0462740384615384 0.059795673076923
0 0.3233173076923077 0.6021634615384616 0.040264423076923 0.0453725961538461
0 0.3605769230769231 0.4675480769230769 0.0345552884615384 0.0462740384615384
0 0.2067307692307692 0.6598557692307693 0.0375600961538461 0.055889423076923
0 0.1610576923076923 0.6574519230769231 0.0393629807692307 0.0658052884615384
0 0.1334134615384615 0.6790865384615384 0.0321514423076923 0.048076923076923
0 0.046875 0.7175480769230769 0.0255408653846153 0.0417668269230769
