0 0.6598557692307693 0.8930288461538461 0.0432692307692307 0.0706129807692307
0 0.6574519230769231 0.8016826923076923 0.0459735576923076 0.0643028846153846
0 0.8016826923076923 0.6838942307692307 0.0414663461538461 0.0658052884615384
0 0.8473557692307693 0.6838942307692307 0.0315504807692307 0.0546875
0 0.8545673076923077 0.6274038461538461 0.0414663461538461 0.0522836538461538
0 0.8497596153846154 0.5012019230769231 0.0354567307692307 0.059795673076923
0 0.6574519230769231 0.2151442307692307 0.0405649038461538 0.0603966346153846
0 0.3317307692307692 0.28125 0.0471754807692307 0.0525841346153846
0 0.1646634615384615 0.5360576923076923 0.0414663461538461 0.0615985576923076
0 0.1502403846153846 0.5540865384615384 0.0498798076923076 0.0609975961538461
0 0.3293269230769231 0.6057692307692307 0.0390625 0.0435697115384615
0 0.3665865384615384 0.4723557692307692 0.0384615384615384 0.0498798076923076
0 0.2139423076923076 0.6622596153846154 0.0393629807692307 0.0576923076923076
0 0.1682692307692307 0.6610576923076923 0.0393629807692307 0.06640625
0 0.140625 0.6826923076923077 0.03515625 0.0486778846153846
0 0.0552884615384615 0.7199519230769231 0.0297475961538461 0.0447716346153846
