0 0.7992788461538461 0.3689903846153846 0.0603966346153846 0.0510817307692307
0 0.7764423076923077 0.203125 0.0516826923076923 0.059795673076923
0 0.3269230769230769 0.203125 0.0483774038461538 0.0459735576923076
0 0.3377403846153846 0.5096153846153846 0.0594951923076923 0.0426682692307692
0 0.3798076923076923 0.4447115384615384 0.05859375 0.0420673076923076
0 0.3473557692307692 0.5709134615384616 0.0546875 0.0399639423076923
0 0.3161057692307692 0.6358173076923077 0.0721153846153846 0.0549879807692307
0 0.3870192307692308 0.7091346153846154 0.0612980769230769 0.0420673076923076
0 0.6370192307692307 0.4507211538461538 0.0531850961538461 0.0432692307692307
0 0.7259615384615384 0.4939903846153846 0.0345552884615384 0.0465745192307692
0 0.7860576923076923 0.5 0.051983173076923 0.0528846153846153
0 0.8653846153846154 0.4879807692307692 0.0615985576923076 0.0420673076923076
0 0.4459134615384615 0.5516826923076923 0.0600961538461538 0.0495793269230769
