0 0.4639423076923077 0.1478365384615384 0.0760216346153846 0.0844350961538461
0 0.6225961538461539 0.1538461538461538 0.0952524038461538 0.1012620192307692
0 0.7668269230769231 0.3822115384615384 0.0634014423076923 0.0778245192307692
0 0.3245192307692308 0.5084134615384616 0.0907451923076923 0.0796274038461538
0 0.1911057692307692 0.6057692307692307 0.075420673076923 0.0625
0 0.3822115384615384 0.5853365384615384 0.0628004807692307 0.059795673076923
0 0.4927884615384615 0.5709134615384616 0.0489783653846153 0.0549879807692307
0 0.5997596153846154 0.5204326923076923 0.0769230769230769 0.0844350961538461
0 0.5288461538461539 0.2307692307692307 0.0967548076923077 0.0913461538461538
0 0.5985576923076923 0.65625 0.0727163461538461 0.071514423076923
0 0.2692307692307692 0.84375 0.0766225961538461 0.0823317307692307
