0 0.4591346153846153 0.1478365384615384 0.0712139423076923 0.0802283653846153
0 0.6165865384615384 0.1538461538461538 0.0934495192307692 0.1012620192307692
0 0.7620192307692307 0.3834134615384615 0.0634014423076923 0.0784254807692307
0 0.3185096153846153 0.5096153846153846 0.0889423076923077 0.0772235576923077
0 0.1862980769230769 0.6057692307692307 0.0784254807692307 0.0631009615384615
0 0.3762019230769231 0.5865384615384616 0.0736177884615384 0.0682091346153846
0 0.4867788461538461 0.5721153846153846 0.05078125 0.0537860576923076
0 0.5949519230769231 0.5204326923076923 0.0655048076923077 0.075420673076923
0 0.5240384615384616 0.2319711538461538 0.0913461538461538 0.0847355769230769
0 0.5925480769230769 0.65625 0.0841346153846153 0.0817307692307692
0 0.2632211538461538 0.84375 0.0880408653846153 0.0913461538461538
