0 0.2331730769230769 0.25 0.0631009615384615 0.1057692307692307
0 0.4639423076923077 0.2512019230769231 0.0573918269230769 0.0841346153846153
0 0.3401442307692308 0.7764423076923077 0.0543870192307692 0.067608173076923
0 0.2379807692307692 0.7668269230769231 0.0625 0.0805288461538461
0 0.1995192307692307 0.3713942307692308 0.044170673076923 0.0748197115384615
0 0.2175480769230769 0.8461538461538461 0.0552884615384615 0.10546875
0 0.1778846153846154 0.5492788461538461 0.0537860576923076 0.0751201923076923
0 0.0889423076923077 0.9014423076923076 0.0618990384615384 0.0772235576923077
0 0.7800480769230769 0.25 0.048076923076923 0.0964543269230769
0 0.8233173076923077 0.3401442307692308 0.0652043269230769 0.0802283653846153
0 0.8233173076923077 0.4987980769230769 0.0546875 0.0838341346153846
0 0.7439903846153846 0.4519230769230769 0.0459735576923076 0.071514423076923
0 0.7824519230769231 0.5925480769230769 0.055889423076923 0.0940504807692307
