0 0.265625 0.2692307692307692 0.0576923076923076 0.1006610576923077
0 0.4879807692307692 0.2704326923076923 0.0634014423076923 0.0847355769230769
0 0.3677884615384615 0.7764423076923077 0.0534855769230769 0.0679086538461538
0 0.2704326923076923 0.7668269230769231 0.0600961538461538 0.0772235576923077
0 0.2319711538461538 0.3858173076923077 0.05078125 0.0784254807692307
0 0.25 0.84375 0.0426682692307692 0.1009615384615384
0 0.2115384615384615 0.5576923076923077 0.0570913461538461 0.0763221153846153
0 0.126201923076923 0.8966346153846154 0.0591947115384615 0.0730168269230769
0 0.7920673076923077 0.2692307692307692 0.0501802884615384 0.0952524038461538
0 0.8341346153846154 0.3557692307692308 0.063701923076923 0.0808293269230769
0 0.8341346153846154 0.5096153846153846 0.0528846153846153 0.0814302884615384
0 0.7572115384615384 0.4639423076923077 0.0534855769230769 0.0721153846153846
0 0.7944711538461539 0.5997596153846154 0.0673076923076923 0.0943509615384615
