0 0.2475961538461538 0.2548076923076923 0.0582932692307692 0.1048677884615384
0 0.4771634615384615 0.2560096153846153 0.0640024038461538 0.0865384615384615
0 0.3533653846153846 0.7776442307692307 0.051983173076923 0.0688100961538461
0 0.2524038461538461 0.7692307692307693 0.0567908653846153 0.0760216346153846
0 0.2127403846153846 0.375 0.0504807692307692 0.0808293269230769
0 0.2319711538461538 0.8485576923076923 0.0411658653846153 0.1009615384615384
0 0.1923076923076923 0.5528846153846154 0.0615985576923076 0.0811298076923077
0 0.1033653846153846 0.9026442307692308 0.0534855769230769 0.07421875
0 0.7908653846153846 0.2548076923076923 0.0474759615384615 0.0964543269230769
0 0.8341346153846154 0.34375 0.0579927884615384 0.0778245192307692
0 0.8341346153846154 0.5024038461538461 0.06640625 0.0874399038461538
0 0.7560096153846154 0.4555288461538461 0.0501802884615384 0.0739182692307692
0 0.7932692307692307 0.5949519230769231 0.0531850961538461 0.0913461538461538
