0 0.032451923076923 0.5961538461538461 0.0498798076923076 0.06640625
0 0.0997596153846153 0.6021634615384616 0.0459735576923076 0.0643028846153846
0 0.2019230769230769 0.6045673076923077 0.0375600961538461 0.0658052884615384
0 0.2560096153846153 0.6057692307692307 0.0384615384615384 0.0573918269230769
0 0.219951923076923 0.7415865384615384 0.0417668269230769 0.0510817307692307
0 0.4014423076923077 0.7211538461538461 0.0426682692307692 0.0618990384615384
0 0.4290865384615384 0.75 0.016826923076923 0.0243389423076923
0 0.4567307692307692 0.7692307692307693 0.04296875 0.0573918269230769
0 0.4471153846153846 0.8942307692307693 0.0522836538461538 0.0760216346153846
0 0.4735576923076923 0.1514423076923076 0.0483774038461538 0.0763221153846153
0 0.7884615384615384 0.1502403846153846 0.0483774038461538 0.079326923076923
0 0.8365384615384616 0.3629807692307692 0.0492788461538461 0.0829326923076923
0 0.8473557692307693 0.5168269230769231 0.0405649038461538 0.0567908653846153
0 0.8713942307692307 0.4615384615384615 0.0465745192307692 0.0573918269230769
0 0.7920673076923077 0.5673076923076923 0.0513822115384615 0.05859375
0 0.8341346153846154 0.6298076923076923 0.0534855769230769 0.0727163461538461
0 0.4326923076923077 0.5985576923076923 0.0528846153846153 0.0489783653846153
