0 0.110576923076923 0.390625 0.0297475961538461 0.0432692307692307
0 0.1274038461538461 0.3665865384615384 0.0234375 0.0411658653846153
0 0.1875 0.2944711538461538 0.0435697115384615 0.0961538461538461
0 0.2223557692307692 0.3966346153846153 0.0309495192307692 0.0540865384615384
0 0.3052884615384615 0.3401442307692308 0.015625 0.0408653846153846
0 0.2932692307692308 0.1742788461538461 0.0237379807692307 0.0459735576923076
0 0.3449519230769231 0.3930288461538461 0.0288461538461538 0.0513822115384615
0 0.3125 0.4014423076923077 0.024639423076923 0.0387620192307692
0 0.4855769230769231 0.390625 0.0204326923076923 0.0417668269230769
0 0.5817307692307693 0.3894230769230769 0.0204326923076923 0.0570913461538461
0 0.4663461538461538 0.6382211538461539 0.0330528846153846 0.0417668269230769
0 0.8125 0.7668269230769231 0.0243389423076923 0.0522836538461538
0 0.8125 0.6129807692307693 0.0291466346153846 0.0631009615384615
0 0.7103365384615384 0.3161057692307692 0.0357572115384615 0.0399639423076923
0 0.6610576923076923 0.2716346153846153 0.0339543269230769 0.0426682692307692
