0 0.1286057692307692 0.4170673076923077 0.0255408653846153 0.0414663461538461
0 0.1454326923076923 0.3930288461538461 0.0264423076923076 0.0417668269230769
0 0.2055288461538461 0.3209134615384615 0.0399639423076923 0.0979567307692307
0 0.2403846153846154 0.4230769230769231 0.0249399038461538 0.0570913461538461
0 0.3233173076923077 0.3677884615384615 0.0162259615384615 0.0426682692307692
0 0.3112980769230769 0.2007211538461538 0.0165264423076923 0.0459735576923076
0 0.3629807692307692 0.4206730769230769 0.024639423076923 0.0525841346153846
0 0.3305288461538461 0.4278846153846153 0.016826923076923 0.0381610576923076
0 0.5036057692307693 0.4170673076923077 0.0264423076923076 0.0417668269230769
0 0.5997596153846154 0.4170673076923077 0.0240384615384615 0.055889423076923
0 0.484375 0.6658653846153846 0.0360576923076923 0.0471754807692307
0 0.8305288461538461 0.7944711538461539 0.03515625 0.0528846153846153
0 0.8305288461538461 0.640625 0.0321514423076923 0.0655048076923077
0 0.7283653846153846 0.3425480769230769 0.0339543269230769 0.0399639423076923
0 0.6790865384615384 0.2992788461538461 0.0321514423076923 0.0414663461538461
