0 0.1502403846153846 0.4134615384615384 0.0255408653846153 0.0390625
0 0.1670673076923076 0.390625 0.0219350961538461 0.0405649038461538
0 0.2235576923076923 0.3209134615384615 0.0252403846153846 0.0913461538461538
0 0.2572115384615384 0.4194711538461538 0.0240384615384615 0.0528846153846153
0 0.3377403846153846 0.3653846153846153 0.0159254807692307 0.0384615384615384
0 0.3257211538461538 0.2055288461538461 0.0225360576923076 0.0462740384615384
0 0.375 0.4158653846153846 0.01953125 0.0522836538461538
0 0.34375 0.4230769230769231 0.0231370192307692 0.0384615384615384
0 0.5096153846153846 0.4122596153846153 0.0240384615384615 0.0411658653846153
0 0.6021634615384616 0.4122596153846153 0.0177283653846153 0.0528846153846153
0 0.4915865384615384 0.6514423076923077 0.0309495192307692 0.0387620192307692
0 0.8233173076923077 0.7740384615384616 0.0270432692307692 0.0489783653846153
0 0.8233173076923077 0.6262019230769231 0.0288461538461538 0.0625
0 0.7247596153846154 0.3413461538461538 0.0318509615384615 0.0372596153846153
0 0.6778846153846154 0.2992788461538461 0.0336538461538461 0.0405649038461538
