0 0.03125 0.079326923076923 0.0342548076923076 0.0724158653846153
0 0.032451923076923 0.2283653846153846 0.040264423076923 0.063701923076923
0 0.2259615384615384 0.2139423076923076 0.0438701923076923 0.0760216346153846
0 0.2776442307692308 0.2139423076923076 0.0354567307692307 0.0730168269230769
0 0.0697115384615384 0.4591346153846153 0.0333533653846153 0.0730168269230769
0 0.1081730769230769 0.3112980769230769 0.0489783653846153 0.0703125
0 0.4362980769230769 0.4519230769230769 0.0447716346153846 0.0682091346153846
0 0.4567307692307692 0.5456730769230769 0.051983173076923 0.0712139423076923
0 0.3942307692307692 0.4831730769230769 0.0327524038461538 0.0531850961538461
0 0.3954326923076923 0.5552884615384616 0.03125 0.0537860576923076
0 0.4459134615384615 0.6826923076923077 0.0315504807692307 0.0685096153846153
0 0.4483173076923077 0.8473557692307693 0.040264423076923 0.0889423076923077
0 0.7704326923076923 0.4038461538461538 0.0354567307692307 0.067608173076923
0 0.8052884615384616 0.2980769230769231 0.0348557692307692 0.0564903846153846
0 0.8629807692307693 0.3353365384615384 0.044170673076923 0.075420673076923
0 0.8353365384615384 0.4819711538461538 0.0417668269230769 0.0546875
0 0.5733173076923077 0.4014423076923077 0.0288461538461538 0.0432692307692307
0 0.5985576923076923 0.40625 0.0252403846153846 0.0525841346153846
