0 0.4627403846153846 0.46875 0.0748197115384615 0.0528846153846153
0 0.3858173076923077 0.5336538461538461 0.0817307692307692 0.0573918269230769
0 0.4927884615384615 0.5949519230769231 0.0724158653846153 0.1072716346153846
0 0.3774038461538461 0.6370192307692307 0.0628004807692307 0.0375600961538461
0 0.3954326923076923 0.6454326923076923 0.0510817307692307 0.0528846153846153
0 0.5865384615384616 0.4362980769230769 0.08203125 0.0405649038461538
0 0.5805288461538461 0.3269230769230769 0.0673076923076923 0.0396634615384615
0 0.5865384615384616 0.4915865384615384 0.0808293269230769 0.040264423076923
0 0.0420673076923076 0.3990384615384615 0.0643028846153846 0.0570913461538461
0 0.1021634615384615 0.6766826923076923 0.0594951923076923 0.0456730769230769
