0 0.2067307692307692 0.3557692307692308 0.0387620192307692 0.0492788461538461
0 0.3112980769230769 0.3894230769230769 0.0946514423076923 0.0769230769230769
0 0.328125 0.5096153846153846 0.0838341346153846 0.1099759615384615
0 0.3088942307692308 0.7439903846153846 0.0504807692307692 0.0697115384615384
0 0.375 0.7487980769230769 0.044170673076923 0.0886418269230769
0 0.2427884615384615 0.484375 0.0525841346153846 0.0691105769230769
0 0.6670673076923077 0.3762019230769231 0.0456730769230769 0.0625
0 0.7644230769230769 0.5901442307692307 0.0531850961538461 0.0745192307692307
0 0.6682692307692307 0.640625 0.0618990384615384 0.0649038461538461
0 0.8341346153846154 0.6418269230769231 0.0528846153846153 0.0625
0 0.75 0.5060096153846154 0.0537860576923076 0.0652043269230769
