0 0.1911057692307692 0.3461538461538461 0.05078125 0.044170673076923
0 0.2139423076923076 0.141826923076923 0.0477764423076923 0.0618990384615384
0 0.3569711538461538 0.1454326923076923 0.0552884615384615 0.0640024038461538
0 0.7043269230769231 0.1490384615384615 0.0628004807692307 0.0757211538461538
0 0.3100961538461538 0.3461538461538461 0.0528846153846153 0.0486778846153846
0 0.3509615384615384 0.4471153846153846 0.05859375 0.051983173076923
0 0.2920673076923077 0.4507211538461538 0.0543870192307692 0.0501802884615384
0 0.2091346153846154 0.4891826923076923 0.051983173076923 0.0576923076923076
0 0.1310096153846154 0.53125 0.0513822115384615 0.051983173076923
0 0.6286057692307693 0.4855769230769231 0.0456730769230769 0.0438701923076923
0 0.6947115384615384 0.5709134615384616 0.0483774038461538 0.0462740384615384
0 0.6694711538461539 0.5973557692307693 0.0591947115384615 0.0447716346153846
0 0.939903846153846 0.4194711538461538 0.0516826923076923 0.0456730769230769
