0 0.1899038461538461 0.3449519230769231 0.0531850961538461 0.05078125
0 0.2127403846153846 0.141826923076923 0.0411658653846153 0.0576923076923076
0 0.3545673076923077 0.1454326923076923 0.055889423076923 0.0646033653846153
0 0.6995192307692307 0.1490384615384615 0.0634014423076923 0.0757211538461538
0 0.3076923076923077 0.3449519230769231 0.0564903846153846 0.0513822115384615
0 0.3485576923076923 0.4459134615384615 0.0634014423076923 0.0552884615384615
0 0.2896634615384615 0.4495192307692308 0.0543870192307692 0.0483774038461538
0 0.2079326923076923 0.4867788461538461 0.0501802884615384 0.0576923076923076
0 0.1298076923076923 0.5288461538461539 0.0483774038461538 0.0474759615384615
0 0.625 0.4831730769230769 0.0435697115384615 0.0444711538461538
0 0.6911057692307693 0.5697115384615384 0.0465745192307692 0.0444711538461538
0 0.6646634615384616 0.5949519230769231 0.0576923076923076 0.0453725961538461
0 0.935096153846154 0.4182692307692308 0.0534855769230769 0.0492788461538461
