0 0.2884615384615384 0.8629807692307693 0.091045673076923 0.0817307692307692
0 0.3497596153846153 0.5637019230769231 0.0405649038461538 0.0408653846153846
0 0.4711538461538461 0.3677884615384615 0.0291466346153846 0.0435697115384615
0 0.4146634615384615 0.3605769230769231 0.0321514423076923 0.0339543269230769
0 0.4759615384615384 0.2728365384615384 0.0237379807692307 0.03515625
0 0.5564903846153846 0.2716346153846153 0.0309495192307692 0.0420673076923076
0 0.6466346153846154 0.1213942307692307 0.0291466346153846 0.0321514423076923
0 0.6862980769230769 0.188701923076923 0.02734375 0.0258413461538461
0 0.7307692307692307 0.2091346153846154 0.0198317307692307 0.0336538461538461
0 0.4951923076923077 0.4867788461538461 0.0279447115384615 0.0306490384615384
