0 0.2908653846153846 0.8605769230769231 0.087139423076923 0.0760216346153846
0 0.3521634615384615 0.5576923076923077 0.0384615384615384 0.0390625
0 0.4759615384615384 0.3581730769230769 0.0345552884615384 0.0474759615384615
0 0.4194711538461538 0.3509615384615384 0.03515625 0.0375600961538461
0 0.4819711538461538 0.2620192307692308 0.0225360576923076 0.0339543269230769
0 0.5637019230769231 0.2620192307692308 0.0315504807692307 0.04296875
0 0.6538461538461539 0.1081730769230769 0.028545673076923 0.0333533653846153
0 0.6947115384615384 0.1766826923076923 0.0327524038461538 0.0288461538461538
0 0.7403846153846154 0.1971153846153846 0.0234375 0.0342548076923076
0 0.5012019230769231 0.4795673076923077 0.0270432692307692 0.0309495192307692
