0 0.1682692307692307 0.1971153846153846 0.0375600961538461 0.0634014423076923
0 0.3112980769230769 0.2331730769230769 0.0270432692307692 0.0483774038461538
0 0.3930288461538461 0.234375 0.0261418269230769 0.0504807692307692
0 0.3137019230769231 0.3737980769230769 0.0303485576923076 0.0462740384615384
0 0.3930288461538461 0.46875 0.0258413461538461 0.0531850961538461
0 0.4338942307692308 0.6225961538461539 0.036358173076923 0.06640625
0 0.3040865384615384 0.6286057692307693 0.03125 0.0549879807692307
0 0.7079326923076923 0.5192307692307693 0.036358173076923 0.051983173076923
0 0.7572115384615384 0.2944711538461538 0.0282451923076923 0.0462740384615384
0 0.7536057692307693 0.3725961538461538 0.0354567307692307 0.0516826923076923
0 0.7536057692307693 0.4254807692307692 0.036358173076923 0.0537860576923076
