0 0.4879807692307692 0.8377403846153846 0.1256009615384615 0.0510817307692307
0 0.2415865384615384 0.8918269230769231 0.1298076923076923 0.0540865384615384
0 0.2319711538461538 0.8401442307692307 0.0979567307692307 0.0549879807692307
0 0.2079326923076923 0.6983173076923077 0.0799278846153846 0.059795673076923
0 0.0625 0.6466346153846154 0.125 0.0913461538461538
0 0.3269230769230769 0.65625 0.1259014423076923 0.0808293269230769
0 0.59375 0.7007211538461539 0.0859375 0.0528846153846153
0 0.4567307692307692 0.5757211538461539 0.1096754807692307 0.0606971153846153
0 0.6514423076923077 0.5300480769230769 0.1057692307692307 0.0721153846153846
0 0.7211538461538461 0.1658653846153846 0.125 0.0444711538461538
