0 0.6766826923076923 0.2055288461538461 0.0411658653846153 0.0649038461538461
0 0.5949519230769231 0.5336538461538461 0.048076923076923 0.0628004807692307
0 0.84375 0.3990384615384615 0.0486778846153846 0.0670072115384615
0 0.8581730769230769 0.265625 0.0534855769230769 0.0513822115384615
0 0.8990384615384616 0.4507211538461538 0.0579927884615384 0.0673076923076923
0 0.903846153846154 0.65625 0.0573918269230769 0.071514423076923
0 0.7764423076923077 0.6586538461538461 0.0618990384615384 0.0775240384615384
0 0.3653846153846153 0.4903846153846153 0.06640625 0.0525841346153846
0 0.234375 0.4879807692307692 0.0417668269230769 0.0618990384615384
0 0.2331730769230769 0.2908653846153846 0.0540865384615384 0.0808293269230769
0 0.2295673076923076 0.5360576923076923 0.0450721153846153 0.0483774038461538
0 0.2391826923076923 0.5853365384615384 0.0465745192307692 0.0640024038461538
0 0.1802884615384615 0.640625 0.0534855769230769 0.0646033653846153
0 0.5072115384615384 0.8088942307692307 0.0516826923076923 0.0625
0 0.3954326923076923 0.9483173076923076 0.0643028846153846 0.0658052884615384
