0 0.6634615384615384 0.2079326923076923 0.0486778846153846 0.0691105769230769
0 0.5829326923076923 0.5324519230769231 0.0465745192307692 0.0609975961538461
0 0.828125 0.4002403846153846 0.0432692307692307 0.0652043269230769
0 0.8425480769230769 0.2668269230769231 0.0546875 0.0522836538461538
0 0.8834134615384616 0.4507211538461538 0.0549879807692307 0.0649038461538461
0 0.8870192307692307 0.6550480769230769 0.0522836538461538 0.0652043269230769
0 0.7620192307692307 0.65625 0.0625 0.0772235576923077
0 0.3545673076923077 0.4891826923076923 0.0700120192307692 0.0591947115384615
0 0.2247596153846154 0.4867788461538461 0.0504807692307692 0.0646033653846153
0 0.2247596153846154 0.2932692307692308 0.0549879807692307 0.078125
0 0.219951923076923 0.5348557692307693 0.0432692307692307 0.0495793269230769
0 0.2295673076923076 0.5841346153846154 0.0528846153846153 0.0667067307692307
0 0.171875 0.6394230769230769 0.048076923076923 0.0576923076923076
0 0.4951923076923077 0.8052884615384616 0.0483774038461538 0.0615985576923076
0 0.3846153846153846 0.9435096153846154 0.0618990384615384 0.0625
