0 0.2668269230769231 0.6454326923076923 0.0618990384615384 0.1228966346153846
0 0.4350961538461538 0.4831730769230769 0.0772235576923077 0.1298076923076923
0 0.7824519230769231 0.4603365384615384 0.1412259615384615 0.1316105769230769
0 0.7704326923076923 0.2235576923076923 0.0465745192307692 0.0576923076923076
0 0.7752403846153846 0.8617788461538461 0.0495793269230769 0.0495793269230769
0 0.2391826923076923 0.7992788461538461 0.0892427884615384 0.1078725961538461
0 0.1670673076923076 0.7235576923076923 0.0600961538461538 0.1012620192307692
0 0.2572115384615384 0.8954326923076923 0.0805288461538461 0.1268028846153846
0 0.3665865384615384 0.7403846153846154 0.0600961538461538 0.1198918269230769
0 0.2584134615384615 0.173076923076923 0.0321514423076923 0.0628004807692307
0 0.3305288461538461 0.1742788461538461 0.0306490384615384 0.0561899038461538
