0 0.2872596153846153 0.6177884615384616 0.0555889423076923 0.1198918269230769
0 0.4519230769230769 0.4603365384615384 0.0760216346153846 0.1271033653846154
0 0.7920673076923077 0.4362980769230769 0.1460336538461538 0.13671875
0 0.7800480769230769 0.2055288461538461 0.0414663461538461 0.0555889423076923
0 0.7848557692307693 0.8293269230769231 0.0504807692307692 0.0516826923076923
0 0.2608173076923077 0.7680288461538461 0.0787259615384615 0.0982572115384615
0 0.1899038461538461 0.6947115384615384 0.0477764423076923 0.0964543269230769
0 0.2776442307692308 0.8629807692307693 0.0802283653846153 0.125
0 0.3846153846153846 0.7103365384615384 0.0537860576923076 0.1168870192307692
0 0.2788461538461538 0.1550480769230769 0.0297475961538461 0.0606971153846153
0 0.3497596153846153 0.15625 0.0315504807692307 0.0540865384615384
