0 0.4110576923076923 0.4819711538461538 0.0336538461538461 0.0700120192307692
0 0.3918269230769231 0.3137019230769231 0.032451923076923 0.0546875
0 0.5444711538461539 0.0408653846153846 0.0450721153846153 0.0718149038461538
0 0.8209134615384616 0.0360576923076923 0.0306490384615384 0.0576923076923076
0 0.8533653846153846 0.3100961538461538 0.032451923076923 0.0444711538461538
0 0.8004807692307693 0.2127403846153846 0.0426682692307692 0.0549879807692307
0 0.7992788461538461 0.3810096153846153 0.0360576923076923 0.0462740384615384
0 0.8064903846153846 0.3966346153846153 0.0369591346153846 0.06640625
0 0.2151442307692307 0.5060096153846154 0.0366586538461538 0.0591947115384615
0 0.1189903846153846 0.4987980769230769 0.0414663461538461 0.0784254807692307
0 0.1983173076923076 0.4206730769230769 0.036358173076923 0.048076923076923
0 0.1045673076923077 0.328125 0.0501802884615384 0.0721153846153846
0 0.1935096153846154 0.1213942307692307 0.0318509615384615 0.0606971153846153
0 0.578125 0.6959134615384616 0.0261418269230769 0.0459735576923076
0 0.1766826923076923 0.7283653846153846 0.0315504807692307 0.0483774038461538
0 0.1802884615384615 0.6237980769230769 0.0288461538461538 0.0498798076923076
