0 0.4074519230769231 0.5036057692307693 0.0465745192307692 0.0784254807692307
0 0.3858173076923077 0.328125 0.0309495192307692 0.0549879807692307
0 0.5444711538461539 0.0456730769230769 0.0495793269230769 0.0760216346153846
0 0.8317307692307693 0.0408653846153846 0.0381610576923076 0.0631009615384615
0 0.8653846153846154 0.3257211538461538 0.0327524038461538 0.0465745192307692
0 0.8100961538461539 0.2235576923076923 0.0339543269230769 0.0525841346153846
0 0.8088942307692307 0.3990384615384615 0.03515625 0.0471754807692307
0 0.8173076923076923 0.4146634615384615 0.0390625 0.0688100961538461
0 0.203125 0.5288461538461539 0.0399639423076923 0.0615985576923076
0 0.1033653846153846 0.5204326923076923 0.0438701923076923 0.0802283653846153
0 0.1862980769230769 0.4399038461538461 0.0360576923076923 0.0486778846153846
0 0.0889423076923077 0.34375 0.0471754807692307 0.0721153846153846
0 0.1802884615384615 0.1286057692307692 0.0297475961538461 0.0643028846153846
0 0.5805288461538461 0.7259615384615384 0.0270432692307692 0.0483774038461538
0 0.1646634615384615 0.7584134615384616 0.0354567307692307 0.0513822115384615
0 0.1670673076923076 0.6502403846153846 0.0357572115384615 0.0528846153846153
