0 0.1370192307692307 0.2512019230769231 0.0534855769230769 0.0658052884615384
0 0.2439903846153846 0.2896634615384615 0.0543870192307692 0.0594951923076923
0 0.3329326923076923 0.3846153846153846 0.0498798076923076 0.0760216346153846
0 0.4471153846153846 0.4639423076923077 0.0567908653846153 0.0730168269230769
0 0.3365384615384615 0.5132211538461539 0.048076923076923 0.0625
0 0.2487980769230769 0.4350961538461538 0.0555889423076923 0.0682091346153846
0 0.1983173076923076 0.4314903846153846 0.036358173076923 0.0576923076923076
0 0.1682692307692307 0.4603365384615384 0.0438701923076923 0.0591947115384615
0 0.265625 0.609375 0.0555889423076923 0.0721153846153846
0 0.3293269230769231 0.7223557692307693 0.0763221153846153 0.1799879807692307
0 0.8725961538461539 0.390625 0.0537860576923076 0.0835336538461538
0 0.8713942307692307 0.5180288461538461 0.0640024038461538 0.0748197115384615
0 0.8233173076923077 0.7872596153846154 0.0703125 0.0745192307692307
0 0.7860576923076923 0.3293269230769231 0.0522836538461538 0.0576923076923076
0 0.8245192307692307 0.3858173076923077 0.0567908653846153 0.0748197115384615
