0 0.1346153846153846 0.2487980769230769 0.0567908653846153 0.0673076923076923
0 0.2427884615384615 0.2860576923076923 0.048076923076923 0.0567908653846153
0 0.3329326923076923 0.3822115384615384 0.0591947115384615 0.0778245192307692
0 0.4483173076923077 0.4627403846153846 0.0609975961538461 0.0790264423076923
0 0.3353365384615384 0.5132211538461539 0.0504807692307692 0.0652043269230769
0 0.2475961538461538 0.4326923076923077 0.0540865384615384 0.071514423076923
0 0.1971153846153846 0.4302884615384615 0.0384615384615384 0.0576923076923076
0 0.1658653846153846 0.4603365384615384 0.0423677884615384 0.0555889423076923
0 0.2644230769230769 0.609375 0.06640625 0.0796274038461538
0 0.328125 0.7235576923076923 0.0802283653846153 0.1820913461538461
0 0.8786057692307693 0.3882211538461538 0.0603966346153846 0.0850360576923077
0 0.8762019230769231 0.5180288461538461 0.0649038461538461 0.075420673076923
0 0.828125 0.7896634615384616 0.0673076923076923 0.0703125
0 0.7908653846153846 0.3269230769230769 0.0537860576923076 0.0582932692307692
0 0.8305288461538461 0.3834134615384615 0.055889423076923 0.0751201923076923
