0 0.7992788461538461 0.3786057692307692 0.0787259615384615 0.0700120192307692
0 0.4663461538461538 0.0625 0.0615985576923076 0.048076923076923
0 0.4266826923076923 0.1370192307692307 0.0552884615384615 0.0444711538461538
0 0.2908653846153846 0.1382211538461538 0.0615985576923076 0.0504807692307692
0 0.2932692307692308 0.2139423076923076 0.0621995192307692 0.063701923076923
0 0.2908653846153846 0.6105769230769231 0.0615985576923076 0.0564903846153846
0 0.3677884615384615 0.6814903846153846 0.0631009615384615 0.0736177884615384
0 0.4375 0.7463942307692307 0.0471754807692307 0.05078125
0 0.6262019230769231 0.8389423076923077 0.0549879807692307 0.0570913461538461
0 0.6454326923076923 0.8990384615384616 0.0555889423076923 0.0342548076923076
