0 0.8221153846153846 0.4086538461538461 0.0679086538461538 0.0621995192307692
0 0.4879807692307692 0.0925480769230769 0.0615985576923076 0.048076923076923
0 0.4483173076923077 0.1670673076923076 0.0546875 0.0450721153846153
0 0.3137019230769231 0.1682692307692307 0.0561899038461538 0.048076923076923
0 0.3149038461538461 0.2439903846153846 0.0615985576923076 0.0643028846153846
0 0.3125 0.6418269230769231 0.0537860576923076 0.0444711538461538
0 0.3894230769230769 0.7127403846153846 0.0618990384615384 0.0736177884615384
0 0.4591346153846153 0.7776442307692307 0.0435697115384615 0.0495793269230769
0 0.6478365384615384 0.8701923076923077 0.0561899038461538 0.0582932692307692
0 0.6670673076923077 0.9290865384615384 0.059795673076923 0.0432692307692307
