0 0.1995192307692307 0.1237980769230769 0.0444711538461538 0.0549879807692307
0 0.3185096153846153 0.094951923076923 0.0405649038461538 0.0510817307692307
0 0.4290865384615384 0.3617788461538461 0.0450721153846153 0.0504807692307692
0 0.063701923076923 0.3978365384615384 0.0384615384615384 0.0462740384615384
0 0.0456730769230769 0.4711538461538461 0.0333533653846153 0.0670072115384615
0 0.2151442307692307 0.6778846153846154 0.0450721153846153 0.0537860576923076
0 0.3353365384615384 0.6875 0.0405649038461538 0.0525841346153846
0 0.2836538461538461 0.7608173076923077 0.0327524038461538 0.0594951923076923
0 0.3930288461538461 0.7548076923076923 0.03515625 0.0567908653846153
0 0.4230769230769231 0.5709134615384616 0.0423677884615384 0.0643028846153846
0 0.4471153846153846 0.6658653846153846 0.0375600961538461 0.044170673076923
0 0.4579326923076923 0.7091346153846154 0.03125 0.0579927884615384
0 0.6057692307692307 0.7163461538461539 0.0345552884615384 0.0522836538461538
0 0.5456730769230769 0.5588942307692307 0.0291466346153846 0.0411658653846153
0 0.8016826923076923 0.2620192307692308 0.036358173076923 0.0570913461538461
0 0.8966346153846154 0.2632211538461538 0.0390625 0.0576923076923076
0 0.966346153846154 0.3653846153846153 0.0381610576923076 0.0474759615384615
0 0.8545673076923077 0.3774038461538461 0.0456730769230769 0.0540865384615384
0 0.7860576923076923 0.3088942307692308 0.0393629807692307 0.0462740384615384
