0 0.2055288461538461 0.1322115384615384 0.040264423076923 0.0486778846153846
0 0.3233173076923077 0.1033653846153846 0.0321514423076923 0.0477764423076923
0 0.4314903846153846 0.3677884615384615 0.0456730769230769 0.0534855769230769
0 0.0709134615384615 0.4026442307692308 0.0366586538461538 0.0456730769230769
0 0.0516826923076923 0.4759615384615384 0.0411658653846153 0.0679086538461538
0 0.219951923076923 0.6802884615384616 0.0450721153846153 0.0534855769230769
0 0.3389423076923077 0.6899038461538461 0.0336538461538461 0.048076923076923
0 0.2872596153846153 0.7632211538461539 0.0354567307692307 0.0600961538461538
0 0.3966346153846153 0.7572115384615384 0.028545673076923 0.0534855769230769
0 0.4254807692307692 0.5745192307692307 0.044170673076923 0.06640625
0 0.4495192307692308 0.6682692307692307 0.0381610576923076 0.0432692307692307
0 0.4603365384615384 0.7115384615384616 0.0366586538461538 0.0588942307692307
0 0.6057692307692307 0.71875 0.0330528846153846 0.0489783653846153
0 0.546875 0.5625 0.03515625 0.044170673076923
0 0.7992788461538461 0.2692307692307692 0.0303485576923076 0.0576923076923076
0 0.8942307692307693 0.2692307692307692 0.0372596153846153 0.0537860576923076
0 0.9627403846153846 0.3701923076923077 0.0315504807692307 0.0432692307692307
0 0.8533653846153846 0.3834134615384615 0.0435697115384615 0.0513822115384615
0 0.7848557692307693 0.3161057692307692 0.0411658653846153 0.048076923076923
