0 0.28125 0.6754807692307693 0.0760216346153846 0.0730168269230769
0 0.235576923076923 0.7403846153846154 0.078125 0.0588942307692307
0 0.2415865384615384 0.1550480769230769 0.0850360576923077 0.0835336538461538
0 0.7620192307692307 0.15625 0.0769230769230769 0.0721153846153846
0 0.8173076923076923 0.2884615384615384 0.0718149038461538 0.0534855769230769
0 0.7788461538461539 0.3389423076923077 0.0817307692307692 0.063701923076923
0 0.7860576923076923 0.4182692307692308 0.0718149038461538 0.0483774038461538
0 0.7836538461538461 0.4783653846153846 0.067608173076923 0.0489783653846153
0 0.8473557692307693 0.546875 0.0504807692307692 0.0501802884615384
0 0.2764423076923077 0.4903846153846153 0.0778245192307692 0.0588942307692307
