0 0.2848557692307692 0.671875 0.0751201923076923 0.0739182692307692
0 0.2379807692307692 0.7367788461538461 0.0727163461538461 0.0546875
0 0.2451923076923076 0.1478365384615384 0.0808293269230769 0.0769230769230769
0 0.7680288461538461 0.1490384615384615 0.0751201923076923 0.0718149038461538
0 0.8233173076923077 0.2824519230769231 0.0694110576923077 0.0504807692307692
0 0.7848557692307693 0.3329326923076923 0.0751201923076923 0.0591947115384615
0 0.7920673076923077 0.4122596153846153 0.07421875 0.0510817307692307
0 0.7896634615384616 0.4723557692307692 0.0736177884615384 0.0606971153846153
0 0.8533653846153846 0.5420673076923077 0.0522836538461538 0.05078125
0 0.2800480769230769 0.484375 0.0784254807692307 0.055889423076923
