0 0.2776442307692308 0.6742788461538461 0.0748197115384615 0.0736177884615384
0 0.2319711538461538 0.7391826923076923 0.0784254807692307 0.0576923076923076
0 0.2379807692307692 0.1586538461538461 0.0859375 0.0826322115384615
0 0.7536057692307693 0.1598557692307692 0.07421875 0.0703125
0 0.8076923076923077 0.2908653846153846 0.0679086538461538 0.0474759615384615
0 0.7704326923076923 0.3413461538461538 0.0802283653846153 0.0673076923076923
0 0.7776442307692307 0.4194711538461538 0.0721153846153846 0.0501802884615384
0 0.7752403846153846 0.4783653846153846 0.0697115384615384 0.0537860576923076
0 0.8389423076923077 0.546875 0.0522836538461538 0.05078125
0 0.2728365384615384 0.4903846153846153 0.0787259615384615 0.0618990384615384
