0 0.3942307692307692 0.7836538461538461 0.1000600961538461 0.0916466346153846
0 0.3173076923076923 0.7668269230769231 0.0384615384615384 0.0423677884615384
0 0.3100961538461538 0.7776442307692307 0.0420673076923076 0.0432692307692307
0 0.2415865384615384 0.7728365384615384 0.0303485576923076 0.0321514423076923
0 0.1286057692307692 0.7247596153846154 0.0399639423076923 0.0447716346153846
0 0.1706730769230769 0.7127403846153846 0.028545673076923 0.0399639423076923
0 0.1538461538461538 0.59375 0.0381610576923076 0.0387620192307692
0 0.1081730769230769 0.640625 0.0297475961538461 0.0459735576923076
0 0.3341346153846153 0.5829326923076923 0.0336538461538461 0.020733173076923
0 0.3317307692307692 0.6105769230769231 0.0390625 0.0336538461538461
0 0.265625 0.7572115384615384 0.0177283653846153 0.0243389423076923
0 0.2800480769230769 0.7548076923076923 0.0225360576923076 0.0294471153846153
0 0.7043269230769231 0.0685096153846153 0.0390625 0.0504807692307692
0 0.6057692307692307 0.0625 0.0336538461538461 0.0390625
0 0.6069711538461539 0.1995192307692307 0.0318509615384615 0.0375600961538461
0 0.6622596153846154 0.1826923076923076 0.0255408653846153 0.0339543269230769
0 0.6610576923076923 0.2439903846153846 0.024639423076923 0.0369591346153846
0 0.6899038461538461 0.2800480769230769 0.0570913461538461 0.0432692307692307
0 0.6502403846153846 0.4747596153846153 0.0255408653846153 0.02734375
0 0.7836538461538461 0.5084134615384616 0.0564903846153846 0.0943509615384615
0 0.640625 0.5228365384615384 0.0357572115384615 0.0417668269230769
0 0.6310096153846154 0.5997596153846154 0.036358173076923 0.0360576923076923
0 0.5805288461538461 0.6502403846153846 0.03515625 0.03125
0 0.5733173076923077 0.7079326923076923 0.0399639423076923 0.059795673076923
0 0.6334134615384616 0.7355769230769231 0.0366586538461538 0.044170673076923
0 0.6021634615384616 0.7776442307692307 0.0315504807692307 0.0309495192307692
0 0.6502403846153846 0.7836538461538461 0.0354567307692307 0.0333533653846153
0 0.6682692307692307 0.7391826923076923 0.0333533653846153 0.0357572115384615
0 0.7439903846153846 0.7403846153846154 0.02734375 0.0300480769230769
0 0.7824519230769231 0.7307692307692307 0.03515625 0.046875
0 0.6274038461538461 0.8545673076923077 0.028545673076923 0.0495793269230769
