0 0.4110576923076923 0.796875 0.0922475961538461 0.0838341346153846
0 0.3365384615384615 0.7800480769230769 0.0342548076923076 0.0360576923076923
0 0.3293269230769231 0.7908653846153846 0.0432692307692307 0.0435697115384615
0 0.2620192307692308 0.7848557692307693 0.0297475961538461 0.0321514423076923
0 0.1514423076923076 0.7379807692307693 0.0378605769230769 0.0438701923076923
0 0.1935096153846154 0.7271634615384616 0.0225360576923076 0.0360576923076923
0 0.1778846153846154 0.6117788461538461 0.0336538461538461 0.0360576923076923
0 0.1322115384615384 0.6574519230769231 0.0282451923076923 0.0450721153846153
0 0.3521634615384615 0.5997596153846154 0.0315504807692307 0.0213341346153846
0 0.3497596153846153 0.6274038461538461 0.0411658653846153 0.0345552884615384
0 0.2860576923076923 0.7704326923076923 0.01953125 0.0216346153846153
0 0.2992788461538461 0.7680288461538461 0.0216346153846153 0.0288461538461538
0 0.7127403846153846 0.0997596153846153 0.040264423076923 0.0495793269230769
0 0.6165865384615384 0.09375 0.0357572115384615 0.0381610576923076
0 0.6189903846153846 0.2271634615384615 0.03125 0.0336538461538461
0 0.671875 0.2103365384615384 0.0213341346153846 0.03125
0 0.6706730769230769 0.2704326923076923 0.0192307692307692 0.0360576923076923
0 0.6995192307692307 0.3052884615384615 0.0525841346153846 0.0381610576923076
0 0.6610576923076923 0.4963942307692308 0.024639423076923 0.0264423076923076
0 0.7908653846153846 0.5276442307692307 0.0387620192307692 0.0889423076923077
0 0.6514423076923077 0.5420673076923077 0.0384615384615384 0.0432692307692307
0 0.6418269230769231 0.6177884615384616 0.0342548076923076 0.0333533653846153
0 0.5925480769230769 0.6670673076923077 0.0318509615384615 0.0306490384615384
0 0.5853365384615384 0.7223557692307693 0.03125 0.055889423076923
0 0.6442307692307693 0.75 0.0384615384615384 0.0432692307692307
0 0.6141826923076923 0.7908653846153846 0.03125 0.0291466346153846
0 0.6598557692307693 0.796875 0.0321514423076923 0.0321514423076923
0 0.6790865384615384 0.7524038461538461 0.03125 0.0348557692307692
0 0.7524038461538461 0.7536057692307693 0.0294471153846153 0.03515625
0 0.7896634615384616 0.7451923076923077 0.0306490384615384 0.04296875
0 0.6382211538461539 0.8653846153846154 0.0264423076923076 0.048076923076923
