0 0.6862980769230769 0.125 0.0417668269230769 0.0567908653846153
0 0.6706730769230769 0.1971153846153846 0.048076923076923 0.1000600961538461
0 0.5697115384615384 0.3088942307692308 0.0471754807692307 0.0931490384615384
0 0.6262019230769231 0.3713942307692308 0.0411658653846153 0.0561899038461538
0 0.6634615384615384 0.4170673076923077 0.0390625 0.0546875
0 0.65625 0.5564903846153846 0.0381610576923076 0.055889423076923
0 0.5913461538461539 0.7283653846153846 0.0438701923076923 0.0618990384615384
0 0.5889423076923077 0.8425480769230769 0.0534855769230769 0.0721153846153846
0 0.4254807692307692 0.6153846153846154 0.0477764423076923 0.0588942307692307
0 0.3629807692307692 0.5216346153846154 0.0483774038461538 0.0625
0 0.3269230769230769 0.5685096153846154 0.0423677884615384 0.0456730769230769
0 0.359375 0.6129807692307693 0.0399639423076923 0.0567908653846153
