0 0.6875 0.1394230769230769 0.0381610576923076 0.0525841346153846
0 0.671875 0.2115384615384615 0.0552884615384615 0.1006610576923077
0 0.5709134615384616 0.3221153846153846 0.0417668269230769 0.0913461538461538
0 0.6274038461538461 0.3858173076923077 0.04296875 0.0591947115384615
0 0.6646634615384616 0.4302884615384615 0.0360576923076923 0.0528846153846153
0 0.6574519230769231 0.5697115384615384 0.0405649038461538 0.0570913461538461
0 0.5925480769230769 0.7415865384615384 0.0414663461538461 0.0600961538461538
0 0.5901442307692307 0.8569711538461539 0.055889423076923 0.0739182692307692
0 0.4266826923076923 0.6298076923076923 0.0417668269230769 0.0576923076923076
0 0.3641826923076923 0.5348557692307693 0.0501802884615384 0.0625
0 0.328125 0.5817307692307693 0.0405649038461538 0.0438701923076923
0 0.3605769230769231 0.6262019230769231 0.04296875 0.0591947115384615
