0 0.6766826923076923 0.1298076923076923 0.0450721153846153 0.0534855769230769
0 0.6610576923076923 0.2019230769230769 0.0516826923076923 0.0973557692307692
0 0.5612980769230769 0.3112980769230769 0.0432692307692307 0.08984375
0 0.6165865384615384 0.3737980769230769 0.036358173076923 0.0549879807692307
0 0.6538461538461539 0.4194711538461538 0.0336538461538461 0.0501802884615384
0 0.6466346153846154 0.5576923076923077 0.0435697115384615 0.0588942307692307
0 0.5829326923076923 0.7271634615384616 0.0417668269230769 0.0606971153846153
0 0.5805288461538461 0.8401442307692307 0.0555889423076923 0.0706129807692307
0 0.4182692307692308 0.6153846153846154 0.0474759615384615 0.0618990384615384
0 0.3569711538461538 0.5228365384615384 0.0453725961538461 0.0606971153846153
0 0.3209134615384615 0.5685096153846154 0.0399639423076923 0.0450721153846153
0 0.3533653846153846 0.6129807692307693 0.0387620192307692 0.0567908653846153
