0 0.390625 0.1394230769230769 0.07421875 0.091045673076923
0 0.6442307692307693 0.3641826923076923 0.044170673076923 0.0703125
0 0.5853365384615384 0.3641826923076923 0.0606971153846153 0.0790264423076923
0 0.4110576923076923 0.5889423076923077 0.06640625 0.0727163461538461
0 0.5384615384615384 0.6021634615384616 0.0492788461538461 0.0865384615384615
0 0.4735576923076923 0.6502403846153846 0.0567908653846153 0.0745192307692307
0 0.4747596153846153 0.7824519230769231 0.0453725961538461 0.0625
0 0.6430288461538461 0.6045673076923077 0.0543870192307692 0.0790264423076923
0 0.6598557692307693 0.453125 0.0703125 0.07421875
0 0.7019230769230769 0.6502403846153846 0.0567908653846153 0.0703125
