0 0.4014423076923077 0.1045673076923077 0.067608173076923 0.0895432692307692
0 0.6646634615384616 0.3377403846153846 0.0465745192307692 0.0721153846153846
0 0.6045673076923077 0.3377403846153846 0.0691105769230769 0.083233173076923
0 0.4230769230769231 0.5709134615384616 0.0670072115384615 0.0751201923076923
0 0.5564903846153846 0.5853365384615384 0.0456730769230769 0.0886418269230769
0 0.4879807692307692 0.6346153846153846 0.0618990384615384 0.0775240384615384
0 0.4891826923076923 0.7716346153846154 0.0546875 0.0679086538461538
0 0.6634615384615384 0.5877403846153846 0.048076923076923 0.079326923076923
0 0.6814903846153846 0.4302884615384615 0.0694110576923077 0.0724158653846153
0 0.7247596153846154 0.6334134615384616 0.0688100961538461 0.079326923076923
