0 0.2391826923076923 0.079326923076923 0.0688100961538461 0.087139423076923
0 0.1610576923076923 0.6538461538461539 0.0477764423076923 0.0477764423076923
0 0.3365384615384615 0.5625 0.051983173076923 0.0625
0 0.3401442307692308 0.6814903846153846 0.0465745192307692 0.0594951923076923
0 0.2163461538461538 0.7536057692307693 0.0489783653846153 0.0603966346153846
0 0.1634615384615384 0.7548076923076923 0.0435697115384615 0.0438701923076923
0 0.2247596153846154 0.9206730769230768 0.0697115384615384 0.0682091346153846
0 0.6189903846153846 0.1814903846153846 0.0591947115384615 0.1316105769230769
0 0.6802884615384616 0.1838942307692307 0.063701923076923 0.1331129807692307
0 0.6790865384615384 0.3954326923076923 0.0600961538461538 0.0691105769230769
0 0.6935096153846154 0.5348557692307693 0.0561899038461538 0.036358173076923
0 0.6790865384615384 0.6141826923076923 0.0495793269230769 0.0552884615384615
0 0.6189903846153846 0.6105769230769231 0.0576923076923076 0.0661057692307692
