0 0.0408653846153846 0.4579326923076923 0.051983173076923 0.0706129807692307
0 0.0564903846153846 0.7475961538461539 0.0673076923076923 0.1015625
0 0.1153846153846153 0.0709134615384615 0.0826322115384615 0.0913461538461538
0 0.3401442307692308 0.0997596153846153 0.0576923076923076 0.0889423076923077
0 0.2872596153846153 0.1766826923076923 0.0694110576923077 0.0787259615384615
0 0.765625 0.3617788461538461 0.075420673076923 0.1042668269230769
0 0.8209134615384616 0.4399038461538461 0.0721153846153846 0.0775240384615384
0 0.8197115384615384 0.5733173076923077 0.067608173076923 0.0706129807692307
0 0.6514423076923077 0.6045673076923077 0.06640625 0.0913461538461538
0 0.765625 0.8305288461538461 0.0721153846153846 0.0946514423076923
0 0.2860576923076923 0.7007211538461539 0.0763221153846153 0.0841346153846153
0 0.1682692307692307 0.6634615384615384 0.0618990384615384 0.0811298076923077
0 0.0649038461538461 0.7451923076923077 0.0573918269230769 0.0679086538461538
0 0.1766826923076923 0.5360576923076923 0.0703125 0.0916466346153846
