0 0.2307692307692307 0.3245192307692308 0.0567908653846153 0.0766225961538461
0 0.3100961538461538 0.235576923076923 0.0474759615384615 0.06640625
0 0.546875 0.2920673076923077 0.040264423076923 0.075420673076923
0 0.546875 0.4807692307692308 0.0366586538461538 0.0618990384615384
0 0.4891826923076923 0.5264423076923077 0.0318509615384615 0.0486778846153846
0 0.4915865384615384 0.5769230769230769 0.0465745192307692 0.0579927884615384
0 0.5288461538461539 0.71875 0.0474759615384615 0.1204927884615384
0 0.6766826923076923 0.6862980769230769 0.0417668269230769 0.0646033653846153
0 0.6586538461538461 0.3701923076923077 0.0384615384615384 0.0522836538461538
0 0.6574519230769231 0.2740384615384615 0.0414663461538461 0.0621995192307692
0 0.6646634615384616 0.2163461538461538 0.0405649038461538 0.0522836538461538
0 0.6105769230769231 0.5168269230769231 0.0294471153846153 0.0573918269230769
