0 0.0829326923076923 0.1322115384615384 0.0886418269230769 0.1538461538461538
0 0.3461538461538461 0.109375 0.0625 0.0889423076923077
0 0.8413461538461539 0.1382211538461538 0.0868389423076923 0.1571514423076923
0 0.6911057692307693 0.6346153846153846 0.0700120192307692 0.08203125
0 0.6550480769230769 0.7019230769230769 0.0790264423076923 0.094951923076923
0 0.5552884615384616 0.84375 0.0778245192307692 0.1021634615384615
0 0.5552884615384616 0.9639423076923076 0.0769230769230769 0.0721153846153846
0 0.0889423076923077 0.9627403846153846 0.0721153846153846 0.0745192307692307
0 0.0841346153846153 0.8425480769230769 0.0826322115384615 0.0979567307692307
0 0.0913461538461538 0.5661057692307693 0.0718149038461538 0.0784254807692307
0 0.2247596153846154 0.5600961538461539 0.0625 0.0814302884615384
0 0.3004807692307692 0.5757211538461539 0.0712139423076923 0.0688100961538461
0 0.3413461538461538 0.4735576923076923 0.0634014423076923 0.0862379807692307
0 0.2463942307692307 0.7247596153846154 0.0655048076923077 0.0802283653846153
0 0.2644230769230769 0.7932692307692307 0.0682091346153846 0.0760216346153846
