0 0.453125 0.46875 0.0652043269230769 0.0730168269230769
0 0.5072115384615384 0.4939903846153846 0.0522836538461538 0.0625
0 0.4939903846153846 0.3978365384615384 0.059795673076923 0.0787259615384615
0 0.4963942307692308 0.0600961538461538 0.0510817307692307 0.0733173076923077
0 0.6454326923076923 0.5552884615384616 0.0498798076923076 0.067608173076923
0 0.5456730769230769 0.6189903846153846 0.071514423076923 0.0721153846153846
0 0.46875 0.7752403846153846 0.0634014423076923 0.079326923076923
0 0.46875 0.8641826923076923 0.0576923076923076 0.0784254807692307
0 0.40625 0.6790865384615384 0.0420673076923076 0.05078125
0 0.4134615384615384 0.7091346153846154 0.0522836538461538 0.0528846153846153
