0 0.7067307692307693 0.1766826923076923 0.0727163461538461 0.0706129807692307
0 0.235576923076923 0.1778846153846154 0.0625 0.0718149038461538
0 0.7127403846153846 0.4591346153846153 0.0462740384615384 0.0534855769230769
0 0.7788461538461539 0.4615384615384615 0.0573918269230769 0.0615985576923076
0 0.7824519230769231 0.6418269230769231 0.0552884615384615 0.067608173076923
0 0.6862980769230769 0.6370192307692307 0.0528846153846153 0.0567908653846153
0 0.8076923076923077 0.5576923076923077 0.0621995192307692 0.0522836538461538
0 0.141826923076923 0.7728365384615384 0.0579927884615384 0.0655048076923077
0 0.2163461538461538 0.8112980769230769 0.06640625 0.0658052884615384
0 0.219951923076923 0.921875 0.0591947115384615 0.0703125
0 0.6057692307692307 0.7668269230769231 0.0537860576923076 0.0567908653846153
