0 0.25 0.2860576923076923 0.0537860576923076 0.0673076923076923
0 0.3341346153846153 0.3425480769230769 0.0919471153846153 0.0835336538461538
0 0.3161057692307692 0.4074519230769231 0.0658052884615384 0.0688100961538461
0 0.8197115384615384 0.0757211538461538 0.0682091346153846 0.0640024038461538
0 0.9158653846153846 0.0925480769230769 0.1096754807692307 0.0658052884615384
0 0.8185096153846154 0.2896634615384615 0.0576923076923076 0.0552884615384615
0 0.8365384615384616 0.3834134615384615 0.0667067307692307 0.1216947115384615
0 0.6682692307692307 0.5721153846153846 0.0679086538461538 0.0567908653846153
0 0.6346153846153846 0.6225961538461539 0.0721153846153846 0.071514423076923
0 0.5096153846153846 0.6129807692307693 0.0712139423076923 0.0709134615384615
0 0.4795673076923077 0.7163461538461539 0.0652043269230769 0.0661057692307692
0 0.6574519230769231 0.7199519230769231 0.0646033653846153 0.0655048076923077
0 0.6322115384615384 0.8221153846153846 0.0805288461538461 0.0682091346153846
0 0.6514423076923077 0.9122596153846154 0.067608173076923 0.0928485576923077
