0 0.2536057692307692 0.2620192307692308 0.0501802884615384 0.06640625
0 0.3377403846153846 0.3185096153846153 0.0895432692307692 0.0799278846153846
0 0.3197115384615384 0.3846153846153846 0.0615985576923076 0.0628004807692307
0 0.8257211538461539 0.0504807692307692 0.0694110576923077 0.0628004807692307
0 0.921875 0.0673076923076923 0.1129807692307692 0.0814302884615384
0 0.8245192307692307 0.265625 0.0625 0.0606971153846153
0 0.8425480769230769 0.359375 0.0600961538461538 0.1201923076923077
0 0.6742788461538461 0.5492788461538461 0.0706129807692307 0.0603966346153846
0 0.6394230769230769 0.5997596153846154 0.0775240384615384 0.0751201923076923
0 0.5144230769230769 0.5901442307692307 0.06640625 0.0649038461538461
0 0.484375 0.6947115384615384 0.0652043269230769 0.0673076923076923
0 0.6634615384615384 0.6995192307692307 0.0718149038461538 0.0724158653846153
0 0.6370192307692307 0.8016826923076923 0.0817307692307692 0.0706129807692307
0 0.65625 0.8918269230769231 0.0634014423076923 0.0913461538461538
