0 0.2692307692307692 0.2860576923076923 0.0522836538461538 0.0628004807692307
0 0.3521634615384615 0.3413461538461538 0.0895432692307692 0.0811298076923077
0 0.3341346153846153 0.4050480769230769 0.0625 0.0649038461538461
0 0.8245192307692307 0.0817307692307692 0.0673076923076923 0.0618990384615384
0 0.9182692307692308 0.0985576923076923 0.10546875 0.0679086538461538
0 0.8233173076923077 0.2896634615384615 0.0555889423076923 0.0513822115384615
0 0.8413461538461539 0.3810096153846153 0.0712139423076923 0.1180889423076923
0 0.6778846153846154 0.5649038461538461 0.0634014423076923 0.0534855769230769
0 0.6442307692307693 0.6141826923076923 0.0775240384615384 0.0769230769230769
0 0.5228365384615384 0.6045673076923077 0.0658052884615384 0.0655048076923077
0 0.4939903846153846 0.7067307692307693 0.0600961538461538 0.0615985576923076
0 0.6670673076923077 0.7103365384615384 0.0697115384615384 0.0700120192307692
0 0.6418269230769231 0.8088942307692307 0.0805288461538461 0.0697115384615384
0 0.6610576923076923 0.8966346153846154 0.0772235576923077 0.0955528846153846
