0 0.5432692307692307 0.3978365384615384 0.0856370192307692 0.0847355769230769
0 0.5432692307692307 0.5096153846153846 0.0859375 0.0904447115384615
0 0.7007211538461539 0.4170673076923077 0.0411658653846153 0.0736177884615384
0 0.7908653846153846 0.3581730769230769 0.0432692307692307 0.0682091346153846
0 0.6959134615384616 0.5504807692307693 0.0462740384615384 0.0682091346153846
0 0.6911057692307693 0.7475961538461539 0.036358173076923 0.0625
0 0.7367788461538461 0.7584134615384616 0.0357572115384615 0.0694110576923077
0 0.8918269230769231 0.5625 0.0336538461538461 0.0673076923076923
0 0.908653846153846 0.4951923076923077 0.0483774038461538 0.0727163461538461
0 0.8918269230769231 0.4302884615384615 0.0342548076923076 0.0582932692307692
0 0.3257211538461538 0.5997596153846154 0.03515625 0.0643028846153846
0 0.3245192307692308 0.7427884615384616 0.0522836538461538 0.1111778846153846
0 0.2632211538461538 0.6574519230769231 0.0309495192307692 0.0498798076923076
0 0.2728365384615384 0.7019230769230769 0.040264423076923 0.0492788461538461
0 0.2668269230769231 0.3004807692307692 0.048076923076923 0.0477764423076923
0 0.1814903846153846 0.7824519230769231 0.0264423076923076 0.0456730769230769
0 0.2235576923076923 0.7992788461538461 0.028545673076923 0.048076923076923
0 0.2536057692307692 0.796875 0.0270432692307692 0.0459735576923076
