0 0.5396634615384616 0.4026442307692308 0.0865384615384615 0.0886418269230769
0 0.5396634615384616 0.5120192307692307 0.0799278846153846 0.087139423076923
0 0.6935096153846154 0.421875 0.0450721153846153 0.0739182692307692
0 0.7824519230769231 0.3641826923076923 0.040264423076923 0.0655048076923077
0 0.6887019230769231 0.5516826923076923 0.0501802884615384 0.0688100961538461
0 0.6850961538461539 0.7451923076923077 0.0378605769230769 0.0628004807692307
0 0.7295673076923077 0.7572115384615384 0.0414663461538461 0.0709134615384615
0 0.8810096153846154 0.5649038461538461 0.0414663461538461 0.0682091346153846
0 0.8978365384615384 0.4975961538461538 0.0456730769230769 0.071514423076923
0 0.8810096153846154 0.4338942307692308 0.0309495192307692 0.0555889423076923
0 0.3269230769230769 0.6009615384615384 0.0381610576923076 0.0634014423076923
0 0.3245192307692308 0.7403846153846154 0.0540865384615384 0.106670673076923
0 0.2644230769230769 0.6574519230769231 0.0339543269230769 0.0504807692307692
0 0.2752403846153846 0.7007211538461539 0.0384615384615384 0.0498798076923076
0 0.2680288461538461 0.3076923076923077 0.0459735576923076 0.0438701923076923
0 0.1850961538461538 0.7800480769230769 0.0249399038461538 0.0456730769230769
0 0.2271634615384615 0.796875 0.0354567307692307 0.0504807692307692
0 0.2560096153846153 0.7944711538461539 0.0258413461538461 0.0450721153846153
