0 0.2728365384615384 0.1706730769230769 0.0459735576923076 0.06640625
0 0.3365384615384615 0.1538461538461538 0.0330528846153846 0.0531850961538461
0 0.3846153846153846 0.3269230769230769 0.0471754807692307 0.0615985576923076
0 0.359375 0.2463942307692307 0.0369591346153846 0.0658052884615384
0 0.2824519230769231 0.3305288461538461 0.0450721153846153 0.0649038461538461
0 0.2908653846153846 0.4807692307692308 0.051983173076923 0.0661057692307692
0 0.2572115384615384 0.5264423076923077 0.0435697115384615 0.0673076923076923
0 0.2127403846153846 0.5108173076923077 0.0318509615384615 0.0495793269230769
0 0.1442307692307692 0.5973557692307693 0.046875 0.075420673076923
0 0.079326923076923 0.7740384615384616 0.0444711538461538 0.0670072115384615
0 0.1754807692307692 0.7584134615384616 0.0426682692307692 0.0646033653846153
0 0.3629807692307692 0.7163461538461539 0.048076923076923 0.1442307692307692
0 0.3954326923076923 0.5600961538461539 0.0459735576923076 0.0709134615384615
0 0.5805288461538461 0.4134615384615384 0.0447716346153846 0.0721153846153846
0 0.7596153846153846 0.235576923076923 0.0372596153846153 0.0634014423076923
0 0.7355769230769231 0.2632211538461538 0.0378605769230769 0.0850360576923077
0 0.7223557692307693 0.5024038461538461 0.03515625 0.0615985576923076
0 0.7728365384615384 0.5444711538461539 0.0513822115384615 0.1090745192307692
0 0.8233173076923077 0.7127403846153846 0.0606971153846153 0.1331129807692307
