0 0.6754807692307693 0.1454326923076923 0.0570913461538461 0.0790264423076923
0 0.4459134615384615 0.1466346153846154 0.0447716346153846 0.067608173076923
0 0.6213942307692307 0.3004807692307692 0.0652043269230769 0.0760216346153846
0 0.6682692307692307 0.3401442307692308 0.0483774038461538 0.0673076923076923
0 0.6694711538461539 0.4362980769230769 0.0552884615384615 0.0697115384615384
0 0.4302884615384615 0.4663461538461538 0.0567908653846153 0.0628004807692307
0 0.3269230769230769 0.5252403846153846 0.0489783653846153 0.0703125
0 0.4314903846153846 0.5829326923076923 0.0561899038461538 0.0694110576923077
0 0.5336538461538461 0.5973557692307693 0.051983173076923 0.0528846153846153
0 0.4771634615384615 0.7740384615384616 0.0576923076923076 0.067608173076923
