0 0.6706730769230769 0.15625 0.0474759615384615 0.0730168269230769
0 0.4399038461538461 0.15625 0.0540865384615384 0.0718149038461538
0 0.6165865384615384 0.3112980769230769 0.0609975961538461 0.0706129807692307
0 0.6634615384615384 0.3521634615384615 0.0579927884615384 0.0739182692307692
0 0.6646634615384616 0.4483173076923077 0.0594951923076923 0.0748197115384615
0 0.4242788461538461 0.4783653846153846 0.0594951923076923 0.06640625
0 0.3209134615384615 0.5372596153846154 0.05078125 0.0721153846153846
0 0.4254807692307692 0.5949519230769231 0.0628004807692307 0.0706129807692307
0 0.5288461538461539 0.609375 0.0573918269230769 0.0576923076923076
0 0.4711538461538461 0.7872596153846154 0.0564903846153846 0.0694110576923077
