0 0.4891826923076923 0.0456730769230769 0.0288461538461538 0.0435697115384615
0 0.4903846153846153 0.1995192307692307 0.0426682692307692 0.0384615384615384
0 0.4158653846153846 0.3317307692307692 0.0348557692307692 0.0390625
0 0.4399038461538461 0.4146634615384615 0.0291466346153846 0.0408653846153846
0 0.4891826923076923 0.4122596153846153 0.036358173076923 0.040264423076923
0 0.3882211538461538 0.4206730769230769 0.0309495192307692 0.0342548076923076
0 0.390625 0.5180288461538461 0.0261418269230769 0.0309495192307692
0 0.4423076923076923 0.5264423076923077 0.0237379807692307 0.0291466346153846
0 0.5264423076923077 0.4975961538461538 0.0375600961538461 0.0432692307692307
0 0.4867788461538461 0.5588942307692307 0.0357572115384615 0.0456730769230769
0 0.4903846153846153 0.6382211538461539 0.0378605769230769 0.0399639423076923
0 0.4086538461538461 0.6682692307692307 0.0567908653846153 0.05859375
0 0.3737980769230769 0.8100961538461539 0.0603966346153846 0.0432692307692307
