0 0.5 0.0661057692307692 0.0333533653846153 0.0465745192307692
0 0.5012019230769231 0.2175480769230769 0.0384615384615384 0.03515625
0 0.4290865384615384 0.3473557692307692 0.0309495192307692 0.0357572115384615
0 0.4519230769230769 0.4278846153846153 0.028545673076923 0.0387620192307692
0 0.5 0.4254807692307692 0.0336538461538461 0.0381610576923076
0 0.4014423076923077 0.4338942307692308 0.0327524038461538 0.0321514423076923
0 0.4038461538461538 0.5300480769230769 0.0288461538461538 0.03515625
0 0.4543269230769231 0.5372596153846154 0.024639423076923 0.0306490384615384
0 0.5372596153846154 0.5096153846153846 0.0360576923076923 0.0393629807692307
0 0.4987980769230769 0.5685096153846154 0.0336538461538461 0.0417668269230769
0 0.5012019230769231 0.6466346153846154 0.0366586538461538 0.0423677884615384
0 0.421875 0.6766826923076923 0.0546875 0.0576923076923076
0 0.3882211538461538 0.8161057692307693 0.0643028846153846 0.0465745192307692
