0 0.7644230769230769 0.6274038461538461 0.0525841346153846 0.0625
0 0.7391826923076923 0.703125 0.0555889423076923 0.0459735576923076
0 0.7524038461538461 0.1322115384615384 0.0573918269230769 0.0435697115384615
0 0.7572115384615384 0.1947115384615384 0.0573918269230769 0.051983173076923
0 0.2956730769230769 0.1983173076923076 0.048076923076923 0.0366586538461538
0 0.2884615384615384 0.4483173076923077 0.0537860576923076 0.0504807692307692
0 0.2283653846153846 0.4483173076923077 0.0489783653846153 0.0495793269230769
0 0.1189903846153846 0.4483173076923077 0.0447716346153846 0.0411658653846153
0 0.2211538461538461 0.5552884615384616 0.048076923076923 0.0628004807692307
0 0.2908653846153846 0.5769230769230769 0.0483774038461538 0.0528846153846153
0 0.1802884615384615 0.6262019230769231 0.0333533653846153 0.0417668269230769
0 0.8149038461538461 0.8713942307692307 0.0522836538461538 0.0576923076923076
