0 0.7620192307692307 0.6237980769230769 0.0438701923076923 0.0600961538461538
0 0.7355769230769231 0.7019230769230769 0.0634014423076923 0.0537860576923076
0 0.75 0.109375 0.0615985576923076 0.0456730769230769
0 0.7548076923076923 0.1754807692307692 0.05859375 0.0522836538461538
0 0.2764423076923077 0.1778846153846154 0.0531850961538461 0.046875
0 0.2680288461538461 0.4375 0.0549879807692307 0.0483774038461538
0 0.2067307692307692 0.4375 0.0528846153846153 0.0492788461538461
0 0.0925480769230769 0.4375 0.0456730769230769 0.0435697115384615
0 0.1983173076923076 0.5480769230769231 0.05078125 0.0670072115384615
0 0.2704326923076923 0.5709134615384616 0.0462740384615384 0.0513822115384615
0 0.15625 0.6213942307692307 0.0342548076923076 0.0450721153846153
0 0.8149038461538461 0.8762019230769231 0.0573918269230769 0.0643028846153846
