0 0.6598557692307693 0.2884615384615384 0.0384615384615384 0.0474759615384615
0 0.6862980769230769 0.3137019230769231 0.0354567307692307 0.03515625
0 0.6766826923076923 0.4615384615384615 0.02734375 0.0435697115384615
0 0.4675480769230769 0.5372596153846154 0.0594951923076923 0.0462740384615384
0 0.2271634615384615 0.7271634615384616 0.0336538461538461 0.0360576923076923
0 0.2692307692307692 0.5673076923076923 0.0288461538461538 0.0474759615384615
0 0.2427884615384615 0.4591346153846153 0.0387620192307692 0.04296875
0 0.2403846153846154 0.3942307692307692 0.024639423076923 0.0297475961538461
0 0.2427884615384615 0.2884615384615384 0.0252403846153846 0.0300480769230769
0 0.2764423076923077 0.2548076923076923 0.0294471153846153 0.0390625
0 0.3966346153846153 0.2271634615384615 0.0240384615384615 0.0288461538461538
0 0.4759615384615384 0.1935096153846154 0.0279447115384615 0.0321514423076923
0 0.4759615384615384 0.2596153846153846 0.0198317307692307 0.024639423076923
0 0.4747596153846153 0.2596153846153846 0.0354567307692307 0.0393629807692307
0 0.4675480769230769 0.296875 0.0288461538461538 0.03125
