0 0.7740384615384616 0.204326923076923 0.0378605769230769 0.0868389423076923
0 0.7836538461538461 0.5192307692307693 0.0288461538461538 0.0621995192307692
0 0.7367788461538461 0.4627403846153846 0.0366586538461538 0.0600961538461538
0 0.4831730769230769 0.203125 0.0348557692307692 0.0694110576923077
0 0.5120192307692307 0.6105769230769231 0.0393629807692307 0.0760216346153846
0 0.4447115384615384 0.6237980769230769 0.0393629807692307 0.0576923076923076
0 0.4783653846153846 0.6923076923076923 0.0348557692307692 0.0730168269230769
0 0.4807692307692308 0.8100961538461539 0.0522836538461538 0.0862379807692307
0 0.4495192307692308 0.8413461538461539 0.0375600961538461 0.0679086538461538
0 0.4038461538461538 0.640625 0.0294471153846153 0.0594951923076923
