0 0.7764423076923077 0.1995192307692307 0.0390625 0.0868389423076923
0 0.7860576923076923 0.5168269230769231 0.0339543269230769 0.0634014423076923
0 0.7391826923076923 0.4603365384615384 0.0336538461538461 0.0594951923076923
0 0.4831730769230769 0.1995192307692307 0.0432692307692307 0.0712139423076923
0 0.5132211538461539 0.609375 0.0384615384615384 0.0748197115384615
0 0.4459134615384615 0.6225961538461539 0.0417668269230769 0.0576923076923076
0 0.4795673076923077 0.6911057692307693 0.0450721153846153 0.075420673076923
0 0.4819711538461538 0.8100961538461539 0.040264423076923 0.0829326923076923
0 0.4507211538461538 0.8413461538461539 0.0417668269230769 0.0685096153846153
0 0.4038461538461538 0.6394230769230769 0.0300480769230769 0.0582932692307692
