0 0.7740384615384616 0.1959134615384615 0.0432692307692307 0.0880408653846153
0 0.7836538461538461 0.5144230769230769 0.0345552884615384 0.0634014423076923
0 0.7367788461538461 0.4579326923076923 0.0405649038461538 0.0600961538461538
0 0.4807692307692308 0.1947115384615384 0.0483774038461538 0.0733173076923077
0 0.5096153846153846 0.6069711538461539 0.0378605769230769 0.0748197115384615
0 0.4423076923076923 0.6201923076923077 0.04296875 0.0588942307692307
0 0.4759615384615384 0.6899038461538461 0.0435697115384615 0.0766225961538461
0 0.4783653846153846 0.8076923076923077 0.0474759615384615 0.087139423076923
0 0.4471153846153846 0.8401442307692307 0.044170673076923 0.0703125
0 0.4002403846153846 0.6370192307692307 0.03125 0.0582932692307692
