0 0.4483173076923077 0.5841346153846154 0.0673076923076923 0.0904447115384615
0 0.2536057692307692 0.5612980769230769 0.0625 0.0769230769230769
0 0.5264423076923077 0.5661057692307693 0.0709134615384615 0.0838341346153846
0 0.5612980769230769 0.6887019230769231 0.0655048076923077 0.0606971153846153
0 0.4927884615384615 0.2271634615384615 0.0612980769230769 0.0600961538461538
0 0.5576923076923077 0.1298076923076923 0.0634014423076923 0.0634014423076923
0 0.5841346153846154 0.3064903846153846 0.0618990384615384 0.0625
0 0.6358173076923077 0.4783653846153846 0.055889423076923 0.0628004807692307
0 0.5516826923076923 0.8064903846153846 0.0546875 0.059795673076923
0 0.5673076923076923 0.8533653846153846 0.0477764423076923 0.0618990384615384
