0 0.453125 0.578125 0.0549879807692307 0.0850360576923077
0 0.2596153846153846 0.5552884615384616 0.0528846153846153 0.0727163461538461
0 0.5300480769230769 0.5600961538461539 0.0600961538461538 0.0772235576923077
0 0.5661057692307693 0.6814903846153846 0.0658052884615384 0.0625
0 0.4963942307692308 0.2211538461538461 0.059795673076923 0.0588942307692307
0 0.5612980769230769 0.1237980769230769 0.055889423076923 0.0561899038461538
0 0.5877403846153846 0.3004807692307692 0.0543870192307692 0.0570913461538461
0 0.6394230769230769 0.4711538461538461 0.0534855769230769 0.0621995192307692
0 0.5552884615384616 0.7992788461538461 0.0486778846153846 0.0546875
0 0.5709134615384616 0.8449519230769231 0.0453725961538461 0.0600961538461538
