0 0.1754807692307692 0.126201923076923 0.0384615384615384 0.0414663461538461
0 0.1394230769230769 0.1586538461538461 0.0378605769230769 0.0291466346153846
0 0.1670673076923076 0.2079326923076923 0.0411658653846153 0.0369591346153846
0 0.094951923076923 0.1899038461538461 0.0318509615384615 0.0345552884615384
0 0.09375 0.2259615384615384 0.0339543269230769 0.0336538461538461
0 0.219951923076923 0.3725961538461538 0.0399639423076923 0.0294471153846153
0 0.1694711538461538 0.3798076923076923 0.0318509615384615 0.0333533653846153
0 0.2740384615384615 0.5685096153846154 0.0345552884615384 0.0399639423076923
0 0.3245192307692308 0.4927884615384615 0.0375600961538461 0.0420673076923076
0 0.2271634615384615 0.4939903846153846 0.0408653846153846 0.0456730769230769
0 0.5973557692307693 0.1358173076923076 0.03515625 0.0691105769230769
0 0.6334134615384616 0.3870192307692308 0.0417668269230769 0.0345552884615384
0 0.5673076923076923 0.3846153846153846 0.04296875 0.0345552884615384
0 0.6262019230769231 0.4326923076923077 0.0357572115384615 0.0336538461538461
0 0.6346153846153846 0.5336538461538461 0.0471754807692307 0.0423677884615384
0 0.6262019230769231 0.4879807692307692 0.0318509615384615 0.0393629807692307
0 0.3377403846153846 0.6502403846153846 0.0384615384615384 0.0447716346153846
0 0.2247596153846154 0.6490384615384616 0.0453725961538461 0.0438701923076923
0 0.8473557692307693 0.1358173076923076 0.0336538461538461 0.0691105769230769
0 0.859375 0.2752403846153846 0.0315504807692307 0.0315504807692307
0 0.8533653846153846 0.3028846153846153 0.0348557692307692 0.0294471153846153
0 0.8701923076923077 0.3425480769230769 0.0294471153846153 0.0321514423076923
