0 0.0588942307692307 0.1790865384615384 0.0688100961538461 0.0694110576923077
0 0.2451923076923076 0.4098557692307692 0.05859375 0.0600961538461538
0 0.2475961538461538 0.7115384615384616 0.0721153846153846 0.0826322115384615
0 0.3173076923076923 0.65625 0.0474759615384615 0.063701923076923
0 0.375 0.6622596153846154 0.0628004807692307 0.0847355769230769
0 0.3798076923076923 0.5384615384615384 0.0615985576923076 0.0724158653846153
0 0.4675480769230769 0.7235576923076923 0.0706129807692307 0.0808293269230769
0 0.7043269230769231 0.7019230769230769 0.071514423076923 0.0862379807692307
0 0.7043269230769231 0.5889423076923077 0.0540865384615384 0.0772235576923077
0 0.796875 0.4831730769230769 0.048076923076923 0.0727163461538461
0 0.8617788461538461 0.4230769230769231 0.0594951923076923 0.0727163461538461
0 0.7872596153846154 0.3185096153846153 0.0552884615384615 0.0694110576923077
0 0.8413461538461539 0.3185096153846153 0.0621995192307692 0.0796274038461538
