0 0.0396634615384615 0.1634615384615384 0.0673076923076923 0.0679086538461538
0 0.2307692307692307 0.4002403846153846 0.0631009615384615 0.0652043269230769
0 0.2319711538461538 0.7079326923076923 0.0646033653846153 0.0769230769230769
0 0.3040865384615384 0.6514423076923077 0.0447716346153846 0.0628004807692307
0 0.3629807692307692 0.6574519230769231 0.0522836538461538 0.0817307692307692
0 0.3665865384615384 0.53125 0.0625 0.0763221153846153
0 0.4567307692307692 0.7199519230769231 0.0667067307692307 0.0751201923076923
0 0.6983173076923077 0.6971153846153846 0.0688100961538461 0.0868389423076923
0 0.6983173076923077 0.5817307692307693 0.059795673076923 0.0808293269230769
0 0.7932692307692307 0.4747596153846153 0.0537860576923076 0.0799278846153846
0 0.859375 0.4134615384615384 0.0561899038461538 0.0724158653846153
0 0.7836538461538461 0.3064903846153846 0.0682091346153846 0.0787259615384615
0 0.8377403846153846 0.3064903846153846 0.0655048076923077 0.0835336538461538
