0 0.2079326923076923 0.2295673076923076 0.0703125 0.1328125
0 0.2091346153846154 0.4603365384615384 0.0612980769230769 0.0694110576923077
0 0.2740384615384615 0.5276442307692307 0.0667067307692307 0.0643028846153846
0 0.1706730769230769 0.5456730769230769 0.0615985576923076 0.0486778846153846
0 0.2259615384615384 0.6838942307692307 0.0564903846153846 0.048076923076923
0 0.3641826923076923 0.6742788461538461 0.0510817307692307 0.0643028846153846
0 0.7055288461538461 0.2307692307692307 0.0844350961538461 0.1349158653846154
0 0.8665865384615384 0.5901442307692307 0.0649038461538461 0.0706129807692307
0 0.875 0.6850961538461539 0.0757211538461538 0.0670072115384615
0 0.7512019230769231 0.6911057692307693 0.0600961538461538 0.0643028846153846
0 0.7463942307692307 0.8040865384615384 0.07421875 0.083233173076923
0 0.7764423076923077 0.8954326923076923 0.0727163461538461 0.0625
