0 0.2127403846153846 0.2403846153846154 0.0844350961538461 0.1334134615384615
0 0.2139423076923076 0.46875 0.0628004807692307 0.0709134615384615
0 0.2764423076923077 0.5348557692307693 0.0679086538461538 0.0649038461538461
0 0.1754807692307692 0.5528846153846154 0.0570913461538461 0.046875
0 0.2295673076923076 0.6887019230769231 0.0549879807692307 0.0495793269230769
0 0.3665865384615384 0.6790865384615384 0.05078125 0.0643028846153846
0 0.7019230769230769 0.2427884615384615 0.0682091346153846 0.12890625
0 0.8617788461538461 0.5961538461538461 0.0688100961538461 0.0760216346153846
0 0.8689903846153846 0.6899038461538461 0.0694110576923077 0.0576923076923076
0 0.7463942307692307 0.6959134615384616 0.0591947115384615 0.0643028846153846
0 0.7427884615384616 0.8076923076923077 0.0631009615384615 0.0757211538461538
0 0.7728365384615384 0.8978365384615384 0.0658052884615384 0.055889423076923
