0 0.7560096153846154 0.1742788461538461 0.0369591346153846 0.0609975961538461
0 0.7139423076923077 0.3834134615384615 0.0438701923076923 0.0543870192307692
0 0.6899038461538461 0.5841346153846154 0.0435697115384615 0.048076923076923
0 0.796875 0.7175480769230769 0.0366586538461538 0.0546875
0 0.7403846153846154 0.7043269230769231 0.0435697115384615 0.0534855769230769
0 0.7896634615384616 0.8473557692307693 0.0366586538461538 0.0652043269230769
0 0.3641826923076923 0.6466346153846154 0.0399639423076923 0.051983173076923
0 0.2560096153846153 0.7788461538461539 0.0414663461538461 0.0534855769230769
0 0.2560096153846153 0.5576923076923077 0.0462740384615384 0.0471754807692307
0 0.2884615384615384 0.4567307692307692 0.051983173076923 0.0582932692307692
0 0.235576923076923 0.3978365384615384 0.0384615384615384 0.0495793269230769
0 0.2271634615384615 0.171875 0.0321514423076923 0.0555889423076923
0 0.1670673076923076 0.1298076923076923 0.040264423076923 0.0396634615384615
