0 0.8293269230769231 0.9014423076923076 0.2638221153846153 0.14453125
0 0.6033653846153846 0.908653846153846 0.1884014423076923 0.1352163461538461
0 0.4963942307692308 0.1189903846153846 0.9302884615384616 0.2379807692307692
0 0.7800480769230769 0.3269230769230769 0.3290264423076923 0.25390625
0 0.6887019230769231 0.5060096153846154 0.1228966346153846 0.1090745192307692
0 0.8461538461538461 0.5036057692307693 0.203125 0.1274038461538461
0 0.7776442307692307 0.6971153846153846 0.3575721153846153 0.2971754807692308
0 0.1694711538461538 0.7175480769230769 0.26171875 0.2469951923076923
0 0.1502403846153846 0.3269230769230769 0.2331730769230769 0.2493990384615384
0 0.140625 0.5060096153846154 0.1893028846153846 0.1409254807692307
0 0.4399038461538461 0.5180288461538461 0.4387019230769231 0.6508413461538461
