0 0.8617788461538461 0.903846153846154 0.2671274038461538 0.1246995192307692
0 0.6262019230769231 0.9110576923076924 0.1953125 0.1352163461538461
0 0.5144230769230769 0.0877403846153846 0.966346153846154 0.1754807692307692
0 0.8112980769230769 0.3052884615384615 0.33984375 0.2602163461538461
0 0.7151442307692307 0.4915865384615384 0.1325120192307692 0.1216947115384615
0 0.8798076923076923 0.4891826923076923 0.2076322115384615 0.118389423076923
0 0.8076923076923077 0.6911057692307693 0.3557692307692308 0.2836538461538461
0 0.173076923076923 0.7127403846153846 0.2875600961538461 0.2722355769230769
0 0.1526442307692307 0.3052884615384615 0.2427884615384615 0.2554086538461538
0 0.1430288461538461 0.4915865384615384 0.1896033653846154 0.1265024038461538
0 0.4555288461538461 0.5048076923076923 0.4245793269230769 0.6646634615384616
