0 0.8305288461538461 0.924278846153846 0.2674278846153846 0.1394230769230769
0 0.5985576923076923 0.9302884615384616 0.1971153846153846 0.1394230769230769
0 0.4903846153846153 0.1153846153846153 0.9567307692307692 0.2205528846153846
0 0.78125 0.3353365384615384 0.3599759615384615 0.2953725961538461
0 0.6862980769230769 0.5192307692307693 0.1225961538461538 0.106670673076923
0 0.8485576923076923 0.5168269230769231 0.2076322115384615 0.1189903846153846
0 0.7776442307692307 0.7151442307692307 0.36328125 0.3001802884615384
0 0.1526442307692307 0.7355769230769231 0.28125 0.2680288461538461
0 0.1334134615384615 0.3353365384615384 0.2328725961538461 0.247295673076923
0 0.1237980769230769 0.5192307692307693 0.1844951923076923 0.12109375
0 0.4314903846153846 0.53125 0.4206730769230769 0.6577524038461539
