2 0.7824519230769231 0.06490384615384616 0.1271033653846154 0.03786057692307692
2 0.9146634615384616 0.4567307692307692 0.07932692307692307 0.22506009615384615
2 0.9194711538461539 0.7091346153846154 0.07992788461538461 0.23467548076923078
2 0.2764423076923077 0.31850961538461536 0.13431490384615385 0.036057692307692304
0 0.7319711538461539 0.8762019230769231 0.34314903846153844 0.11207932692307693
0 0.7319711538461539 0.7043269230769231 0.37680288461538464 0.3115985576923077
0 0.7307692307692307 0.453125 0.3740985576923077 0.29537259615384615
0 0.3137019230769231 0.453125 0.2581129807692308 0.25210336538461536
0 0.29086538461538464 0.7019230769230769 0.21243990384615385 0.24969951923076922
0 0.3545673076923077 0.7668269230769231 0.07061298076923077 0.11508413461538461
0 0.2800480769230769 0.18870192307692307 0.2052283653846154 0.2644230769230769
0 0.6490384615384616 0.45072115384615385 0.6487379807692307 0.8335336538461539
1 0.3701923076923077 0.2620192307692308 0.14453125 0.07662259615384616
1 0.5901442307692307 0.546875 0.07842548076923077 0.0655048076923077
1 0.42908653846153844 0.6129807692307693 0.07001201923076923 0.05348557692307692
1 0.4230769230769231 0.765625 0.07211538461538461 0.055288461538461536
1 0.4651442307692308 0.8317307692307693 0.13701923076923078 0.1307091346153846
1 0.5877403846153846 0.7860576923076923 0.07481971153846154 0.0625
1 0.7079326923076923 0.8100961538461539 0.07481971153846154 0.06370192307692307