2 0.7740384615384616 0.04807692307692308 0.12620192307692307 0.04717548076923077
2 0.9098557692307693 0.45072115384615385 0.08804086538461539 0.2283653846153846
2 0.9146634615384616 0.7091346153846154 0.04657451923076923 0.2403846153846154
2 0.25600961538461536 0.3088942307692308 0.13641826923076922 0.04537259615384615
0 0.7223557692307693 0.8810096153846154 0.35306490384615385 0.1271033653846154
0 0.7223557692307693 0.7055288461538461 0.3524639423076923 0.25961538461538464
0 0.7223557692307693 0.44711538461538464 0.3816105769230769 0.3019831730769231
0 0.2932692307692308 0.44711538461538464 0.29747596153846156 0.28966346153846156
0 0.2704326923076923 0.703125 0.25210336538461536 0.28064903846153844
0 0.33653846153846156 0.7680288461538461 0.09525240384615384 0.12740384615384615
0 0.25961538461538464 0.17548076923076922 0.19801682692307693 0.265625
0 0.6382211538461539 0.44471153846153844 0.6361177884615384 0.8404447115384616
1 0.35216346153846156 0.25 0.14603365384615385 0.05889423076923077
1 0.578125 0.5420673076923077 0.07542067307692307 0.05979567307692308
1 0.41225961538461536 0.6105769230769231 0.0751201923076923 0.06280048076923077
1 0.40625 0.7680288461538461 0.07271634615384616 0.05078125
1 0.4495192307692308 0.8353365384615384 0.13010817307692307 0.12289663461538461
1 0.5757211538461539 0.7884615384615384 0.07992788461538461 0.06760817307692307
1 0.6983173076923077 0.8137019230769231 0.07451923076923077 0.06520432692307693