2 0.7752403846153846 0.055288461538461536 0.12980769230769232 0.03485576923076923
2 0.9098557692307693 0.4543269230769231 0.08473557692307693 0.22686298076923078
2 0.9146634615384616 0.7127403846153846 0.08984375 0.23407451923076922
2 0.25961538461538464 0.31490384615384615 0.13521634615384615 0.029447115384615384
0 0.7235576923076923 0.8834134615384616 0.3503605769230769 0.15114182692307693
0 0.7235576923076923 0.7079326923076923 0.38040865384615385 0.3097956730769231
0 0.7223557692307693 0.4519230769230769 0.36388221153846156 0.26953125
0 0.296875 0.4519230769230769 0.28575721153846156 0.27914663461538464
0 0.27403846153846156 0.7055288461538461 0.21574519230769232 0.25210336538461536
0 0.3389423076923077 0.7716346153846154 0.07632211538461539 0.1162860576923077
0 0.26322115384615385 0.1814903846153846 0.22355769230769232 0.27584134615384615
0 0.6394230769230769 0.4495192307692308 0.6742788461538461 0.8560697115384616
1 0.3545673076923077 0.25600961538461536 0.1463341346153846 0.0703125
1 0.5793269230769231 0.546875 0.07211538461538461 0.055588942307692304
1 0.41466346153846156 0.6141826923076923 0.07211538461538461 0.059194711538461536
1 0.40865384615384615 0.7704326923076923 0.07241586538461539 0.055588942307692304
1 0.4519230769230769 0.8377403846153846 0.14483173076923078 0.14092548076923078
1 0.5769230769230769 0.7908653846153846 0.07692307692307693 0.06280048076923077
1 0.6995192307692307 0.8161057692307693 0.07151442307692307 0.05979567307692308