0 0.5480769230769231 0.14302884615384615 0.26802884615384615 0.16045673076923078
2 0.35336538461538464 0.2127403846153846 0.12109375 0.026141826923076924
2 0.6310096153846154 0.21033653846153846 0.09405048076923077 0.012319711538461538
2 0.38822115384615385 0.7620192307692307 0.11778846153846154 0.03786057692307692
2 0.7980769230769231 0.5961538461538461 0.0234375 0.03936298076923077
0 0.7019230769230769 0.8257211538461539 0.18810096153846154 0.13251201923076922
0 0.7271634615384616 0.7103365384615384 0.13942307692307693 0.10276442307692307
0 0.7223557692307693 0.5829326923076923 0.15234375 0.1700721153846154
0 0.36658653846153844 0.6298076923076923 0.2325721153846154 0.2512019230769231
0 0.7235576923076923 0.4699519230769231 0.13040865384615385 0.060396634615384616
0 0.5216346153846154 0.453125 0.5817307692307693 0.5303485576923077
1 0.49158653846153844 0.20793269230769232 0.09405048076923077 0.1268028846153846
1 0.6189903846153846 0.4675480769230769 0.08473557692307693 0.0655048076923077
1 0.46634615384615385 0.5709134615384616 0.07692307692307693 0.05078125
1 0.6286057692307693 0.5661057692307693 0.07872596153846154 0.055588942307692304
1 0.6887019230769231 0.6526442307692307 0.06971153846153846 0.059495192307692304
1 0.5444711538461539 0.7139423076923077 0.06971153846153846 0.0625
1 0.5432692307692307 0.7836538461538461 0.07271634615384616 0.05348557692307692
1 0.5817307692307693 0.8449519230769231 0.078125 0.052884615384615384