0 0.5552884615384616 0.15625 0.2686298076923077 0.1640625
2 0.3605769230769231 0.22596153846153846 0.11989182692307693 0.034555288461538464
2 0.6370192307692307 0.22355769230769232 0.09585336538461539 0.01532451923076923
2 0.3942307692307692 0.7752403846153846 0.1201923076923077 0.01622596153846154
2 0.8052884615384616 0.609375 0.0234375 0.04056490384615385
0 0.7091346153846154 0.8389423076923077 0.19290865384615385 0.14813701923076922
0 0.7331730769230769 0.7235576923076923 0.1310096153846154 0.0859375
0 0.7295673076923077 0.5961538461538461 0.15594951923076922 0.17247596153846154
0 0.3737980769230769 0.6430288461538461 0.2614182692307692 0.27884615384615385
0 0.7307692307692307 0.4831730769230769 0.13040865384615385 0.07181490384615384
0 0.5276442307692307 0.46634615384615385 0.5643028846153846 0.5099158653846154
1 0.4987980769230769 0.22115384615384615 0.09405048076923077 0.12560096153846154
1 0.625 0.4807692307692308 0.08653846153846154 0.06850961538461539
1 0.4735576923076923 0.5841346153846154 0.08233173076923077 0.0634014423076923
1 0.6358173076923077 0.5793269230769231 0.07992788461538461 0.061598557692307696
1 0.6947115384615384 0.6658653846153846 0.07151442307692307 0.0625
1 0.5504807692307693 0.7271634615384616 0.07692307692307693 0.06971153846153846
1 0.5492788461538461 0.796875 0.07451923076923077 0.05588942307692308
1 0.5877403846153846 0.8581730769230769 0.07692307692307693 0.048677884615384616