0 0.5564903846153846 0.1466346153846154 0.2569110576923077 0.12139423076923077
2 0.36177884615384615 0.21754807692307693 0.12289663461538461 0.007512019230769231
2 0.6394230769230769 0.21514423076923078 0.09224759615384616 0.030348557692307692
2 0.3954326923076923 0.7692307692307693 0.12229567307692307 0.027644230769230768
2 0.8076923076923077 0.6033653846153846 0.020432692307692308 0.03936298076923077
0 0.7115384615384616 0.8329326923076923 0.19140625 0.13762019230769232
0 0.7367788461538461 0.71875 0.13731971153846154 0.09194711538461539
0 0.7319711538461539 0.5889423076923077 0.16045673076923078 0.1736778846153846
0 0.375 0.6370192307692307 0.27013221153846156 0.2887620192307692
0 0.7331730769230769 0.47596153846153844 0.1310096153846154 0.06700721153846154
0 0.5300480769230769 0.45913461538461536 0.59375 0.5441706730769231
1 0.5 0.2127403846153846 0.11147836538461539 0.13792067307692307
1 0.6274038461538461 0.4735576923076923 0.08713942307692307 0.0712139423076923
1 0.47475961538461536 0.578125 0.08353365384615384 0.06400240384615384
1 0.6382211538461539 0.5721153846153846 0.07872596153846154 0.056790865384615384
1 0.6983173076923077 0.6598557692307693 0.07061298076923077 0.060697115384615384
1 0.5528846153846154 0.7211538461538461 0.08082932692307693 0.07271634615384616
1 0.5516826923076923 0.7920673076923077 0.08022836538461539 0.0655048076923077
1 0.5901442307692307 0.8533653846153846 0.07542067307692307 0.048978365384615384