0 0.49399038461538464 0.1045673076923077 0.6508413461538461 0.09765625
0 0.7175480769230769 0.23197115384615385 0.22325721153846154 0.19230769230769232
2 0.8233173076923077 0.17908653846153846 0.016826923076923076 0.022235576923076924
2 0.8233173076923077 0.234375 0.020733173076923076 0.05498798076923077
2 0.8245192307692307 0.28365384615384615 0.01532451923076923 0.02013221153846154
2 0.16706730769230768 0.19230769230769232 0.012319711538461538 0.01953125
2 0.16466346153846154 0.27403846153846156 0.01201923076923077 0.019831730769230768
2 0.4483173076923077 0.06490384615384616 0.022235576923076924 0.01532451923076923
2 0.4639423076923077 0.8088942307692307 0.0673076923076923 0.01171875
2 0.2692307692307692 0.8088942307692307 0.04837740384615385 0.012620192307692308
2 0.2644230769230769 0.47596153846153844 0.0673076923076923 0.0234375
2 0.46033653846153844 0.47475961538461536 0.10877403846153846 0.031850961538461536
2 0.7259615384615384 0.4735576923076923 0.06670673076923077 0.01532451923076923
2 0.5997596153846154 0.8088942307692307 0.022536057692307692 0.017427884615384616
2 0.7536057692307693 0.8088942307692307 0.06490384615384616 0.016526442307692308
2 0.16466346153846154 0.6009615384615384 0.012920673076923076 0.019230769230769232
2 0.16466346153846154 0.6814903846153846 0.017127403846153848 0.025841346153846152
0 0.6081730769230769 0.5192307692307693 0.07211538461538461 0.0772235576923077
0 0.6081730769230769 0.59375 0.06820913461538461 0.06670673076923077
0 0.7319711538461539 0.5528846153846154 0.17457932692307693 0.14513221153846154
0 0.7536057692307693 0.7151442307692307 0.13671875 0.18088942307692307
0 0.21153846153846154 0.6778846153846154 0.07752403846153846 0.0967548076923077
0 0.25961538461538464 0.7536057692307693 0.18269230769230768 0.11778846153846154
0 0.3016826923076923 0.6646634615384616 0.09375 0.08323317307692307
0 0.3713942307692308 0.6418269230769231 0.4450120192307692 0.3894230769230769
0 0.6286057692307693 0.8533653846153846 0.13942307692307693 0.08743990384615384
0 0.6298076923076923 0.7151442307692307 0.1484375 0.1856971153846154
0 0.11778846153846154 0.6766826923076923 0.0967548076923077 0.2325721153846154
1 0.14903846153846154 0.7548076923076923 0.05739182692307692 0.04837740384615385
1 0.2283653846153846 0.7475961538461539 0.04447115384615385 0.042367788461538464
1 0.3329326923076923 0.7524038461538461 0.044771634615384616 0.038461538461538464
1 0.6598557692307693 0.8269230769230769 0.04567307692307692 0.052884615384615384
1 0.6610576923076923 0.7680288461538461 0.04417067307692308 0.045973557692307696
1 0.7079326923076923 0.7091346153846154 0.04176682692307692 0.034555288461538464
1 0.6165865384615384 0.6454326923076923 0.038461538461538464 0.041165865384615384
1 0.6682692307692307 0.6117788461538461 0.042367788461538464 0.040865384615384616
1 0.23798076923076922 0.6850961538461539 0.03756009615384615 0.034254807692307696
0 0.27283653846153844 0.234375 0.20402644230769232 0.17487980769230768
0 0.11658653846153846 0.23317307692307693 0.10907451923076923 0.16376201923076922
0 0.36778846153846156 0.3581730769230769 0.3903245192307692 0.10486778846153846
0 0.71875 0.359375 0.18870192307692307 0.07451923076923077
0 0.49399038461538464 0.27283653846153844 0.2578125 0.2578125
1 0.14783653846153846 0.23557692307692307 0.055288461538461536 0.043870192307692304
1 0.3581730769230769 0.23557692307692307 0.047776442307692304 0.043870192307692304
1 0.5444711538461539 0.2247596153846154 0.04567307692307692 0.04807692307692308
1 0.6370192307692307 0.20432692307692307 0.04417067307692308 0.03756009615384615