0 0.47836538461538464 0.0985576923076923 0.6778846153846154 0.14903846153846154
0 0.7127403846153846 0.23076923076923078 0.21875 0.1814903846153846
2 0.8221153846153846 0.17548076923076922 0.01532451923076923 0.023737980769230768
2 0.8233173076923077 0.23317307692307693 0.025841346153846152 0.05739182692307692
2 0.8233173076923077 0.2848557692307692 0.012920673076923076 0.021634615384615384
2 0.13822115384615385 0.18990384615384615 0.015925480769230768 0.02013221153846154
2 0.1346153846153846 0.27403846153846156 0.014423076923076924 0.023737980769230768
2 0.43028846153846156 0.056490384615384616 0.02403846153846154 0.016526442307692308
2 0.44711538461538464 0.8329326923076923 0.07181490384615384 0.016526442307692308
2 0.2439903846153846 0.8329326923076923 0.050180288461538464 0.021935096153846152
2 0.23918269230769232 0.4855769230769231 0.06971153846153846 0.01532451923076923
2 0.44350961538461536 0.4831730769230769 0.11538461538461539 0.0234375
2 0.7211538461538461 0.4831730769230769 0.0673076923076923 0.019230769230769232
2 0.5889423076923077 0.8329326923076923 0.024639423076923076 0.017728365384615384
2 0.7487980769230769 0.8329326923076923 0.0673076923076923 0.012319711538461538
2 0.13581730769230768 0.6153846153846154 0.01201923076923077 0.01893028846153846
2 0.1346153846153846 0.7007211538461539 0.020432692307692308 0.026442307692307692
0 0.5973557692307693 0.5300480769230769 0.08443509615384616 0.0889423076923077
0 0.5973557692307693 0.6081730769230769 0.06971153846153846 0.06310096153846154
0 0.7271634615384616 0.5661057692307693 0.19921875 0.17487980769230768
0 0.75 0.734375 0.15895432692307693 0.19921875
0 0.18389423076923078 0.6959134615384616 0.08864182692307693 0.10426682692307693
0 0.234375 0.7752403846153846 0.19230769230769232 0.13131009615384615
0 0.27884615384615385 0.6826923076923077 0.09104567307692307 0.07662259615384616
0 0.35096153846153844 0.6586538461538461 0.41796875 0.33743990384615385
0 0.6189903846153846 0.8798076923076923 0.14603365384615385 0.09495192307692307
0 0.6201923076923077 0.734375 0.12620192307692307 0.17998798076923078
0 0.08653846153846154 0.6947115384615384 0.11568509615384616 0.24459134615384615
1 0.11899038461538461 0.7764423076923077 0.060396634615384616 0.05228365384615385
1 0.20072115384615385 0.7692307692307693 0.04537259615384615 0.04296875
1 0.31009615384615385 0.7740384615384616 0.043870192307692304 0.038161057692307696
1 0.6526442307692307 0.8521634615384616 0.04176682692307692 0.052884615384615384
1 0.6526442307692307 0.7896634615384616 0.04537259615384615 0.046274038461538464
1 0.7019230769230769 0.7295673076923077 0.04807692307692308 0.04176682692307692
1 0.6069711538461539 0.6622596153846154 0.045973557692307696 0.050180288461538464
1 0.6598557692307693 0.6274038461538461 0.044771634615384616 0.04296875
1 0.21153846153846154 0.703125 0.04266826923076923 0.036959134615384616
0 0.24759615384615385 0.23317307692307693 0.23076923076923078 0.20252403846153846
0 0.08533653846153846 0.23197115384615385 0.11358173076923077 0.17097355769230768
0 0.3473557692307692 0.3629807692307692 0.40234375 0.14513221153846154
0 0.7139423076923077 0.3641826923076923 0.1974158653846154 0.07451923076923077
0 0.47836538461538464 0.27283653846153844 0.27794471153846156 0.2761418269230769
1 0.11658653846153846 0.234375 0.057692307692307696 0.045973557692307696
1 0.33653846153846156 0.23557692307692307 0.052884615384615384 0.048978365384615384
1 0.53125 0.22355769230769232 0.043569711538461536 0.04447115384615385
1 0.6274038461538461 0.20192307692307693 0.04447115384615385 0.038461538461538464