0 0.4951923076923077 0.1141826923076923 0.6439302884615384 0.13611778846153846
0 0.7163461538461539 0.23918269230769232 0.21183894230769232 0.17638221153846154
2 0.8209134615384616 0.18629807692307693 0.014423076923076924 0.021634615384615384
2 0.8209134615384616 0.24158653846153846 0.026141826923076924 0.052884615384615384
2 0.8209134615384616 0.29086538461538464 0.014423076923076924 0.02013221153846154
2 0.171875 0.20072115384615385 0.016526442307692308 0.021935096153846152
2 0.16826923076923078 0.2800480769230769 0.013822115384615384 0.021634615384615384
2 0.4495192307692308 0.0733173076923077 0.0234375 0.012319711538461538
2 0.4651442307692308 0.8112980769230769 0.0655048076923077 0.019230769230769232
2 0.27283653846153844 0.8100961538461539 0.04807692307692308 0.019230769230769232
2 0.2668269230769231 0.4807692307692308 0.06700721153846154 0.018629807692307692
2 0.46153846153846156 0.4795673076923077 0.10667067307692307 0.036057692307692304
2 0.7247596153846154 0.47836538461538464 0.06400240384615384 0.023737980769230768
2 0.5985576923076923 0.8112980769230769 0.024338942307692308 0.016826923076923076
2 0.7512019230769231 0.8112980769230769 0.06400240384615384 0.025540865384615384
2 0.16947115384615385 0.6045673076923077 0.012319711538461538 0.017427884615384616
2 0.16826923076923078 0.6838942307692307 0.018329326923076924 0.022536057692307692
0 0.6081730769230769 0.5228365384615384 0.08173076923076923 0.0850360576923077
0 0.6081730769230769 0.5973557692307693 0.07241586538461539 0.06971153846153846
0 0.7295673076923077 0.5576923076923077 0.19020432692307693 0.16796875
0 0.7512019230769231 0.7175480769230769 0.13701923076923078 0.18058894230769232
0 0.21514423076923078 0.6802884615384616 0.08383413461538461 0.10126201923076923
0 0.26322115384615385 0.7548076923076923 0.17548076923076922 0.10126201923076923
0 0.30528846153846156 0.6682692307692307 0.08623798076923077 0.07211538461538461
0 0.3737980769230769 0.6454326923076923 0.4209735576923077 0.3542668269230769
0 0.6286057692307693 0.8545673076923077 0.14122596153846154 0.0946514423076923
0 0.6298076923076923 0.7175480769230769 0.12590144230769232 0.17518028846153846
0 0.12259615384615384 0.6790865384615384 0.09645432692307693 0.22896634615384615
1 0.15384615384615385 0.7560096153846154 0.05318509615384615 0.04026442307692308
1 0.23197115384615385 0.75 0.044771634615384616 0.042367788461538464
1 0.33533653846153844 0.7548076923076923 0.04326923076923077 0.0390625
1 0.6598557692307693 0.828125 0.04537259615384615 0.0546875
1 0.6598557692307693 0.7692307692307693 0.041165865384615384 0.039663461538461536
1 0.7067307692307693 0.7127403846153846 0.046875 0.041165865384615384
1 0.6165865384615384 0.6490384615384616 0.04026442307692308 0.043569711538461536
1 0.6670673076923077 0.6153846153846154 0.041165865384615384 0.0390625
1 0.24158653846153846 0.6875 0.035757211538461536 0.029747596153846152
0 0.27524038461538464 0.24158653846153846 0.20402644230769232 0.17457932692307693
0 0.12139423076923077 0.2403846153846154 0.11057692307692307 0.16346153846153846
0 0.3701923076923077 0.3641826923076923 0.38521634615384615 0.1201923076923077
0 0.7175480769230769 0.36538461538461536 0.19050480769230768 0.08082932692307693
0 0.49399038461538464 0.27884615384615385 0.2548076923076923 0.2548076923076923
1 0.15144230769230768 0.24278846153846154 0.04837740384615385 0.038461538461538464
1 0.3605769230769231 0.2439903846153846 0.046875 0.04176682692307692
1 0.5444711538461539 0.23317307692307693 0.04326923076923077 0.04447115384615385
1 0.6358173076923077 0.21153846153846154 0.046274038461538464 0.038461538461538464