2 0.5432692307692307 0.20072115384615385 0.05739182692307692 0.021334134615384616
2 0.7439903846153846 0.19951923076923078 0.09405048076923077 0.025240384615384616
2 0.6971153846153846 0.6766826923076923 0.13341346153846154 0.045072115384615384
2 0.33533653846153844 0.6778846153846154 0.0889423076923077 0.024338942307692308
0 0.21995192307692307 0.27403846153846156 0.19020432692307693 0.13040865384615385
0 0.3557692307692308 0.3713942307692308 0.1775841346153846 0.10426682692307693
0 0.3798076923076923 0.265625 0.11929086538461539 0.09375
0 0.1935096153846154 0.47716346153846156 0.16676682692307693 0.27133413461538464
0 0.20432692307692307 0.7211538461538461 0.16887019230769232 0.09735576923076923
0 0.19471153846153846 0.640625 0.1388221153846154 0.060396634615384616
0 0.3557692307692308 0.546875 0.18810096153846154 0.24849759615384615
0 0.18990384615384615 0.8329326923076923 0.14423076923076922 0.15204326923076922
0 0.6586538461538461 0.12379807692307693 0.33263221153846156 0.18269230769230768
0 0.5901442307692307 0.3125 0.16346153846153846 0.20763221153846154
0 0.75 0.33653846153846156 0.1541466346153846 0.26382211538461536
0 0.6658653846153846 0.5456730769230769 0.31700721153846156 0.24489182692307693
1 0.6021634615384616 0.20192307692307693 0.08022836538461539 0.11658653846153846
1 0.2932692307692308 0.28966346153846156 0.06310096153846154 0.04176682692307692
1 0.19831730769230768 0.3605769230769231 0.05078125 0.048978365384615384
1 0.24639423076923078 0.38341346153846156 0.052884615384615384 0.035757211538461536
1 0.2932692307692308 0.453125 0.0673076923076923 0.050180288461538464
1 0.23557692307692307 0.6310096153846154 0.06820913461538461 0.06009615384615385
1 0.23076923076923078 0.703125 0.05859375 0.06580528846153846
1 0.2920673076923077 0.8365384615384616 0.07481971153846154 0.056490384615384616
1 0.7007211538461539 0.44711538461538464 0.059495192307692304 0.04266826923076923
1 0.6478365384615384 0.4014423076923077 0.05588942307692308 0.054086538461538464