2 0.5552884615384616 0.18870192307692307 0.05348557692307692 0.019230769230769232
2 0.7524038461538461 0.1875 0.09104567307692307 0.020432692307692308
2 0.7067307692307693 0.6574519230769231 0.13040865384615385 0.044771634615384616
2 0.35096153846153844 0.6574519230769231 0.09104567307692307 0.012920673076923076
0 0.23677884615384615 0.2620192307692308 0.1875 0.12890625
0 0.3701923076923077 0.35697115384615385 0.1817908653846154 0.1171875
0 0.3942307692307692 0.25240384615384615 0.11538461538461539 0.08743990384615384
0 0.21153846153846154 0.46033653846153844 0.1484375 0.2626201923076923
0 0.22235576923076922 0.7007211538461539 0.16105769230769232 0.06881009615384616
0 0.21153846153846154 0.6213942307692307 0.1346153846153846 0.057692307692307696
0 0.3701923076923077 0.5300480769230769 0.17427884615384615 0.23798076923076922
0 0.20793269230769232 0.8112980769230769 0.13611778846153846 0.14423076923076922
0 0.6694711538461539 0.11298076923076923 0.3284254807692308 0.17247596153846154
0 0.6009615384615384 0.2980769230769231 0.1935096153846154 0.22596153846153846
0 0.7584134615384616 0.32211538461538464 0.17998798076923078 0.26953125
0 0.6754807692307693 0.5276442307692307 0.3464543269230769 0.2932692307692308
1 0.6129807692307693 0.18990384615384615 0.06790865384615384 0.11448317307692307
1 0.3088942307692308 0.2764423076923077 0.06460336538461539 0.04447115384615385
1 0.21514423076923078 0.34615384615384615 0.05108173076923077 0.052584134615384616
1 0.26322115384615385 0.36778846153846156 0.051382211538461536 0.03786057692307692
1 0.3088942307692308 0.4375 0.06460336538461539 0.04417067307692308
1 0.25240384615384615 0.6129807692307693 0.07151442307692307 0.06280048076923077
1 0.24759615384615385 0.6826923076923077 0.05348557692307692 0.0625
1 0.3088942307692308 0.8149038461538461 0.07451923076923077 0.05348557692307692
1 0.7103365384615384 0.43149038461538464 0.060697115384615384 0.04537259615384615
1 0.6586538461538461 0.3858173076923077 0.04837740384615385 0.045973557692307696