2 0.5408653846153846 0.2091346153846154 0.05318509615384615 0.015024038461538462
2 0.7331730769230769 0.20793269230769232 0.09104567307692307 0.020733173076923076
2 0.6887019230769231 0.6634615384615384 0.13191105769230768 0.018329326923076924
2 0.34375 0.6634615384615384 0.0868389423076923 0.013521634615384616
0 0.23317307692307693 0.2800480769230769 0.18870192307692307 0.13942307692307693
0 0.3629807692307692 0.3713942307692308 0.17818509615384615 0.12259615384615384
0 0.3858173076923077 0.27163461538461536 0.11268028846153846 0.09014423076923077
0 0.20793269230769232 0.4723557692307692 0.15204326923076922 0.2575120192307692
0 0.21875 0.7055288461538461 0.15865384615384615 0.06911057692307693
0 0.2091346153846154 0.6286057692307693 0.13371394230769232 0.06400240384615384
0 0.36177884615384615 0.5396634615384616 0.17518028846153846 0.23377403846153846
0 0.20432692307692307 0.8112980769230769 0.12469951923076923 0.13221153846153846
0 0.6526442307692307 0.13581730769230768 0.31400240384615385 0.14693509615384615
0 0.5853365384615384 0.31490384615384615 0.18509615384615385 0.21724759615384615
0 0.7391826923076923 0.3389423076923077 0.14092548076923078 0.24579326923076922
0 0.6586538461538461 0.5372596153846154 0.30679086538461536 0.23768028846153846
1 0.5985576923076923 0.21033653846153846 0.06820913461538461 0.11057692307692307
1 0.30288461538461536 0.29447115384615385 0.061598557692307696 0.041165865384615384
1 0.2127403846153846 0.36177884615384615 0.050180288461538464 0.050180288461538464
1 0.25841346153846156 0.38221153846153844 0.05108173076923077 0.0390625
1 0.30288461538461536 0.4495192307692308 0.06280048076923077 0.047475961538461536
1 0.24759615384615385 0.6189903846153846 0.06370192307692307 0.055288461538461536
1 0.2439903846153846 0.6875 0.05618990384615385 0.0634014423076923
1 0.30288461538461536 0.8161057692307693 0.07211538461538461 0.051382211538461536
1 0.6911057692307693 0.44471153846153844 0.057692307692307696 0.04326923076923077
1 0.6418269230769231 0.40024038461538464 0.054086538461538464 0.0546875