2 0.15865384615384615 0.16826923076923078 0.07301682692307693 0.028846153846153848
2 0.3557692307692308 0.16706730769230768 0.14362980769230768 0.03635817307692308
2 0.6586538461538461 0.16346153846153846 0.11087740384615384 0.028545673076923076
2 0.8701923076923077 0.16947115384615385 0.1388221153846154 0.038461538461538464
2 0.7992788461538461 0.9855769230769231 0.07451923076923077 0.028846153846153848
2 0.6574519230769231 0.9819711538461539 0.14182692307692307 0.036057692307692304
0 0.12379807692307693 0.32211538461538464 0.1778846153846154 0.29837740384615385
0 0.34134615384615385 0.3269230769230769 0.28305288461538464 0.30709134615384615
0 0.0829326923076923 0.5612980769230769 0.10787259615384616 0.16075721153846154
0 0.3004807692307692 0.5612980769230769 0.3659855769230769 0.21394230769230768
0 0.12259615384615384 0.7307692307692307 0.16917067307692307 0.15955528846153846
0 0.11778846153846154 0.8978365384615384 0.16796875 0.15865384615384615
0 0.3473557692307692 0.8149038461538461 0.3049879807692308 0.35606971153846156
0 0.25961538461538464 0.09495192307692307 0.46634615384615385 0.18990384615384615
0 0.7740384615384616 0.0829326923076923 0.4519230769230769 0.1658653846153846
0 0.8245192307692307 0.9242788461538461 0.12109375 0.11538461538461539
0 0.9375 0.9194711538461539 0.10186298076923077 0.11838942307692307
0 0.7524038461538461 0.5192307692307693 0.4951923076923077 0.7259615384615384
0 0.6574519230769231 0.8137019230769231 0.2665264423076923 0.35727163461538464
1 0.16706730769230768 0.46153846153846156 0.08022836538461539 0.05889423076923077
1 0.27283653846153844 0.4639423076923077 0.07872596153846154 0.05348557692307692
1 0.13822115384615385 0.5733173076923077 0.04326923076923077 0.0673076923076923
1 0.2620192307692308 0.6634615384615384 0.07662259615384616 0.057692307692307696
1 0.21754807692307693 0.7548076923076923 0.03635817307692308 0.05318509615384615
1 0.16947115384615385 0.8076923076923077 0.06911057692307693 0.05348557692307692
1 0.7451923076923077 0.7439903846153846 0.07181490384615384 0.09375
1 0.8088942307692307 0.8485576923076923 0.07001201923076923 0.051682692307692304
1 0.9134615384615384 0.8521634615384616 0.04807692307692308 0.030949519230769232
1 0.7572115384615384 0.1466346153846154 0.06790865384615384 0.054086538461538464
1 0.13341346153846154 0.055288461538461536 0.050180288461538464 0.07211538461538461