2 0.15985576923076922 0.15264423076923078 0.07211538461538461 0.026442307692307692
2 0.3545673076923077 0.15144230769230768 0.13942307692307693 0.047475961538461536
2 0.6538461538461539 0.14783653846153846 0.11057692307692307 0.04657451923076923
2 0.8629807692307693 0.15264423076923078 0.13912259615384615 0.02734375
2 0.7944711538461539 0.9639423076923077 0.07481971153846154 0.0234375
2 0.6538461538461539 0.9675480769230769 0.14002403846153846 0.050180288461538464
0 0.12379807692307693 0.30408653846153844 0.18900240384615385 0.3004807692307692
0 0.3401442307692308 0.3088942307692308 0.28575721153846156 0.31009615384615385
0 0.08413461538461539 0.5420673076923077 0.0868389423076923 0.15204326923076922
0 0.29927884615384615 0.5408653846153846 0.3524639423076923 0.15925480769230768
0 0.12259615384615384 0.7091346153846154 0.1775841346153846 0.16887019230769232
0 0.11899038461538461 0.8737980769230769 0.16045673076923078 0.15114182692307693
0 0.34615384615384615 0.7920673076923077 0.29867788461538464 0.3524639423076923
0 0.25961538461538464 0.08533653846153846 0.4567307692307692 0.17067307692307693
0 0.7680288461538461 0.08173076923076923 0.4495192307692308 0.16346153846153846
0 0.8173076923076923 0.9002403846153846 0.12379807692307693 0.11688701923076923
0 0.9290865384615384 0.8954326923076923 0.10727163461538461 0.11868990384615384
0 0.7596153846153846 0.4987980769230769 0.4606370192307692 0.6896033653846154
0 0.6526442307692307 0.7908653846153846 0.23347355769230768 0.33653846153846156
1 0.16826923076923078 0.4423076923076923 0.0811298076923077 0.057992788461538464
1 0.27163461538461536 0.44591346153846156 0.08203125 0.06460336538461539
1 0.13822115384615385 0.5528846153846154 0.04026442307692308 0.06280048076923077
1 0.2608173076923077 0.6430288461538461 0.0751201923076923 0.06009615384615385
1 0.21754807692307693 0.7331730769230769 0.036959134615384616 0.05318509615384615
1 0.17067307692307693 0.7848557692307693 0.06790865384615384 0.0546875
1 0.7391826923076923 0.7223557692307693 0.0625 0.08864182692307693
1 0.8028846153846154 0.8257211538461539 0.06790865384615384 0.04957932692307692
1 0.9050480769230769 0.8293269230769231 0.05108173076923077 0.03786057692307692
1 0.7512019230769231 0.1310096153846154 0.07001201923076923 0.060396634615384616
1 0.1346153846153846 0.040865384615384616 0.04717548076923077 0.0712139423076923