2 0.140625 0.140625 0.07481971153846154 0.031850961538461536
2 0.33774038461538464 0.13942307692307693 0.14182692307692307 0.047776442307692304
2 0.6394230769230769 0.13581730769230768 0.11087740384615384 0.045973557692307696
2 0.8521634615384616 0.140625 0.13701923076923078 0.045072115384615384
2 0.7824519230769231 0.9603365384615384 0.07481971153846154 0.03365384615384615
2 0.640625 0.9639423076923077 0.14423076923076922 0.03485576923076923
0 0.1045673076923077 0.29447115384615385 0.1893028846153846 0.3043870192307692
0 0.3233173076923077 0.2980769230769231 0.3058894230769231 0.3269230769230769
0 0.06490384615384616 0.5336538461538461 0.10486778846153846 0.1583533653846154
0 0.2824519230769231 0.5336538461538461 0.3671875 0.2109375
0 0.10336538461538461 0.703125 0.18719951923076922 0.17998798076923078
0 0.09975961538461539 0.8689903846153846 0.1619591346153846 0.15384615384615385
0 0.3293269230769231 0.7860576923076923 0.28275240384615385 0.33743990384615385
0 0.24158653846153846 0.07932692307692307 0.45913461538461536 0.15865384615384615
0 0.7548076923076923 0.07451923076923077 0.4519230769230769 0.14903846153846154
0 0.8064903846153846 0.8966346153846154 0.12289663461538461 0.11478365384615384
0 0.9194711538461539 0.8918269230769231 0.10907451923076923 0.12439903846153846
0 0.7415865384615384 0.4891826923076923 0.5168269230769231 0.7283653846153846
0 0.6394230769230769 0.7860576923076923 0.22986778846153846 0.3362379807692308
1 0.14903846153846154 0.4338942307692308 0.07662259615384616 0.04807692307692308
1 0.2536057692307692 0.4362980769230769 0.07992788461538461 0.059495192307692304
1 0.1201923076923077 0.5444711538461539 0.048677884615384616 0.06971153846153846
1 0.2439903846153846 0.6358173076923077 0.07001201923076923 0.04807692307692308
1 0.19951923076923078 0.7271634615384616 0.03876201923076923 0.05498798076923077
1 0.15144230769230768 0.7800480769230769 0.06310096153846154 0.04567307692307692
1 0.7271634615384616 0.7163461538461539 0.059194711538461536 0.08713942307692307
1 0.7908653846153846 0.8209134615384616 0.07181490384615384 0.052884615384615384
1 0.8942307692307693 0.8233173076923077 0.048677884615384616 0.032151442307692304
1 0.7379807692307693 0.11899038461538461 0.07271634615384616 0.06430288461538461
1 0.11298076923076923 0.030048076923076924 0.04807692307692308 0.06009615384615385