2 0.1622596153846154 0.18269230769230768 0.0751201923076923 0.0772235576923077
2 0.03485576923076923 0.5901442307692307 0.025540865384615384 0.07962740384615384
2 0.25 0.19230769230769232 0.0625 0.07181490384615384
2 0.34975961538461536 0.18990384615384615 0.036959134615384616 0.07241586538461539
2 0.46033653846153844 0.1971153846153846 0.04957932692307692 0.06790865384615384
2 0.5829326923076923 0.1875 0.12259615384615384 0.07181490384615384
0 0.8858173076923077 0.47716346153846156 0.1123798076923077 0.5318509615384616
0 0.12620192307692307 0.4831730769230769 0.17938701923076922 0.515625
0 0.24879807692307693 0.3389423076923077 0.08473557692307693 0.19170673076923078
0 0.33774038461538464 0.36899038461538464 0.1346153846153846 0.30288461538461536
0 0.515625 0.4891826923076923 0.6947115384615384 0.6087740384615384
1 0.8305288461538461 0.5853365384615384 0.10306490384615384 0.15234375
1 0.2668269230769231 0.7560096153846154 0.05709134615384615 0.3076923076923077
1 0.18870192307692307 0.671875 0.0751201923076923 0.16075721153846154
1 0.3425480769230769 0.5877403846153846 0.06430288461538461 0.14182692307692307
1 0.296875 0.3954326923076923 0.04657451923076923 0.10426682692307693