2 0.16826923076923078 0.19230769230769232 0.0712139423076923 0.07151442307692307
2 0.04326923076923077 0.5949519230769231 0.029747596153846152 0.07962740384615384
2 0.25600961538461536 0.20192307692307693 0.057692307692307696 0.06670673076923077
2 0.3545673076923077 0.19951923076923078 0.03545673076923077 0.07211538461538461
2 0.4639423076923077 0.20673076923076922 0.05318509615384615 0.06760817307692307
2 0.5853365384615384 0.1971153846153846 0.12229567307692307 0.07572115384615384
0 0.8846153846153846 0.4831730769230769 0.1583533653846154 0.5285456730769231
0 0.13221153846153846 0.4891826923076923 0.2551081730769231 0.5171274038461539
0 0.2536057692307692 0.34615384615384615 0.1024639423076923 0.19110576923076922
0 0.34134615384615385 0.3762019230769231 0.13010817307692307 0.2995793269230769
0 0.5192307692307693 0.4951923076923077 0.6355168269230769 0.5249399038461539
1 0.8305288461538461 0.5901442307692307 0.10817307692307693 0.15234375
1 0.27283653846153844 0.7584134615384616 0.06009615384615385 0.3055889423076923
1 0.19471153846153846 0.6754807692307693 0.061598557692307696 0.15925480769230768
1 0.3473557692307692 0.5925480769230769 0.06580528846153846 0.13792067307692307
1 0.30288461538461536 0.4026442307692308 0.052884615384615384 0.10576923076923077