2 0.1622596153846154 0.19110576923076922 0.07872596153846154 0.07962740384615384
2 0.039663461538461536 0.5877403846153846 0.026141826923076924 0.07932692307692307
2 0.24879807692307693 0.20072115384615385 0.06520432692307693 0.07211538461538461
2 0.34615384615384615 0.19831730769230768 0.028245192307692308 0.07001201923076923
2 0.453125 0.20552884615384615 0.04326923076923077 0.0625
2 0.5721153846153846 0.19591346153846154 0.12049278846153846 0.0751201923076923
0 0.8677884615384616 0.47836538461538464 0.13040865384615385 0.5231370192307693
0 0.12740384615384615 0.4831730769230769 0.19681490384615385 0.5087139423076923
0 0.24639423076923078 0.3425480769230769 0.0673076923076923 0.18269230769230768
0 0.3329326923076923 0.37259615384615385 0.13942307692307693 0.29447115384615385
0 0.5072115384615384 0.4891826923076923 0.6634615384615384 0.5706129807692307
1 0.8137019230769231 0.5829326923076923 0.11778846153846154 0.15865384615384615
1 0.265625 0.7487980769230769 0.1024639423076923 0.2995793269230769
1 0.18870192307692307 0.6670673076923077 0.07542067307692307 0.15685096153846154
1 0.3389423076923077 0.5853365384615384 0.06280048076923077 0.13792067307692307
1 0.29447115384615385 0.39783653846153844 0.0546875 0.10727163461538461