2 0.24158653846153846 0.2283653846153846 0.12289663461538461 0.05198317307692308
2 0.5456730769230769 0.22716346153846154 0.03756009615384615 0.03125
2 0.9387019230769231 0.45072115384615385 0.040865384615384616 0.15384615384615385
2 0.9411057692307693 0.7007211538461539 0.045072115384615384 0.15384615384615385
2 0.09615384615384616 0.7199519230769231 0.02403846153846154 0.16075721153846154
0 0.7836538461538461 0.7403846153846154 0.33533653846153844 0.31850961538461536
0 0.78125 0.41225961538461536 0.3134014423076923 0.37349759615384615
0 0.5817307692307693 0.34375 0.16856971153846154 0.21634615384615385
0 0.49158653846153844 0.6574519230769231 0.11538461538461539 0.16646634615384615
0 0.3641826923076923 0.5612980769230769 0.58984375 0.6956129807692307
1 0.3401442307692308 0.23197115384615385 0.08834134615384616 0.18990384615384615
1 0.5588942307692307 0.6983173076923077 0.07481971153846154 0.0703125
1 0.4699519230769231 0.7860576923076923 0.0673076923076923 0.06310096153846154
1 0.484375 0.890625 0.08804086538461539 0.18479567307692307
1 0.6610576923076923 0.6478365384615384 0.08082932692307693 0.08924278846153846
1 0.6586538461538461 0.4963942307692308 0.07301682692307693 0.08443509615384616
1 0.5697115384615384 0.4891826923076923 0.07632211538461539 0.09765625
0 0.27884615384615385 0.11778846153846154 0.28846153846153844 0.20673076923076922