2 0.24759615384615385 0.23918269230769232 0.11989182692307693 0.03365384615384615
2 0.5408653846153846 0.23918269230769232 0.03485576923076923 0.030949519230769232
2 0.9194711538461539 0.4543269230769231 0.025841346153846152 0.14873798076923078
2 0.921875 0.6959134615384616 0.045973557692307696 0.14693509615384615
2 0.10817307692307693 0.7139423076923077 0.042067307692307696 0.15384615384615385
0 0.7704326923076923 0.7331730769230769 0.28575721153846156 0.26893028846153844
0 0.7680288461538461 0.4170673076923077 0.34435096153846156 0.39122596153846156
0 0.5757211538461539 0.35096153846153844 0.17097355769230768 0.21183894230769232
0 0.4879807692307692 0.6526442307692307 0.11057692307692307 0.16105769230769232
0 0.36538461538461536 0.5600961538461539 0.5712139423076923 0.6691706730769231
1 0.3425480769230769 0.24278846153846154 0.09795673076923077 0.18299278846153846
1 0.5528846153846154 0.6935096153846154 0.06790865384615384 0.06430288461538461
1 0.4675480769230769 0.7776442307692307 0.07211538461538461 0.06971153846153846
1 0.48197115384615385 0.8774038461538461 0.08864182692307693 0.1778846153846154
1 0.6514423076923077 0.6442307692307693 0.07662259615384616 0.08563701923076923
1 0.6490384615384616 0.4987980769230769 0.07662259615384616 0.08353365384615384
1 0.5637019230769231 0.49158653846153844 0.05979567307692308 0.08413461538461539
0 0.28365384615384615 0.13341346153846154 0.2893629807692308 0.2283653846153846