2 0.25600961538461536 0.22355769230769232 0.12319711538461539 0.03936298076923077
2 0.5588942307692307 0.22235576923076922 0.036959134615384616 0.031850961538461536
2 0.9495192307692307 0.44471153846153844 0.04447115384615385 0.15294471153846154
2 0.9519230769230769 0.6935096153846154 0.04807692307692308 0.15174278846153846
2 0.11177884615384616 0.7127403846153846 0.045072115384615384 0.15685096153846154
0 0.7956730769230769 0.7319711538461539 0.31820913461538464 0.3004807692307692
0 0.7920673076923077 0.40625 0.35757211538461536 0.40444711538461536
0 0.59375 0.33774038461538464 0.16316105769230768 0.21003605769230768
0 0.5036057692307693 0.6502403846153846 0.11358173076923077 0.16646634615384615
0 0.37740384615384615 0.5540865384615384 0.5916466346153846 0.6947115384615384
1 0.3545673076923077 0.22716346153846154 0.09795673076923077 0.18990384615384615
1 0.5709134615384616 0.6911057692307693 0.07451923076923077 0.0694110576923077
1 0.4831730769230769 0.7776442307692307 0.06700721153846154 0.06460336538461539
1 0.49759615384615385 0.8822115384615384 0.07211538461538461 0.17908653846153846
1 0.6730769230769231 0.640625 0.07602163461538461 0.0850360576923077
1 0.6706730769230769 0.49038461538461536 0.08563701923076923 0.09134615384615384
1 0.5817307692307693 0.4831730769230769 0.07572115384615384 0.09525240384615384
0 0.2932692307692308 0.11298076923076923 0.2746394230769231 0.18840144230769232