2 0.78125 0.06850961538461539 0.15955528846153846 0.04537259615384615
2 0.2692307692307692 0.07211538461538461 0.27013221153846156 0.057992788461538464
2 0.7692307692307693 0.9747596153846154 0.13972355769230768 0.04537259615384615
2 0.2668269230769231 0.9759615384615384 0.12530048076923078 0.034555288461538464
0 0.11177884615384616 0.5348557692307693 0.22355769230769232 0.24759615384615385
0 0.3125 0.5396634615384616 0.21544471153846154 0.22115384615384615
0 0.21875 0.8076923076923077 0.4375 0.36538461538461536
0 0.5192307692307693 0.8918269230769231 0.18719951923076922 0.08653846153846154
0 0.78125 0.8052884615384616 0.359375 0.36177884615384615
0 0.8665865384615384 0.5793269230769231 0.17608173076923078 0.14362980769230768
0 0.7007211538461539 0.5817307692307693 0.16105769230769232 0.1484375
0 0.49158653846153844 0.46274038461538464 0.9831730769230769 0.8822115384615384
1 0.5492788461538461 0.0733173076923077 0.10306490384615384 0.1466346153846154
1 0.46033653846153844 0.5408653846153846 0.10396634615384616 0.061899038461538464
1 0.5853365384615384 0.5841346153846154 0.09375 0.06760817307692307
1 0.6574519230769231 0.6923076923076923 0.0946514423076923 0.07211538461538461
1 0.8401442307692307 0.6766826923076923 0.09765625 0.08864182692307693
1 0.38341346153846156 0.6899038461538461 0.09344951923076923 0.06760817307692307
1 0.24759615384615385 0.5456730769230769 0.10006009615384616 0.07241586538461539
1 0.4951923076923077 0.8233173076923077 0.08173076923076923 0.06911057692307693
1 0.4951923076923077 0.9579326923076923 0.09224759615384616 0.08173076923076923