2 0.8293269230769231 0.028846153846153848 0.16796875 0.029747596153846152
2 0.3112980769230769 0.03125 0.2770432692307692 0.04447115384615385
2 0.8173076923076923 0.9459134615384616 0.14032451923076922 0.044771634615384616
2 0.3088942307692308 0.9459134615384616 0.12770432692307693 0.03155048076923077
0 0.140625 0.5012019230769231 0.22415865384615385 0.22806490384615385
0 0.3545673076923077 0.5048076923076923 0.22325721153846154 0.23016826923076922
0 0.25 0.7776442307692307 0.43299278846153844 0.3293269230769231
0 0.5637019230769231 0.8605769230769231 0.1896033653846154 0.0868389423076923
0 0.8293269230769231 0.7716346153846154 0.34134615384615385 0.34615384615384615
0 0.9122596153846154 0.5444711538461539 0.17548076923076922 0.1466346153846154
0 0.7475961538461539 0.546875 0.14963942307692307 0.12830528846153846
0 0.5132211538461539 0.4266826923076923 0.9735576923076923 0.8100961538461539
1 0.59375 0.054086538461538464 0.10096153846153846 0.10817307692307693
1 0.5048076923076923 0.5060096153846154 0.10606971153846154 0.06881009615384616
1 0.6310096153846154 0.5492788461538461 0.09945913461538461 0.07481971153846154
1 0.7043269230769231 0.6598557692307693 0.0967548076923077 0.07361778846153846
1 0.8894230769230769 0.6442307692307693 0.09615384615384616 0.08563701923076923
1 0.4266826923076923 0.6574519230769231 0.0985576923076923 0.07421875
1 0.28846153846153844 0.5108173076923077 0.1015625 0.07542067307692307
1 0.5408653846153846 0.7920673076923077 0.08563701923076923 0.07001201923076923
1 0.5408653846153846 0.9278846153846154 0.10036057692307693 0.09044471153846154