2 0.8100961538461539 0.05889423076923077 0.16316105769230768 0.03155048076923077
2 0.30408653846153844 0.06129807692307692 0.27133413461538464 0.045973557692307696
2 0.7980769230769231 0.9555288461538461 0.14302884615384615 0.03515625
2 0.3016826923076923 0.9567307692307693 0.12259615384615384 0.042367788461538464
0 0.13701923076923078 0.5216346153846154 0.23016826923076922 0.23467548076923078
0 0.34615384615384615 0.5240384615384616 0.22536057692307693 0.23016826923076922
0 0.2439903846153846 0.7908653846153846 0.43509615384615385 0.3371394230769231
0 0.5504807692307693 0.8725961538461539 0.1817908653846154 0.07241586538461539
0 0.8112980769230769 0.7872596153846154 0.3590745192307692 0.36538461538461536
0 0.8942307692307693 0.5637019230769231 0.1736778846153846 0.14212740384615385
0 0.7307692307692307 0.5661057692307693 0.15895432692307693 0.14573317307692307
0 0.5012019230769231 0.4495192307692308 0.9975961538461539 0.8509615384615384
1 0.5805288461538461 0.06610576923076923 0.0889423076923077 0.13191105769230768
1 0.49278846153846156 0.5264423076923077 0.10486778846153846 0.061899038461538464
1 0.6165865384615384 0.5685096153846154 0.1024639423076923 0.07992788461538461
1 0.6875 0.6754807692307693 0.08774038461538461 0.0625
1 0.8689903846153846 0.6610576923076923 0.08473557692307693 0.07271634615384616
1 0.4170673076923077 0.6730769230769231 0.09615384615384616 0.07271634615384616
1 0.2824519230769231 0.5300480769230769 0.10096153846153846 0.07692307692307693
1 0.5276442307692307 0.8052884615384616 0.08473557692307693 0.07241586538461539
1 0.5276442307692307 0.9387019230769231 0.09795673076923077 0.0889423076923077