0 0.5228365384615384 0.8052884615384616 0.22355769230769232 0.3894230769230769
2 0.6274038461538461 0.6514423076923077 0.024338942307692308 0.09705528846153846
2 0.6286057692307693 0.8786057692307693 0.052884615384615384 0.23317307692307693
2 0.31490384615384615 0.20432692307692307 0.18269230769230768 0.025240384615384616
0 0.8197115384615384 0.4543269230769231 0.25931490384615385 0.49609375
0 0.9555288461538461 0.5324519230769231 0.0889423076923077 0.1466346153846154
0 0.9567307692307693 0.39783653846153844 0.08653846153846154 0.12740384615384615
0 0.9435096153846154 0.22115384615384615 0.11298076923076923 0.21153846153846154
1 0.9182692307692307 0.3004807692307692 0.053786057692307696 0.047475961538461536
1 0.9110576923076923 0.3605769230769231 0.028846153846153848 0.039663461538461536
1 0.9074519230769231 0.5769230769230769 0.040865384615384616 0.05709134615384615
1 0.6346153846153846 0.5769230769230769 0.03936298076923077 0.05709134615384615
1 0.5372596153846154 0.5793269230769231 0.031850961538461536 0.05228365384615385
1 0.421875 0.17307692307692307 0.028846153846153848 0.048978365384615384
1 0.4807692307692308 0.3137019230769231 0.02403846153846154 0.04146634615384615
1 0.4423076923076923 0.27283653846153844 0.03275240384615385 0.04176682692307692
1 0.35216346153846156 0.27524038461538464 0.03545673076923077 0.05438701923076923
1 0.3762019230769231 0.4326923076923077 0.031850961538461536 0.048978365384615384
1 0.2091346153846154 0.17548076923076922 0.02403846153846154 0.052884615384615384
1 0.30288461538461536 0.5108173076923077 0.020432692307692308 0.041165865384615384
1 0.24278846153846154 0.71875 0.024338942307692308 0.043569711538461536
1 0.20793269230769232 0.7740384615384616 0.049879807692307696 0.07181490384615384
1 0.20793269230769232 0.8605769230769231 0.038461538461538464 0.06820913461538461
0 0.23076923076923078 0.9134615384615384 0.14423076923076922 0.17307692307692307
0 0.5 0.23197115384615385 0.08743990384615384 0.1896033653846154
0 0.5024038461538461 0.39663461538461536 0.09014423076923077 0.11057692307692307
0 0.5745192307692307 0.5288461538461539 0.10606971153846154 0.15354567307692307
0 0.47115384615384615 0.5300480769230769 0.11508413461538461 0.13701923076923078
0 0.4074519230769231 0.33413461538461536 0.09825721153846154 0.24489182692307693
0 0.21995192307692307 0.5120192307692307 0.43990384615384615 0.6394230769230769