0 0.5252403846153846 0.7956730769230769 0.23317307692307693 0.40865384615384615
2 0.6310096153846154 0.6310096153846154 0.017728365384615384 0.10276442307692307
2 0.6322115384615384 0.8689903846153846 0.0234375 0.2614182692307692
2 0.31490384615384615 0.17908653846153846 0.18269230769230768 0.049879807692307696
0 0.8245192307692307 0.43149038461538464 0.22566105769230768 0.4918870192307692
0 0.9555288461538461 0.5120192307692307 0.0889423076923077 0.14903846153846154
0 0.9615384615384616 0.3737980769230769 0.07692307692307693 0.12740384615384615
0 0.9459134615384616 0.19471153846153846 0.10817307692307693 0.21153846153846154
1 0.9254807692307693 0.27524038461538464 0.057992788461538464 0.051382211538461536
1 0.9170673076923077 0.33653846153846156 0.026442307692307692 0.0390625
1 0.9134615384615384 0.5552884615384616 0.0390625 0.05739182692307692
1 0.6382211538461539 0.5552884615384616 0.036959134615384616 0.054086538461538464
1 0.5396634615384616 0.5588942307692307 0.036057692307692304 0.052884615384615384
1 0.42427884615384615 0.1466346153846154 0.027043269230769232 0.05228365384615385
1 0.4831730769230769 0.28966346153846156 0.025240384615384616 0.04176682692307692
1 0.44350961538461536 0.24879807692307693 0.028846153846153848 0.040865384615384616
1 0.35336538461538464 0.25 0.03485576923076923 0.053786057692307696
1 0.37740384615384615 0.4098557692307692 0.03786057692307692 0.0546875
1 0.2091346153846154 0.1502403846153846 0.033353365384615384 0.055288461538461536
1 0.30288461538461536 0.4891826923076923 0.0234375 0.041165865384615384
1 0.24158653846153846 0.6995192307692307 0.03155048076923077 0.04717548076923077
1 0.20793269230769232 0.7548076923076923 0.05048076923076923 0.07211538461538461
1 0.20793269230769232 0.8413461538461539 0.03665865384615385 0.06790865384615384
0 0.23197115384615385 0.9074519230769231 0.1219951923076923 0.17578125
0 0.5024038461538461 0.20673076923076922 0.109375 0.19801682692307693
0 0.5048076923076923 0.3737980769230769 0.08233173076923077 0.1084735576923077
0 0.578125 0.5072115384615384 0.10396634615384616 0.15324519230769232
0 0.4735576923076923 0.5084134615384616 0.11598557692307693 0.14122596153846154
0 0.40865384615384615 0.31009615384615385 0.12620192307692307 0.2509014423076923
0 0.21634615384615385 0.49158653846153844 0.42818509615384615 0.6313100961538461