0 0.515625 0.8016826923076923 0.2091346153846154 0.39663461538461536
2 0.6189903846153846 0.6370192307692307 0.021334134615384616 0.10006009615384616
2 0.6189903846153846 0.8713942307692307 0.021033653846153848 0.2566105769230769
2 0.3112980769230769 0.19831730769230768 0.1796875 0.035757211538461536
0 0.8076923076923077 0.44350961538461536 0.2704326923076923 0.4930889423076923
0 0.9519230769230769 0.5216346153846154 0.09615384615384616 0.13942307692307693
0 0.9495192307692307 0.38822115384615385 0.10096153846153846 0.12740384615384615
0 0.9411057692307693 0.21394230769230768 0.11778846153846154 0.21153846153846154
1 0.9050480769230769 0.2920673076923077 0.0546875 0.04807692307692308
1 0.8978365384615384 0.35096153846153844 0.028846153846153848 0.03936298076923077
1 0.8942307692307693 0.5649038461538461 0.03756009615384615 0.054086538461538464
1 0.6262019230769231 0.5637019230769231 0.04026442307692308 0.05498798076923077
1 0.5300480769230769 0.5673076923076923 0.035757211538461536 0.05198317307692308
1 0.4170673076923077 0.16706730769230768 0.030348557692307692 0.05078125
1 0.47475961538461536 0.30528846153846156 0.025540865384615384 0.04326923076923077
1 0.4362980769230769 0.265625 0.02734375 0.041165865384615384
1 0.3473557692307692 0.2668269230769231 0.03155048076923077 0.052884615384615384
1 0.3713942307692308 0.421875 0.03545673076923077 0.051382211538461536
1 0.20673076923076922 0.16947115384615385 0.028846153846153848 0.051382211538461536
1 0.29927884615384615 0.5 0.02403846153846154 0.0390625
1 0.23918269230769232 0.7043269230769231 0.030949519230769232 0.04447115384615385
1 0.20552884615384615 0.7584134615384616 0.041165865384615384 0.0673076923076923
1 0.20673076923076922 0.8425480769230769 0.047776442307692304 0.07361778846153846
0 0.22956730769230768 0.9074519230769231 0.1268028846153846 0.17578125
0 0.49399038461538464 0.2247596153846154 0.09435096153846154 0.1896033653846154
0 0.4963942307692308 0.3870192307692308 0.09405048076923077 0.11508413461538461
0 0.5673076923076923 0.5168269230769231 0.1063701923076923 0.14933894230769232
0 0.4651442307692308 0.5180288461538461 0.1171875 0.13731971153846154
0 0.4026442307692308 0.32572115384615385 0.11057692307692307 0.24338942307692307
0 0.21514423076923078 0.5012019230769231 0.43028846153846156 0.6225961538461539