2 0.08774038461538461 0.22716346153846154 0.0546875 0.18088942307692307
2 0.0889423076923077 0.5216346153846154 0.025240384615384616 0.11508413461538461
2 0.08774038461538461 0.7896634615384616 0.04567307692307692 0.1796875
2 0.4230769230769231 0.12139423076923077 0.034254807692307696 0.02734375
2 0.5673076923076923 0.11899038461538461 0.11568509615384616 0.05108173076923077
0 0.8846153846153846 0.29927884615384615 0.11147836538461539 0.33383413461538464
0 0.23197115384615385 0.2620192307692308 0.2917668269230769 0.2782451923076923
0 0.4206730769230769 0.21033653846153846 0.12530048076923078 0.18509615384615385
0 0.23197115384615385 0.7608173076923077 0.28665865384615385 0.25210336538461536
0 0.4651442307692308 0.5072115384615384 0.8572716346153846 0.8656850961538461
1 0.8497596153846154 0.41346153846153844 0.11358173076923077 0.07301682692307693
2 0.84375 0.2512019230769231 0.024338942307692308 0.24519230769230768
1 0.4519230769230769 0.8533653846153846 0.07301682692307693 0.10606971153846154
1 0.3473557692307692 0.6887019230769231 0.06881009615384616 0.07692307692307693
1 0.4483173076923077 0.328125 0.04176682692307692 0.07061298076923077
1 0.2920673076923077 0.3641826923076923 0.04807692307692308 0.08353365384615384