2 0.0733173076923077 0.23798076923076922 0.021033653846153848 0.18780048076923078
2 0.07451923076923077 0.5384615384615384 0.034254807692307696 0.11508413461538461
2 0.07451923076923077 0.8125 0.03936298076923077 0.18389423076923078
2 0.41586538461538464 0.12980769230769232 0.03485576923076923 0.030048076923076924
2 0.5625 0.12860576923076922 0.12049278846153846 0.04026442307692308
0 0.8870192307692307 0.3112980769230769 0.0967548076923077 0.33984375
0 0.22115384615384615 0.27403846153846156 0.27493990384615385 0.2605168269230769
0 0.41346153846153844 0.22115384615384615 0.12950721153846154 0.18780048076923078
0 0.21995192307692307 0.7836538461538461 0.31881009615384615 0.2887620192307692
0 0.45913461538461536 0.5240384615384616 0.8509615384615384 0.8641826923076923
1 0.8521634615384616 0.42788461538461536 0.12319711538461539 0.0907451923076923
2 0.8449519230769231 0.2620192307692308 0.055288461538461536 0.24579326923076922
1 0.44591346153846156 0.8774038461538461 0.06911057692307693 0.10546875
1 0.3389423076923077 0.7091346153846154 0.07091346153846154 0.07782451923076923
1 0.4411057692307692 0.34134615384615385 0.04326923076923077 0.07301682692307693
1 0.2824519230769231 0.37740384615384615 0.05108173076923077 0.08563701923076923