2 0.051682692307692304 0.21634615384615385 0.04146634615384615 0.19110576923076922
2 0.052884615384615384 0.5180288461538461 0.039663461538461536 0.1171875
2 0.052884615384615384 0.7932692307692307 0.02794471153846154 0.18780048076923078
2 0.39663461538461536 0.10697115384615384 0.03786057692307692 0.03365384615384615
2 0.5444711538461539 0.10576923076923077 0.11868990384615384 0.043569711538461536
0 0.8713942307692307 0.28966346153846156 0.12830528846153846 0.34134615384615385
0 0.20072115384615385 0.25240384615384615 0.3200120192307692 0.3112980769230769
0 0.3942307692307692 0.19831730769230768 0.11538461538461539 0.1856971153846154
0 0.19951923076923078 0.765625 0.29447115384615385 0.2578125
0 0.43990384615384615 0.5036057692307693 0.81640625 0.8299278846153846
1 0.8353365384615384 0.4074519230769231 0.1180889423076923 0.07542067307692307
2 0.828125 0.24158653846153846 0.052884615384615384 0.24849759615384615
1 0.4266826923076923 0.859375 0.07692307692307693 0.10907451923076923
1 0.31850961538461536 0.6899038461538461 0.0655048076923077 0.07692307692307693
1 0.421875 0.31971153846153844 0.04326923076923077 0.07301682692307693
1 0.2620192307692308 0.35697115384615385 0.061598557692307696 0.08864182692307693