2 0.16947115384615385 0.18509615384615385 0.0751201923076923 0.028545673076923076
2 0.34615384615384615 0.18509615384615385 0.07632211538461539 0.0234375
2 0.5288461538461539 0.18629807692307693 0.15895432692307693 0.038461538461538464
2 0.7584134615384616 0.8485576923076923 0.07842548076923077 0.028545673076923076
2 0.17427884615384615 0.8401442307692307 0.0790264423076923 0.03365384615384615
2 0.4987980769230769 0.8930288461538461 0.04567307692307692 0.060697115384615384
2 0.5528846153846154 0.9194711538461539 0.05829326923076923 0.03125
2 0.609375 0.8930288461538461 0.05078125 0.05979567307692308
2 0.8100961538461539 0.1875 0.07692307692307693 0.023137019230769232
2 0.390625 0.8449519230769231 0.03155048076923077 0.017728365384615384
0 0.7692307692307693 0.10817307692307693 0.19771634615384615 0.12980769230769232
0 0.3245192307692308 0.32211538461538464 0.17307692307692307 0.26021634615384615
0 0.1658653846153846 0.36658653846153844 0.19290865384615385 0.36268028846153844
0 0.1346153846153846 0.5925480769230769 0.10096153846153846 0.1123798076923077
0 0.18629807692307693 0.7151442307692307 0.21003605769230768 0.2581129807692308
0 0.3269230769230769 0.7740384615384616 0.10036057692307693 0.13551682692307693
0 0.40384615384615385 0.7524038461538461 0.09615384615384616 0.17878605769230768
0 0.3269230769230769 0.3233173076923077 0.1935096153846154 0.2803485576923077
0 0.5492788461538461 0.5444711538461539 0.6508413461538461 0.7478966346153846
0 0.7680288461538461 0.7319711538461539 0.2052283653846154 0.22926682692307693
0 0.7247596153846154 0.5685096153846154 0.13701923076923078 0.20192307692307693
0 0.8137019230769231 0.5456730769230769 0.10396634615384616 0.15354567307692307
1 0.8846153846153846 0.7463942307692307 0.05348557692307692 0.08984375
1 0.7163461538461539 0.18269230769230768 0.05228365384615385 0.13581730769230768
1 0.7379807692307693 0.4519230769230769 0.038461538461538464 0.056790865384615384
1 0.2704326923076923 0.43028846153846156 0.05588942307692308 0.07091346153846154
1 0.12980769230769232 0.5240384615384616 0.04296875 0.05889423076923077
1 0.2247596153846154 0.5024038461538461 0.045072115384615384 0.06760817307692307
1 0.25841346153846156 0.6514423076923077 0.06400240384615384 0.09224759615384616
1 0.3137019230769231 0.7415865384615384 0.06400240384615384 0.07542067307692307
1 0.3137019230769231 0.8762019230769231 0.057692307692307696 0.07842548076923077
1 0.7524038461538461 0.6682692307692307 0.05228365384615385 0.09044471153846154
1 0.6899038461538461 0.7572115384615384 0.052884615384615384 0.06670673076923077
1 0.7536057692307693 0.5048076923076923 0.041165865384615384 0.052884615384615384
1 0.3762019230769231 0.6802884615384616 0.05048076923076923 0.05228365384615385
0 0.39663461538461536 0.9170673076923077 0.24519230769230768 0.1658653846153846
0 0.21394230769230768 0.5697115384615384 0.0712139423076923 0.05829326923076923