2 0.17067307692307693 0.18990384615384615 0.07271634615384616 0.024338942307692308
2 0.3473557692307692 0.18990384615384615 0.07451923076923077 0.02283653846153846
2 0.5300480769230769 0.19110576923076922 0.16075721153846154 0.031850961538461536
2 0.7596153846153846 0.8533653846153846 0.0772235576923077 0.024939903846153848
2 0.17548076923076922 0.8449519230769231 0.0772235576923077 0.02403846153846154
2 0.5 0.8978365384615384 0.046875 0.060697115384615384
2 0.5540865384615384 0.9242788461538461 0.057692307692307696 0.021634615384615384
2 0.6105769230769231 0.8978365384615384 0.056790865384615384 0.06400240384615384
2 0.8112980769230769 0.19110576923076922 0.07692307692307693 0.022536057692307692
2 0.390625 0.8497596153846154 0.03155048076923077 0.021334134615384616
0 0.7704326923076923 0.11298076923076923 0.20673076923076922 0.14963942307692307
0 0.32572115384615385 0.3269230769230769 0.1875 0.26802884615384615
0 0.16706730769230768 0.3713942307692308 0.21935096153846154 0.36388221153846156
0 0.13581730769230768 0.5973557692307693 0.11057692307692307 0.1201923076923077
0 0.1875 0.71875 0.21243990384615385 0.25931490384615385
0 0.328125 0.7776442307692307 0.10096153846153846 0.13611778846153846
0 0.4050480769230769 0.7572115384615384 0.08473557692307693 0.17818509615384615
0 0.328125 0.3269230769230769 0.19230769230769232 0.27794471153846156
0 0.5504807692307693 0.5480769230769231 0.7061298076923077 0.7893629807692307
0 0.7692307692307693 0.7355769230769231 0.19801682692307693 0.22506009615384615
0 0.7247596153846154 0.5733173076923077 0.10576923076923077 0.19230769230769232
0 0.8137019230769231 0.5504807692307693 0.09134615384615384 0.14813701923076922
1 0.8858173076923077 0.7512019230769231 0.06911057692307693 0.0946514423076923
1 0.7175480769230769 0.1875 0.0655048076923077 0.1388221153846154
1 0.7379807692307693 0.4567307692307692 0.04326923076923077 0.05739182692307692
1 0.27163461538461536 0.43509615384615385 0.05228365384615385 0.0673076923076923
1 0.1310096153846154 0.5288461538461539 0.04537259615384615 0.061899038461538464
1 0.22596153846153846 0.5060096153846154 0.05228365384615385 0.07001201923076923
1 0.25961538461538464 0.65625 0.06280048076923077 0.09224759615384616
1 0.31490384615384615 0.7463942307692307 0.05739182692307692 0.07361778846153846
1 0.31490384615384615 0.8810096153846154 0.06310096153846154 0.07962740384615384
1 0.7536057692307693 0.6730769230769231 0.04807692307692308 0.0868389423076923
1 0.6911057692307693 0.7608173076923077 0.046274038461538464 0.06009615384615385
1 0.7548076923076923 0.5096153846153846 0.043569711538461536 0.05709134615384615
1 0.37740384615384615 0.6850961538461539 0.04807692307692308 0.051682692307692304
0 0.39903846153846156 0.9230769230769231 0.23046875 0.12560096153846154
0 0.21394230769230768 0.5745192307692307 0.06760817307692307 0.054086538461538464