2 0.14783653846153846 0.19230769230769232 0.07692307692307693 0.024939903846153848
2 0.3293269230769231 0.19110576923076922 0.07692307692307693 0.035757211538461536
2 0.5168269230769231 0.19230769230769232 0.16346153846153846 0.038161057692307696
2 0.7524038461538461 0.8725961538461539 0.08082932692307693 0.029447115384615384
2 0.15264423076923078 0.8641826923076923 0.08022836538461539 0.03155048076923077
2 0.4855769230769231 0.9182692307692307 0.043569711538461536 0.06219951923076923
2 0.5408653846153846 0.9459134615384616 0.05859375 0.030949519230769232
2 0.5997596153846154 0.9182692307692307 0.049879807692307696 0.05829326923076923
2 0.8052884615384616 0.1935096153846154 0.08173076923076923 0.032151442307692304
2 0.3737980769230769 0.8689903846153846 0.030949519230769232 0.017127403846153848
0 0.7632211538461539 0.11298076923076923 0.21334134615384615 0.1541466346153846
0 0.3076923076923077 0.3317307692307692 0.18780048076923078 0.27403846153846156
0 0.14423076923076922 0.3786057692307692 0.18719951923076922 0.36868990384615385
0 0.11177884615384616 0.609375 0.11298076923076923 0.12289663461538461
0 0.1658653846153846 0.7355769230769231 0.22506009615384615 0.2692307692307692
0 0.31009615384615385 0.7956730769230769 0.09164663461538461 0.1310096153846154
0 0.3894230769230769 0.7740384615384616 0.10186298076923077 0.18359375
0 0.31009615384615385 0.3329326923076923 0.20763221153846154 0.28665865384615385
0 0.5384615384615384 0.5600961538461539 0.7608173076923077 0.8368389423076923
0 0.7620192307692307 0.7524038461538461 0.21243990384615385 0.23677884615384615
0 0.7175480769230769 0.5853365384615384 0.1180889423076923 0.20012019230769232
0 0.8088942307692307 0.5625 0.1123798076923077 0.15925480769230768
1 0.8822115384615384 0.7680288461538461 0.0634014423076923 0.09825721153846154
1 0.7091346153846154 0.18870192307692307 0.05859375 0.1427283653846154
1 0.7307692307692307 0.4651442307692308 0.047776442307692304 0.06009615384615385
1 0.2512019230769231 0.44350961538461536 0.05588942307692308 0.07061298076923077
1 0.10697115384615384 0.5396634615384616 0.03635817307692308 0.055588942307692304
1 0.20432692307692307 0.5168269230769231 0.047776442307692304 0.06790865384615384
1 0.23918269230769232 0.6706730769230769 0.06490384615384616 0.09645432692307693
1 0.2956730769230769 0.7632211538461539 0.05709134615384615 0.07211538461538461
1 0.2956730769230769 0.9014423076923077 0.061598557692307696 0.08143028846153846
1 0.7463942307692307 0.6875 0.045973557692307696 0.0868389423076923
1 0.6826923076923077 0.7788461538461539 0.052584134615384616 0.06640625
1 0.7475961538461539 0.5204326923076923 0.04266826923076923 0.05498798076923077
1 0.359375 0.6995192307692307 0.055288461538461536 0.056790865384615384
0 0.38100961538461536 0.9314903846153846 0.24759615384615385 0.13701923076923078
0 0.19230769230769232 0.5865384615384616 0.0712139423076923 0.053786057692307696