2 0.9831730769230769 0.7199519230769231 0.03365384615384615 0.13701923076923078
2 0.9831730769230769 0.421875 0.03365384615384615 0.14182692307692307
2 0.9807692307692307 0.14423076923076922 0.038461538461538464 0.1346153846153846
0 0.8293269230769231 0.14543269230769232 0.32181490384615385 0.25631009615384615
0 0.828125 0.4182692307692308 0.31971153846153844 0.3269230769230769
0 0.8305288461538461 0.7175480769230769 0.3254206730769231 0.30138221153846156
0 0.5060096153846154 0.8221153846153846 0.14122596153846154 0.28365384615384615
0 0.46033653846153844 0.49759615384615385 0.6280048076923077 0.9864783653846154
2 0.21153846153846154 0.703125 0.03756009615384615 0.14212740384615385
2 0.21394230769230768 0.8737980769230769 0.024639423076923076 0.0694110576923077
2 0.21634615384615385 0.3858173076923077 0.08533653846153846 0.21484375
1 0.21153846153846154 0.5360576923076923 0.05709134615384615 0.07662259615384616
1 0.6911057692307693 0.22115384615384615 0.016826923076923076 0.0625
1 0.6514423076923077 0.15504807692307693 0.043569711538461536 0.026442307692307692
1 0.6959134615384616 0.4110576923076923 0.045072115384615384 0.09254807692307693
1 0.6995192307692307 0.625 0.04266826923076923 0.06790865384615384
1 0.6382211538461539 0.8665865384615384 0.08653846153846154 0.06009615384615385
1 0.5865384615384616 0.7584134615384616 0.028846153846153848 0.057692307692307696
1 0.5865384615384616 0.6490384615384616 0.033353365384615384 0.05198317307692308
0 0.15144230769230768 0.41947115384615385 0.1310096153846154 0.3203125