2 0.9855769230769231 0.7223557692307693 0.028545673076923076 0.13701923076923078
2 0.984375 0.421875 0.03125 0.14182692307692307
2 0.984375 0.14182692307692307 0.03125 0.13942307692307693
0 0.8293269230769231 0.14302884615384615 0.3311298076923077 0.27584134615384615
0 0.828125 0.4170673076923077 0.33443509615384615 0.3428485576923077
0 0.8317307692307693 0.7175480769230769 0.3082932692307692 0.28125
0 0.5048076923076923 0.8245192307692307 0.16766826923076922 0.29236778846153844
0 0.45913461538461536 0.49759615384615385 0.6063701923076923 0.9894831730769231
2 0.2091346153846154 0.7043269230769231 0.04807692307692308 0.14362980769230768
2 0.21153846153846154 0.875 0.018629807692307692 0.06760817307692307
2 0.21394230769230768 0.3858173076923077 0.04326923076923077 0.22115384615384615
1 0.21033653846153846 0.5360576923076923 0.05588942307692308 0.07662259615384616
1 0.6911057692307693 0.21995192307692307 0.02734375 0.0625
1 0.6514423076923077 0.15264423076923078 0.04417067307692308 0.028846153846153848
1 0.6959134615384616 0.4098557692307692 0.05048076923076923 0.09765625
1 0.6995192307692307 0.625 0.038461538461538464 0.06790865384615384
1 0.6382211538461539 0.8689903846153846 0.08653846153846154 0.059495192307692304
1 0.5853365384615384 0.7596153846153846 0.03665865384615385 0.05889423076923077
1 0.5865384615384616 0.6490384615384616 0.024939903846153848 0.04837740384615385
0 0.14903846153846154 0.41947115384615385 0.14002403846153846 0.3245192307692308