2 0.9855769230769231 0.7271634615384616 0.028846153846153848 0.13701923076923078
2 0.9831730769230769 0.4266826923076923 0.03365384615384615 0.14182692307692307
2 0.984375 0.14783653846153846 0.03125 0.13701923076923078
0 0.8305288461538461 0.14903846153846154 0.3203125 0.2548076923076923
0 0.8293269230769231 0.4230769230769231 0.33203125 0.3368389423076923
0 0.8317307692307693 0.7235576923076923 0.31790865384615385 0.2926682692307692
0 0.5060096153846154 0.8293269230769231 0.12980769230769232 0.27914663461538464
0 0.46033653846153844 0.5036057692307693 0.5991586538461539 0.9876802884615384
2 0.21033653846153846 0.7091346153846154 0.049879807692307696 0.140625
2 0.2127403846153846 0.8810096153846154 0.03125 0.0694110576923077
2 0.21514423076923078 0.390625 0.06430288461538461 0.22115384615384615
1 0.21033653846153846 0.5420673076923077 0.06009615384615385 0.0790264423076923
1 0.6923076923076923 0.22596153846153846 0.028545673076923076 0.06310096153846154
1 0.6526442307692307 0.15865384615384615 0.04957932692307692 0.034254807692307696
1 0.6971153846153846 0.41586538461538464 0.056490384615384616 0.10006009615384616
1 0.7007211538461539 0.6310096153846154 0.04026442307692308 0.0673076923076923
1 0.6382211538461539 0.8737980769230769 0.08653846153846154 0.06009615384615385
1 0.5865384615384616 0.765625 0.034254807692307696 0.06009615384615385
1 0.5865384615384616 0.6550480769230769 0.028545673076923076 0.05078125
0 0.14903846153846154 0.42427884615384615 0.125 0.32211538461538464