2 0.028846153846153848 0.5348557692307693 0.034254807692307696 0.4347956730769231
2 0.8257211538461539 0.6754807692307693 0.044771634615384616 0.2683293269230769
2 0.8245192307692307 0.38341346153846156 0.05198317307692308 0.1893028846153846
0 0.36177884615384615 0.3701923076923077 0.1896033653846154 0.2890625
0 0.1502403846153846 0.5456730769230769 0.27163461538461536 0.6292067307692307
0 0.5540865384615384 0.5408653846153846 0.63671875 0.6983173076923077
0 0.8870192307692307 0.5432692307692307 0.15775240384615385 0.6301081730769231
1 0.4723557692307692 0.47115384615384615 0.07361778846153846 0.11057692307692307
1 0.3641826923076923 0.5733173076923077 0.07842548076923077 0.12980769230769232
1 0.4579326923076923 0.6622596153846154 0.0694110576923077 0.11328125
1 0.3293269230769231 0.8641826923076923 0.09615384615384616 0.22776442307692307
1 0.24759615384615385 0.6454326923076923 0.07271634615384616 0.10757211538461539