2 0.025240384615384616 0.5348557692307693 0.040865384615384616 0.4347956730769231
2 0.8221153846153846 0.6754807692307693 0.05318509615384615 0.26412259615384615
2 0.8221153846153846 0.38341346153846156 0.04717548076923077 0.19050480769230768
0 0.3581730769230769 0.3701923076923077 0.19801682692307693 0.2926682692307692
0 0.16105769230769232 0.5444711538461539 0.32211538461538464 0.6418269230769231
0 0.5504807692307693 0.5408653846153846 0.6156850961538461 0.6862980769230769
0 0.8834134615384616 0.5432692307692307 0.17638221153846154 0.6301081730769231
1 0.46875 0.47115384615384615 0.07602163461538461 0.11117788461538461
1 0.3605769230769231 0.5733173076923077 0.06760817307692307 0.125
1 0.4543269230769231 0.6622596153846154 0.07301682692307693 0.11388221153846154
1 0.32572115384615385 0.8641826923076923 0.06971153846153846 0.22415865384615385
1 0.24519230769230768 0.6454326923076923 0.08653846153846154 0.11358173076923077