2 0.04326923076923077 0.5132211538461539 0.038461538461538464 0.43539663461538464
2 0.84375 0.6550480769230769 0.014723557692307692 0.2692307692307692
2 0.84375 0.36177884615384615 0.03876201923076923 0.19501201923076922
0 0.3786057692307692 0.3485576923076923 0.15564903846153846 0.2782451923076923
0 0.171875 0.5228365384615384 0.34375 0.6466346153846154
0 0.5709134615384616 0.5204326923076923 0.5606971153846154 0.6415264423076923
0 0.8942307692307693 0.5216346153846154 0.21153846153846154 0.6298076923076923
1 0.4891826923076923 0.4495192307692308 0.07842548076923077 0.11177884615384616
1 0.38100961538461536 0.5528846153846154 0.08383413461538461 0.13040865384615385
1 0.47475961538461536 0.6418269230769231 0.07692307692307693 0.11568509615384616
1 0.3449519230769231 0.8449519230769231 0.09915865384615384 0.22806490384615385
1 0.26322115384615385 0.625 0.07932692307692307 0.11057692307692307