2 0.5865384615384616 0.05889423076923077 0.27884615384615385 0.06400240384615384
2 0.039663461538461536 0.2608173076923077 0.05108173076923077 0.19020432692307693
2 0.039663461538461536 0.6646634615384616 0.06881009615384616 0.18419471153846154
2 0.8798076923076923 0.2091346153846154 0.13551682692307693 0.053786057692307696
0 0.203125 0.2848557692307692 0.34435096153846156 0.43930288461538464
0 0.5625 0.3545673076923077 0.42367788461538464 0.5721153846153846
0 0.6610576923076923 0.5228365384615384 0.6778846153846154 0.6706730769230769
0 0.8834134615384616 0.11538461538461539 0.23317307692307693 0.14903846153846154
0 0.20793269230769232 0.6622596153846154 0.33804086538461536 0.34765625
0 0.9158653846153846 0.7235576923076923 0.16286057692307693 0.18209134615384615
1 0.8004807692307693 0.13581730769230768 0.1006610576923077 0.10727163461538461
1 0.3233173076923077 0.35697115384615385 0.10757211538461539 0.11688701923076923
1 0.5492788461538461 0.5889423076923077 0.13762019230769232 0.11538461538461539
1 0.40024038461538464 0.6899038461538461 0.0751201923076923 0.09224759615384616
1 0.6334134615384616 0.8329326923076923 0.09344951923076923 0.25240384615384615
1 0.7920673076923077 0.5793269230769231 0.0751201923076923 0.10667067307692307
1 0.8016826923076923 0.6923076923076923 0.07001201923076923 0.09164663461538461