2 0.5841346153846154 0.06971153846153846 0.2746394230769231 0.08203125
2 0.037259615384615384 0.27163461538461536 0.04567307692307692 0.18840144230769232
2 0.037259615384615384 0.6742788461538461 0.060396634615384616 0.1853966346153846
2 0.8774038461538461 0.21995192307692307 0.13551682692307693 0.05438701923076923
0 0.20072115384615385 0.29447115384615385 0.2932692307692308 0.40625
0 0.5600961538461539 0.36538461538461536 0.4417067307692308 0.5823317307692307
0 0.6622596153846154 0.5324519230769231 0.6754807692307693 0.6610576923076923
0 0.8798076923076923 0.125 0.2403846153846154 0.17307692307692307
0 0.20552884615384615 0.6730769230769231 0.3590745192307692 0.36929086538461536
0 0.9134615384615384 0.734375 0.14483173076923078 0.16646634615384615
1 0.796875 0.1466346153846154 0.08924278846153846 0.09645432692307693
1 0.32091346153846156 0.36778846153846156 0.10757211538461539 0.11508413461538461
1 0.546875 0.5985576923076923 0.12980769230769232 0.10036057692307693
1 0.39783653846153844 0.7007211538461539 0.08413461538461539 0.09945913461538461
1 0.6298076923076923 0.8425480769230769 0.12530048076923078 0.25721153846153844
1 0.7896634615384616 0.5889423076923077 0.0889423076923077 0.11508413461538461
1 0.7992788461538461 0.7019230769230769 0.07842548076923077 0.09645432692307693