2 0.5697115384615384 0.07211538461538461 0.265625 0.05348557692307692
2 0.042067307692307696 0.2668269230769231 0.0703125 0.17878605769230768
2 0.042067307692307696 0.6550480769230769 0.052884615384615384 0.17998798076923078
2 0.8521634615384616 0.21634615384615385 0.13131009615384615 0.053786057692307696
0 0.19951923076923078 0.28966346153846156 0.3512620192307692 0.4299879807692308
0 0.5456730769230769 0.35697115384615385 0.4423076923076923 0.5694110576923077
0 0.6598557692307693 0.5192307692307693 0.6619591346153846 0.6153846153846154
0 0.8641826923076923 0.12740384615384615 0.2478966346153846 0.16796875
0 0.20432692307692307 0.6526442307692307 0.3173076923076923 0.3290264423076923
0 0.8858173076923077 0.7127403846153846 0.16346153846153846 0.17998798076923078
1 0.7752403846153846 0.1466346153846154 0.08834134615384616 0.09254807692307693
1 0.3161057692307692 0.359375 0.09405048076923077 0.10396634615384616
1 0.5336538461538461 0.5817307692307693 0.12590144230769232 0.10006009615384616
1 0.3894230769230769 0.6802884615384616 0.08653846153846154 0.1006610576923077
1 0.6141826923076923 0.8173076923076923 0.09765625 0.24459134615384615
1 0.7680288461538461 0.5721153846153846 0.07451923076923077 0.10576923076923077
1 0.7764423076923077 0.6814903846153846 0.0772235576923077 0.09435096153846154