2 0.9759615384615384 0.7536057692307693 0.04807692307692308 0.15144230769230768
2 0.9759615384615384 0.3858173076923077 0.04807692307692308 0.2860576923076923
2 0.03245192307692308 0.7043269230769231 0.049879807692307696 0.18359375
2 0.03365384615384615 0.3894230769230769 0.01953125 0.19681490384615385
0 0.27283653846153844 0.3004807692307692 0.5192307692307693 0.5105168269230769
0 0.19591346153846154 0.7403846153846154 0.33353365384615385 0.41796875
0 0.4326923076923077 0.8221153846153846 0.16316105769230768 0.24939903846153846
0 0.6394230769230769 0.5048076923076923 0.7211538461538461 0.9471153846153846
1 0.32572115384615385 0.609375 0.0673076923076923 0.09405048076923077
1 0.40024038461538464 0.5805288461538461 0.04807692307692308 0.10817307692307693
1 0.4230769230769231 0.6514423076923077 0.05198317307692308 0.09645432692307693