2 0.9435096153846154 0.7632211538461539 0.04326923076923077 0.15114182692307693
2 0.9447115384615384 0.40024038461538464 0.07181490384615384 0.28125
2 0.015625 0.7115384615384616 0.03125 0.1778846153846154
2 0.010817307692307692 0.40024038461538464 0.021634615384615384 0.18990384615384615
0 0.24278846153846154 0.3137019230769231 0.4855769230769231 0.47836538461538464
0 0.16947115384615385 0.7475961538461539 0.3389423076923077 0.4230769230769231
0 0.40024038461538464 0.8293269230769231 0.15865384615384615 0.24579326923076922
0 0.6286057692307693 0.5168269230769231 0.6379206730769231 0.8743990384615384
1 0.2956730769230769 0.6201923076923077 0.07752403846153846 0.10006009615384616
1 0.36899038461538464 0.5913461538461539 0.044771634615384616 0.10606971153846154
1 0.3918269230769231 0.6610576923076923 0.053786057692307696 0.09615384615384616