2 0.9759615384615384 0.7307692307692307 0.033052884615384616 0.15354567307692307
2 0.9771634615384616 0.3641826923076923 0.03635817307692308 0.29056490384615385
2 0.027644230769230768 0.6802884615384616 0.05048076923076923 0.18299278846153846
2 0.028846153846153848 0.36538461538461536 0.01532451923076923 0.19681490384615385
0 0.26802884615384615 0.2776442307692308 0.5120192307692307 0.5063100961538461
0 0.19230769230769232 0.7175480769230769 0.3173076923076923 0.4065504807692308
0 0.42788461538461536 0.7980769230769231 0.1817908653846154 0.25841346153846156
0 0.640625 0.4807692307692308 0.71875 0.9423076923076923
1 0.32211538461538464 0.5865384615384616 0.07211538461538461 0.09645432692307693
1 0.39663461538461536 0.5564903846153846 0.04266826923076923 0.10576923076923077
1 0.41947115384615385 0.6274038461538461 0.04957932692307692 0.09585336538461539