2 0.9447115384615384 0.8100961538461539 0.03936298076923077 0.01953125
2 0.8016826923076923 0.8100961538461539 0.04537259615384615 0.023137019230769232
2 0.5697115384615384 0.8076923076923077 0.10576923076923077 0.029146634615384616
2 0.31490384615384615 0.8100961538461539 0.1102764423076923 0.024338942307692308
2 0.07211538461538461 0.8076923076923077 0.05889423076923077 0.024939903846153848
2 0.06610576923076923 0.16947115384615385 0.09615384615384616 0.020733173076923076
2 0.20072115384615385 0.11057692307692307 0.01201923076923077 0.10096153846153846
2 0.24879807692307693 0.052884615384615384 0.07962740384615384 0.027644230769230768
2 0.5709134615384616 0.16947115384615385 0.09915865384615384 0.03665865384615385
2 0.7007211538461539 0.109375 0.031850961538461536 0.09945913461538461
2 0.7512019230769231 0.054086538461538464 0.08353365384615384 0.032151442307692304
0 0.2668269230769231 0.42908653846153844 0.5336538461538461 0.8004807692307693
0 0.7247596153846154 0.2776442307692308 0.4885817307692308 0.48888221153846156
0 0.625 0.6538461538461539 0.28275240384615385 0.32211538461538464
0 0.8629807692307693 0.6983173076923077 0.24639423076923078 0.23557692307692307
0 0.859375 0.5 0.23407451923076922 0.1817908653846154
1 0.14903846153846154 0.20673076923076922 0.08143028846153846 0.10546875
1 0.30288461538461536 0.546875 0.05318509615384615 0.0625
1 0.1875 0.7704326923076923 0.06219951923076923 0.0625
1 0.21033653846153846 0.84375 0.07421875 0.10096153846153846
0 0.13942307692307693 0.7608173076923077 0.057992788461538464 0.07211538461538461
1 0.6574519230769231 0.20673076923076922 0.08173076923076923 0.1045673076923077
1 0.7872596153846154 0.38341346153846156 0.07692307692307693 0.09795673076923077
1 0.8365384615384616 0.5588942307692307 0.07241586538461539 0.0946514423076923
1 0.7704326923076923 0.546875 0.0694110576923077 0.08022836538461539