2 0.9519230769230769 0.7956730769230769 0.038461538461538464 0.01532451923076923
2 0.8125 0.7956730769230769 0.04326923076923077 0.01532451923076923
2 0.5865384615384616 0.7920673076923077 0.10516826923076923 0.021033653846153848
2 0.33774038461538464 0.7956730769230769 0.10396634615384616 0.029747596153846152
2 0.10216346153846154 0.7932692307692307 0.057692307692307696 0.02013221153846154
2 0.09615384615384616 0.17067307692307693 0.09555288461538461 0.02794471153846154
2 0.22716346153846154 0.1141826923076923 0.017127403846153848 0.09795673076923077
2 0.27403846153846156 0.057692307692307696 0.07782451923076923 0.029447115384615384
2 0.5877403846153846 0.17067307692307693 0.09615384615384616 0.034555288461538464
2 0.7139423076923077 0.11177884615384616 0.028245192307692308 0.09825721153846154
2 0.7632211538461539 0.05889423076923077 0.07932692307692307 0.031850961538461536
0 0.26322115384615385 0.4254807692307692 0.46634615384615385 0.7352764423076923
0 0.7379807692307693 0.2764423076923077 0.49008413461538464 0.4909855769230769
0 0.640625 0.6430288461538461 0.23076923076923078 0.28185096153846156
0 0.8713942307692307 0.6862980769230769 0.24669471153846154 0.23557692307692307
0 0.8689903846153846 0.49399038461538464 0.21875 0.16075721153846154
1 0.17668269230769232 0.20673076923076922 0.07962740384615384 0.10486778846153846
1 0.3269230769230769 0.5384615384615384 0.05709134615384615 0.0625
1 0.21394230769230768 0.7572115384615384 0.057692307692307696 0.057992788461538464
1 0.23677884615384615 0.828125 0.07542067307692307 0.10096153846153846
0 0.16706730769230768 0.7475961538461539 0.060697115384615384 0.07301682692307693
1 0.671875 0.20673076923076922 0.07211538461538461 0.09555288461538461
1 0.7980769230769231 0.3798076923076923 0.057992788461538464 0.08653846153846154
1 0.8473557692307693 0.5504807692307693 0.055588942307692304 0.08623798076923077
1 0.78125 0.5396634615384616 0.06760817307692307 0.07962740384615384