2 0.9675480769230769 0.8100961538461539 0.04056490384615385 0.01893028846153846
2 0.8257211538461539 0.8100961538461539 0.04326923076923077 0.014723557692307692
2 0.59375 0.8076923076923077 0.10576923076923077 0.020432692307692308
2 0.3401442307692308 0.8100961538461539 0.10757211538461539 0.029146634615384616
2 0.09975961538461539 0.8088942307692307 0.060396634615384616 0.030949519230769232
2 0.09375 0.171875 0.09525240384615384 0.03515625
2 0.22716346153846154 0.1141826923076923 0.01141826923076923 0.09885817307692307
2 0.27524038461538464 0.057692307692307696 0.07992788461538461 0.028846153846153848
2 0.5949519230769231 0.17307692307692307 0.09915865384615384 0.037259615384615384
2 0.7247596153846154 0.11298076923076923 0.03125 0.10006009615384616
2 0.7740384615384616 0.057692307692307696 0.08173076923076923 0.02794471153846154
0 0.2668269230769231 0.43028846153846156 0.5336538461538461 0.7836538461538461
0 0.7487980769230769 0.2800480769230769 0.43900240384615385 0.43900240384615385
0 0.6490384615384616 0.6550480769230769 0.2686298076923077 0.31400240384615385
0 0.8846153846153846 0.6983173076923077 0.23076923076923078 0.21875
0 0.8834134615384616 0.5024038461538461 0.22355769230769232 0.16346153846153846
1 0.17548076923076922 0.2091346153846154 0.07692307692307693 0.10216346153846154
1 0.3293269230769231 0.5480769230769231 0.06280048076923077 0.06820913461538461
1 0.21394230769230768 0.7716346153846154 0.061598557692307696 0.061899038461538464
1 0.23677884615384615 0.84375 0.08353365384615384 0.10516826923076923
0 0.1658653846153846 0.7608173076923077 0.06820913461538461 0.07932692307692307
1 0.6814903846153846 0.2091346153846154 0.0703125 0.09254807692307693
1 0.8112980769230769 0.3858173076923077 0.0751201923076923 0.09765625
1 0.8605769230769231 0.5600961538461539 0.06850961538461539 0.09194711538461539
1 0.7932692307692307 0.5492788461538461 0.06820913461538461 0.07992788461538461