1 0.6971153846153846 0.8653846153846154 0.07211538461538461 0.02403846153846154
1 0.7175480769230769 0.10576923076923077 0.03515625 0.024639423076923076
1 0.6201923076923077 0.10697115384615384 0.07632211538461539 0.026141826923076924
1 0.42427884615384615 0.109375 0.09344951923076923 0.02674278846153846
1 0.45072115384615385 0.8665865384615384 0.06430288461538461 0.031850961538461536
2 0.3641826923076923 0.04927884615384615 0.1658653846153846 0.0985576923076923
2 0.6141826923076923 0.2668269230769231 0.17938701923076922 0.31640625
2 0.7295673076923077 0.18629807692307693 0.10276442307692307 0.14573317307692307
2 0.7307692307692307 0.3858173076923077 0.09224759615384616 0.24759615384615385
2 0.7283653846153846 0.5625 0.09705528846153846 0.09525240384615384
2 0.6610576923076923 0.7355769230769231 0.24459134615384615 0.25570913461538464
2 0.6153846153846154 0.5144230769230769 0.14032451923076922 0.18269230769230768
2 0.45552884615384615 0.6502403846153846 0.1619591346153846 0.4248798076923077
2 0.36899038461538464 0.7992788461538461 0.0694110576923077 0.11778846153846154
2 0.3112980769230769 0.8040865384615384 0.06099759615384615 0.10877403846153846
2 0.39783653846153844 0.4266826923076923 0.3293269230769231 0.6277043269230769
0 0.34134615384615385 0.109375 0.07782451923076923 0.17608173076923078
0 0.7127403846153846 0.29086538461538464 0.045072115384615384 0.07632211538461539
0 0.65625 0.40384615384615385 0.042367788461538464 0.07752403846153846
0 0.6682692307692307 0.46153846153846156 0.04326923076923077 0.05228365384615385
0 0.6682692307692307 0.5625 0.047475961538461536 0.05889423076923077
0 0.6201923076923077 0.5901442307692307 0.039663461538461536 0.06911057692307693
0 0.3173076923076923 0.7151442307692307 0.043569711538461536 0.06881009615384616
0 0.3786057692307692 0.6947115384615384 0.060697115384615384 0.07271634615384616
0 0.3713942307692308 0.7752403846153846 0.05438701923076923 0.08353365384615384
0 0.3713942307692308 0.8990384615384616 0.060396634615384616 0.09194711538461539