1 0.7259615384615384 0.9038461538461539 0.07692307692307693 0.029747596153846152
1 0.7463942307692307 0.12259615384615384 0.036057692307692304 0.028545673076923076
1 0.6466346153846154 0.12379807692307693 0.07692307692307693 0.026141826923076924
1 0.44591346153846156 0.12740384615384615 0.09405048076923077 0.024338942307692308
1 0.4723557692307692 0.90625 0.06520432692307693 0.03485576923076923
2 0.38461538461538464 0.0625 0.16856971153846154 0.10697115384615384
2 0.640625 0.28846153846153844 0.18990384615384615 0.32602163461538464
2 0.7596153846153846 0.20552884615384615 0.11658653846153846 0.15384615384615385
2 0.7596153846153846 0.4110576923076923 0.14032451923076922 0.26352163461538464
2 0.7584134615384616 0.5925480769230769 0.09405048076923077 0.08984375
2 0.6887019230769231 0.7704326923076923 0.23828125 0.25180288461538464
2 0.640625 0.5432692307692307 0.14603365384615385 0.19110576923076922
2 0.47716346153846156 0.6826923076923077 0.11778846153846154 0.4326923076923077
2 0.38822115384615385 0.8353365384615384 0.059495192307692304 0.11868990384615384
2 0.3293269230769231 0.8401442307692307 0.06129807692307692 0.11057692307692307
2 0.4182692307692308 0.453125 0.24098557692307693 0.6313100961538461
0 0.3605769230769231 0.12620192307692307 0.05889423076923077 0.1796875
0 0.7415865384615384 0.3125 0.04056490384615385 0.07752403846153846
0 0.6826923076923077 0.42908653846153844 0.043870192307692304 0.07932692307692307
0 0.6959134615384616 0.4879807692307692 0.045973557692307696 0.056790865384615384
0 0.6959134615384616 0.5925480769230769 0.04537259615384615 0.059194711538461536
0 0.6466346153846154 0.6201923076923077 0.03876201923076923 0.06760817307692307
0 0.33533653846153844 0.75 0.04326923076923077 0.0712139423076923
0 0.39903846153846156 0.7283653846153846 0.052584134615384616 0.06760817307692307
0 0.390625 0.8112980769230769 0.057692307692307696 0.08443509615384616
0 0.390625 0.9387019230769231 0.0546875 0.09375