1 0.6899038461538461 0.8629807692307693 0.07211538461538461 0.028245192307692308
1 0.7091346153846154 0.10216346153846154 0.034555288461538464 0.026442307692307692
1 0.6117788461538461 0.10336538461538461 0.0751201923076923 0.03395432692307692
1 0.4170673076923077 0.10697115384615384 0.09405048076923077 0.03155048076923077
1 0.44350961538461536 0.8641826923076923 0.06430288461538461 0.028846153846153848
2 0.35697115384615385 0.051682692307692304 0.17067307692307693 0.10336538461538461
2 0.6069711538461539 0.2644230769230769 0.13311298076923078 0.30258413461538464
2 0.7223557692307693 0.18269230769230768 0.10336538461538461 0.14513221153846154
2 0.7223557692307693 0.38341346153846156 0.12289663461538461 0.2548076923076923
2 0.7211538461538461 0.5600961538461539 0.10186298076923077 0.10006009615384616
2 0.6526442307692307 0.7319711538461539 0.23798076923076922 0.24849759615384615
2 0.6069711538461539 0.5120192307692307 0.16015625 0.19591346153846154
2 0.4483173076923077 0.6466346153846154 0.15174278846153846 0.42367788461538464
2 0.36177884615384615 0.7956730769230769 0.059194711538461536 0.11478365384615384
2 0.30408653846153844 0.8004807692307693 0.05078125 0.10576923076923077
2 0.390625 0.42427884615384615 0.31069711538461536 0.6277043269230769
0 0.33413461538461536 0.10576923076923077 0.052584134615384616 0.17307692307692307
0 0.7043269230769231 0.28725961538461536 0.043870192307692304 0.07692307692307693
0 0.6478365384615384 0.40024038461538464 0.03635817307692308 0.07451923076923077
0 0.6598557692307693 0.4579326923076923 0.04567307692307692 0.0546875
0 0.6610576923076923 0.5588942307692307 0.04447115384615385 0.057692307692307696
0 0.6117788461538461 0.5865384615384616 0.04807692307692308 0.07151442307692307
0 0.31009615384615385 0.7115384615384616 0.043569711538461536 0.06700721153846154
0 0.3713942307692308 0.6923076923076923 0.0546875 0.06850961538461539
0 0.3629807692307692 0.7728365384615384 0.04837740384615385 0.08173076923076923
0 0.3629807692307692 0.8966346153846154 0.04837740384615385 0.0907451923076923