2 0.24278846153846154 0.07451923076923077 0.42788461538461536 0.14903846153846154
2 0.33774038461538464 0.23677884615384615 0.2575120192307692 0.24519230769230768
2 0.24639423076923078 0.35336538461538464 0.41556490384615385 0.43810096153846156
2 0.08533653846153846 0.5372596153846154 0.09435096153846154 0.07692307692307693
2 0.10216346153846154 0.6286057692307693 0.13611778846153846 0.11358173076923077
2 0.3112980769230769 0.6262019230769231 0.28185096153846156 0.14753605769230768
2 0.6069711538461539 0.7223557692307693 0.17127403846153846 0.09405048076923077
2 0.8209134615384616 0.8100961538461539 0.2854567307692308 0.2785456730769231
2 0.5528846153846154 0.6274038461538461 0.08713942307692307 0.0868389423076923
2 0.6454326923076923 0.625 0.08353365384615384 0.1006610576923077
2 0.36177884615384615 0.5396634615384616 0.18058894230769232 0.07451923076923077
2 0.7199519230769231 0.07572115384615384 0.43599759615384615 0.14573317307692307
2 0.7151442307692307 0.4026442307692308 0.49038461538461536 0.59375
1 0.11778846153846154 0.12980769230769232 0.14032451923076922 0.03936298076923077
1 0.34615384615384615 0.12620192307692307 0.12560096153846154 0.03155048076923077
1 0.5877403846153846 0.12740384615384615 0.13942307692307693 0.013822115384615384
1 0.8112980769230769 0.12620192307692307 0.12770432692307693 0.030949519230769232
1 0.8125 0.6754807692307693 0.12530048076923078 0.0234375
1 0.5492788461538461 0.6790865384615384 0.03635817307692308 0.014423076923076924
0 0.16105769230769232 0.5540865384615384 0.057692307692307696 0.03635817307692308
0 0.24158653846153846 0.5576923076923077 0.06881009615384616 0.042367788461538464
0 0.19591346153846154 0.6033653846153846 0.06009615384615385 0.051682692307692304
0 0.2548076923076923 0.3293269230769231 0.05348557692307692 0.03876201923076923
0 0.25600961538461536 0.10697115384615384 0.059194711538461536 0.057692307692307696
0 0.71875 0.10697115384615384 0.052584134615384616 0.05078125
0 0.5745192307692307 0.5588942307692307 0.04807692307692308 0.045072115384615384
0 0.6478365384615384 0.5985576923076923 0.059194711538461536 0.043569711538461536
0 0.6466346153846154 0.6971153846153846 0.05709134615384615 0.056790865384615384