2 0.2536057692307692 0.0985576923076923 0.41346153846153844 0.10486778846153846
2 0.34375 0.25600961538461536 0.24128605769230768 0.2283653846153846
2 0.2548076923076923 0.36899038461538464 0.41466346153846156 0.43599759615384615
2 0.0985576923076923 0.546875 0.09615384615384616 0.07932692307692307
2 0.11538461538461539 0.6358173076923077 0.12560096153846154 0.10276442307692307
2 0.31850961538461536 0.6322115384615384 0.27554086538461536 0.12920673076923078
2 0.6045673076923077 0.7259615384615384 0.16526442307692307 0.0811298076923077
2 0.8125 0.8112980769230769 0.27013221153846156 0.2659254807692308
2 0.5528846153846154 0.6334134615384616 0.09615384615384616 0.09405048076923077
2 0.6418269230769231 0.6310096153846154 0.07211538461538461 0.09314903846153846
2 0.36658653846153844 0.5480769230769231 0.1796875 0.09134615384615384
2 0.7139423076923077 0.09975961538461539 0.4230769230769231 0.08323317307692307
2 0.7091346153846154 0.41586538461538464 0.4140625 0.5348557692307693
1 0.12980769230769232 0.15144230769230768 0.13551682692307693 0.042067307692307696
1 0.35216346153846156 0.14783653846153846 0.12289663461538461 0.014423076923076924
1 0.5853365384615384 0.1502403846153846 0.13611778846153846 0.022536057692307692
1 0.8028846153846154 0.14783653846153846 0.12439903846153846 0.028846153846153848
1 0.8040865384615384 0.6802884615384616 0.12229567307692307 0.019230769230769232
1 0.5492788461538461 0.6838942307692307 0.036057692307692304 0.015925480769230768
0 0.17307692307692307 0.5625 0.05889423076923077 0.04326923076923077
0 0.2512019230769231 0.5673076923076923 0.0655048076923077 0.037259615384615384
0 0.20673076923076922 0.6105769230769231 0.05318509615384615 0.04326923076923077
0 0.26322115384615385 0.3449519230769231 0.05498798076923077 0.04146634615384615
0 0.2644230769230769 0.12860576923076922 0.048677884615384616 0.04807692307692308
0 0.7127403846153846 0.12980769230769232 0.0546875 0.052584134615384616
0 0.5733173076923077 0.5673076923076923 0.045973557692307696 0.04296875
0 0.6442307692307693 0.6057692307692307 0.05348557692307692 0.0390625
0 0.6430288461538461 0.7007211538461539 0.05979567307692308 0.059495192307692304