2 0.2548076923076923 0.08653846153846154 0.421875 0.15925480769230768
2 0.34615384615384615 0.24639423076923078 0.2512019230769231 0.24248798076923078
2 0.25600961538461536 0.3605769230769231 0.47115384615384615 0.4891826923076923
2 0.09735576923076923 0.5420673076923077 0.0928485576923077 0.07001201923076923
2 0.1141826923076923 0.6322115384615384 0.13251201923076922 0.11087740384615384
2 0.32091346153846156 0.6298076923076923 0.2761418269230769 0.10606971153846154
2 0.6117788461538461 0.7247596153846154 0.1700721153846154 0.09915865384615384
2 0.8221153846153846 0.8100961538461539 0.2785456730769231 0.27283653846153844
2 0.5588942307692307 0.6298076923076923 0.09344951923076923 0.09134615384615384
2 0.6490384615384616 0.6286057692307693 0.07662259615384616 0.0946514423076923
2 0.3701923076923077 0.5444711538461539 0.17728365384615385 0.07842548076923077
2 0.7223557692307693 0.08774038461538461 0.4305889423076923 0.09375
2 0.7175480769230769 0.4098557692307692 0.40174278846153844 0.5309495192307693
1 0.12980769230769232 0.140625 0.14032451923076922 0.03635817307692308
1 0.3557692307692308 0.13701923076923078 0.12530048076923078 0.019230769230769232
1 0.5925480769230769 0.13942307692307693 0.1346153846153846 0.029447115384615384
1 0.8125 0.13701923076923078 0.12469951923076923 0.029447115384615384
1 0.8149038461538461 0.6778846153846154 0.12049278846153846 0.03365384615384615
1 0.5540865384615384 0.6814903846153846 0.036057692307692304 0.012620192307692308
0 0.17307692307692307 0.5576923076923077 0.061598557692307696 0.043870192307692304
0 0.25240384615384615 0.5625 0.0673076923076923 0.043870192307692304
0 0.20673076923076922 0.6069711538461539 0.0625 0.05438701923076923
0 0.2644230769230769 0.33774038461538464 0.056790865384615384 0.04326923076923077
0 0.265625 0.11778846153846154 0.0546875 0.052584134615384616
0 0.7211538461538461 0.11899038461538461 0.052884615384615384 0.0546875
0 0.5793269230769231 0.5637019230769231 0.04417067307692308 0.040865384615384616
0 0.6514423076923077 0.6021634615384616 0.057992788461538464 0.04567307692307692
0 0.6502403846153846 0.6995192307692307 0.055288461538461536 0.05318509615384615