1 0.06009615384615385 0.6418269230769231 0.048978365384615384 0.1875
1 0.9867788461538461 0.32211538461538464 0.026442307692307692 0.19230769230769232
1 0.9867788461538461 0.6057692307692307 0.026442307692307692 0.20192307692307693
1 0.11298076923076923 0.29927884615384615 0.05859375 0.18449519230769232
2 0.5024038461538461 0.47836538461538464 0.9951923076923077 0.6586538461538461
2 0.6129807692307693 0.30649038461538464 0.1201923076923077 0.19411057692307693
2 0.8329326923076923 0.34134615384615385 0.33413461538461536 0.3269230769230769
0 0.11177884615384616 0.4543269230769231 0.027043269230769232 0.09645432692307693
0 0.47836538461538464 0.6634615384615384 0.015625 0.07752403846153846
0 0.6766826923076923 0.44711538461538464 0.030949519230769232 0.07662259615384616
0 0.640625 0.40384615384615385 0.04807692307692308 0.018329326923076924
0 0.6117788461538461 0.7692307692307693 0.07932692307692307 0.023737980769230768