1 0.03485576923076923 0.6225961538461539 0.06971153846153846 0.18239182692307693
1 0.9675480769230769 0.30649038461538464 0.045072115384615384 0.19441105769230768
1 0.9675480769230769 0.5889423076923077 0.06490384615384616 0.1971153846153846
1 0.08774038461538461 0.2824519230769231 0.03125 0.1896033653846154
2 0.49038461538461536 0.46033653846153844 0.9807692307692307 0.6754807692307693
2 0.5853365384615384 0.28846153846153844 0.1346153846153846 0.19801682692307693
2 0.8052884615384616 0.3245192307692308 0.30679086538461536 0.29296875
0 0.08653846153846154 0.43509615384615385 0.028245192307692308 0.09645432692307693
0 0.45072115384615385 0.6442307692307693 0.01201923076923077 0.07752403846153846
0 0.6478365384615384 0.42908653846153844 0.03125 0.07481971153846154
0 0.6117788461538461 0.3858173076923077 0.04807692307692308 0.016526442307692308
0 0.5841346153846154 0.7487980769230769 0.0811298076923077 0.021935096153846152