1 0.030048076923076924 0.6526442307692307 0.05498798076923077 0.1896033653846154
1 0.9699519230769231 0.33052884615384615 0.06009615384615385 0.19471153846153846
1 0.9699519230769231 0.6189903846153846 0.06009615384615385 0.19951923076923078
1 0.08173076923076923 0.3076923076923077 0.023737980769230768 0.19200721153846154
2 0.4807692307692308 0.4879807692307692 0.9615384615384616 0.5865384615384616
2 0.5853365384615384 0.3137019230769231 0.1084735576923077 0.1896033653846154
2 0.8076923076923077 0.34975961538461536 0.32632211538461536 0.31430288461538464
0 0.08173076923076923 0.46274038461538464 0.037259615384615384 0.0985576923076923
0 0.4495192307692308 0.6730769230769231 0.0234375 0.08143028846153846
0 0.6490384615384616 0.4567307692307692 0.024939903846153848 0.07692307692307693
0 0.6129807692307693 0.41225961538461536 0.04807692307692308 0.020733173076923076
0 0.5841346153846154 0.7800480769230769 0.0811298076923077 0.017728365384615384