2 0.7692307692307693 0.7536057692307693 0.32752403846153844 0.26111778846153844
2 0.7295673076923077 0.36899038461538464 0.4347956730769231 0.5655048076923077
2 0.23197115384615385 0.7391826923076923 0.37830528846153844 0.30528846153846156
2 0.15504807692307693 0.5456730769230769 0.18058894230769232 0.12469951923076923
2 0.33533653846153844 0.5480769230769231 0.14423076923076922 0.10096153846153846
2 0.40024038461538464 0.49038461538461536 0.8004807692307693 0.8605769230769231
0 0.3870192307692308 0.057692307692307696 0.10967548076923077 0.09044471153846154
0 0.6538461538461539 0.7079326923076923 0.11087740384615384 0.0928485576923077
0 0.3701923076923077 0.6826923076923077 0.12109375 0.1015625
0 0.4735576923076923 0.9206730769230769 0.11959134615384616 0.0967548076923077
0 0.4567307692307692 0.5600961538461539 0.10967548076923077 0.09134615384615384
0 0.5024038461538461 0.5252403846153846 0.1162860576923077 0.0946514423076923
0 0.7980769230769231 0.34375 0.0967548076923077 0.08263221153846154