2 0.8052884615384616 0.7608173076923077 0.3557692307692308 0.2917668269230769
2 0.7632211538461539 0.3557692307692308 0.4014423076923077 0.5588942307692307
2 0.23798076923076922 0.7463942307692307 0.3903245192307692 0.3076923076923077
2 0.15625 0.5420673076923077 0.18780048076923078 0.11868990384615384
2 0.34615384615384615 0.5444711538461539 0.15955528846153846 0.1180889423076923
2 0.4230769230769231 0.4831730769230769 0.8461538461538461 0.9182692307692307
0 0.40024038461538464 0.040865384615384616 0.12259615384615384 0.08173076923076923
0 0.6826923076923077 0.7127403846153846 0.125 0.10576923076923077
0 0.38221153846153844 0.6862980769230769 0.13401442307692307 0.11538461538461539
0 0.49158653846153844 0.9375 0.13611778846153846 0.1162860576923077
0 0.47475961538461536 0.5564903846153846 0.10817307692307693 0.08653846153846154
0 0.5228365384615384 0.5204326923076923 0.12169471153846154 0.09765625
0 0.8341346153846154 0.3293269230769231 0.11177884615384616 0.10186298076923077