2 0.7716346153846154 0.7548076923076923 0.3212139423076923 0.24909855769230768
2 0.7319711538461539 0.36658653846153844 0.43028846153846156 0.5655048076923077
2 0.2283653846153846 0.7403846153846154 0.38521634615384615 0.3082932692307692
2 0.1502403846153846 0.5444711538461539 0.1778846153846154 0.10877403846153846
2 0.3329326923076923 0.5480769230769231 0.15594951923076922 0.1162860576923077
2 0.39903846153846156 0.49038461538461536 0.7412860576923077 0.8128004807692307
0 0.38461538461538464 0.051682692307692304 0.11598557692307693 0.1024639423076923
0 0.6550480769230769 0.7091346153846154 0.1201923076923077 0.10486778846153846
0 0.36778846153846156 0.6838942307692307 0.12139423076923077 0.10276442307692307
0 0.4723557692307692 0.9242788461538461 0.1271033653846154 0.10787259615384616
0 0.45552884615384615 0.5588942307692307 0.10276442307692307 0.08323317307692307
0 0.5024038461538461 0.5240384615384616 0.11538461538461539 0.09194711538461539
0 0.8004807692307693 0.34134615384615385 0.09645432692307693 0.08533653846153846