1 0.014423076923076924 0.5961538461538461 0.018629807692307692 0.04717548076923077
1 0.014423076923076924 0.78125 0.009915865384615384 0.04807692307692308
1 0.13701923076923078 0.9290865384615384 0.028545673076923076 0.01622596153846154
1 0.16466346153846154 0.006009615384615385 0.09375 0.01201923076923077
1 0.6935096153846154 0.009615384615384616 0.06009615384615385 0.019230769230769232
1 0.9122596153846154 0.007211538461538462 0.06009615384615385 0.014423076923076924
1 0.9855769230769231 0.20552884615384615 0.023137019230769232 0.10336538461538461
1 0.8930288461538461 0.6923076923076923 0.060396634615384616 0.018329326923076924
1 0.49399038461538464 0.6959134615384616 0.06490384615384616 0.020733173076923076
1 0.49038461538461536 0.004807692307692308 0.0673076923076923 0.009615384615384616
2 0.20072115384615385 0.20793269230769232 0.4014423076923077 0.41586538461538464
2 0.056490384615384616 0.5456730769230769 0.11298076923076923 0.27884615384615385
2 0.052884615384615384 0.8052884615384616 0.10576923076923077 0.23076923076923078
2 0.12740384615384615 0.8064903846153846 0.1102764423076923 0.23737980769230768
2 0.27163461538461536 0.8112980769230769 0.23978365384615385 0.2668269230769231
2 0.12740384615384615 0.6274038461538461 0.0859375 0.12590144230769232
2 0.1814903846153846 0.5492788461538461 0.23076923076923078 0.3010817307692308
2 0.4338942307692308 0.35216346153846156 0.44471153846153844 0.7043269230769231
2 0.6899038461538461 0.13701923076923078 0.23557692307692307 0.27403846153846156
2 0.8870192307692307 0.19951923076923078 0.20162259615384615 0.3936298076923077
2 0.8858173076923077 0.546875 0.19080528846153846 0.28185096153846156
2 0.6838942307692307 0.75 0.15174278846153846 0.125
2 0.6322115384615384 0.33533653846153844 0.08173076923076923 0.13251201923076922
2 0.6923076923076923 0.47716346153846156 0.25570913461538464 0.4444110576923077
0 0.6911057692307693 0.8509615384615384 0.06460336538461539 0.09615384615384616
0 0.3269230769230769 0.8581730769230769 0.0625 0.09224759615384616
0 0.140625 0.5396634615384616 0.055288461538461536 0.0655048076923077