1 0.037259615384615384 0.5973557692307693 0.007211538461538462 0.045973557692307696
1 0.037259615384615384 0.78125 0.012920673076923076 0.04807692307692308
1 0.15865384615384615 0.9278846153846154 0.029146634615384616 0.019230769230769232
1 0.18629807692307693 0.010817307692307692 0.09375 0.021634615384615384
1 0.7103365384615384 0.009615384615384616 0.06009615384615385 0.019230769230769232
1 0.9314903846153846 0.008413461538461538 0.06009615384615385 0.016826923076923076
1 0.9110576923076923 0.6923076923076923 0.061899038461538464 0.02794471153846154
1 0.5144230769230769 0.6959134615384616 0.06670673076923077 0.017127403846153848
1 0.5096153846153846 0.009615384615384616 0.0673076923076923 0.019230769230769232
2 0.22115384615384615 0.21153846153846154 0.4182692307692308 0.4230769230769231
2 0.07451923076923077 0.5480769230769231 0.07151442307692307 0.27403846153846156
2 0.07451923076923077 0.8052884615384616 0.0733173076923077 0.2265625
2 0.14903846153846154 0.8064903846153846 0.10006009615384616 0.23347355769230768
2 0.2920673076923077 0.8100961538461539 0.22926682692307693 0.25931490384615385
2 0.14903846153846154 0.6274038461538461 0.08533653846153846 0.12560096153846154
2 0.203125 0.5492788461538461 0.21905048076923078 0.2965745192307692
2 0.4543269230769231 0.3473557692307692 0.31790865384615385 0.6802884615384616
2 0.7091346153846154 0.1346153846153846 0.18719951923076922 0.25931490384615385
2 0.8918269230769231 0.20192307692307693 0.21634615384615385 0.40384615384615385
2 0.8990384615384616 0.5456730769230769 0.20192307692307693 0.2932692307692308
2 0.703125 0.7487980769230769 0.14122596153846154 0.1123798076923077
2 0.6514423076923077 0.33653846153846156 0.0907451923076923 0.13371394230769232
2 0.7115384615384616 0.47836538461538464 0.22566105769230768 0.4365985576923077
0 0.7103365384615384 0.8497596153846154 0.06580528846153846 0.09615384615384616
0 0.3473557692307692 0.8569711538461539 0.060697115384615384 0.08984375
0 0.16105769230769232 0.5396634615384616 0.04447115384615385 0.05979567307692308