1 0.028846153846153848 0.6009615384615384 0.009615384615384616 0.04807692307692308
1 0.028846153846153848 0.7872596153846154 0.014723557692307692 0.04807692307692308
1 0.15144230769230768 0.9350961538461539 0.028545673076923076 0.014423076923076924
1 0.18028846153846154 0.008413461538461538 0.09134615384615384 0.016826923076923076
1 0.7103365384615384 0.007211538461538462 0.06009615384615385 0.014423076923076924
1 0.9314903846153846 0.007211538461538462 0.06009615384615385 0.014423076923076924
1 0.9122596153846154 0.6971153846153846 0.060396634615384616 0.023737980769230768
1 0.5108173076923077 0.7007211538461539 0.06520432692307693 0.015925480769230768
1 0.5072115384615384 0.008413461538461538 0.0625 0.016826923076923076
2 0.21394230769230768 0.2127403846153846 0.42788461538461536 0.4254807692307692
2 0.06610576923076923 0.5504807692307693 0.1271033653846154 0.27524038461538464
2 0.0673076923076923 0.8112980769230769 0.10186298076923077 0.23557692307692307
2 0.14182692307692307 0.8112980769230769 0.08233173076923077 0.23347355769230768
2 0.28725961538461536 0.8161057692307693 0.21634615384615385 0.25150240384615385
2 0.14302884615384615 0.6322115384615384 0.0751201923076923 0.12109375
2 0.1971153846153846 0.5528846153846154 0.19801682692307693 0.28966346153846156
2 0.4495192307692308 0.35216346153846156 0.40384615384615385 0.7043269230769231
2 0.7067307692307693 0.13701923076923078 0.22596153846153846 0.27403846153846156
2 0.8954326923076923 0.20192307692307693 0.2091346153846154 0.40384615384615385
2 0.9026442307692307 0.5492788461538461 0.19471153846153846 0.2860576923076923
2 0.7019230769230769 0.7548076923076923 0.14362980769230768 0.11147836538461539
2 0.6502403846153846 0.33774038461538464 0.08473557692307693 0.1346153846153846
2 0.7103365384615384 0.4807692307692308 0.2481971153846154 0.4462139423076923
0 0.7091346153846154 0.8557692307692307 0.06760817307692307 0.0967548076923077
0 0.3425480769230769 0.8629807692307693 0.060697115384615384 0.09194711538461539
0 0.15504807692307693 0.5432692307692307 0.0546875 0.06610576923076923