1 0.08173076923076923 0.2860576923076923 0.0634014423076923 0.26352163461538464
1 0.0829326923076923 0.6021634615384616 0.06400240384615384 0.24188701923076922
1 0.8786057692307693 0.20673076923076922 0.017728365384615384 0.25991586538461536
2 0.9266826923076923 0.23918269230769232 0.09314903846153846 0.39212740384615385
2 0.7992788461538461 0.5877403846153846 0.3557692307692308 0.3055889423076923
1 0.9663461538461539 0.5853365384615384 0.024338942307692308 0.22596153846153846
2 0.2548076923076923 0.2548076923076923 0.38491586538461536 0.4371995192307692
2 0.19471153846153846 0.6646634615384616 0.26502403846153844 0.4245793269230769
2 0.3641826923076923 0.7223557692307693 0.17157451923076922 0.28695913461538464
2 0.5865384615384616 0.46153846153846156 0.6595552884615384 0.8656850961538461
0 0.8305288461538461 0.41346153846153844 0.0889423076923077 0.11508413461538461
0 0.8774038461538461 0.38341346153846156 0.14483173076923078 0.10366586538461539
0 0.6069711538461539 0.5793269230769231 0.08653846153846154 0.10006009615384616
0 0.34615384615384615 0.41466346153846156 0.07301682692307693 0.10907451923076923
0 0.27524038461538464 0.5132211538461539 0.06490384615384616 0.08383413461538461
0 0.4519230769230769 0.6983173076923077 0.08233173076923077 0.09825721153846154