1 0.06129807692307692 0.2764423076923077 0.026141826923076924 0.27884615384615385
1 0.0625 0.6033653846153846 0.05709134615384615 0.2551081730769231
1 0.8894230769230769 0.1935096153846154 0.024338942307692308 0.27133413461538464
2 0.9314903846153846 0.22596153846153846 0.13701923076923078 0.40865384615384615
2 0.8064903846153846 0.5877403846153846 0.36538461538461536 0.31400240384615385
1 0.9783653846153846 0.5841346153846154 0.04326923076923077 0.23076923076923078
2 0.2403846153846154 0.24278846153846154 0.36929086538461536 0.43209134615384615
2 0.1778846153846154 0.6694711538461539 0.2842548076923077 0.4423076923076923
2 0.3557692307692308 0.7283653846153846 0.12530048076923078 0.2890625
2 0.5853365384615384 0.4579326923076923 0.6084735576923077 0.8530649038461539
0 0.8389423076923077 0.40865384615384615 0.0811298076923077 0.11117788461538461
0 0.8870192307692307 0.37740384615384615 0.1583533653846154 0.12439903846153846
0 0.6069711538461539 0.5793269230769231 0.09405048076923077 0.1063701923076923
0 0.33653846153846156 0.4098557692307692 0.07782451923076923 0.11538461538461539
0 0.2620192307692308 0.5120192307692307 0.08173076923076923 0.09585336538461539
0 0.44591346153846156 0.7043269230769231 0.0850360576923077 0.10096153846153846