1 0.08533653846153846 0.2512019230769231 0.0751201923076923 0.27403846153846156
1 0.08653846153846154 0.5817307692307693 0.030048076923076924 0.25991586538461536
1 0.921875 0.16706730769230768 0.05438701923076923 0.26772836538461536
2 0.9639423076923077 0.203125 0.07211538461538461 0.40625
2 0.8269230769230769 0.5637019230769231 0.34615384615384615 0.30528846153846156
2 0.265625 0.22355769230769232 0.40625 0.44711538461538464
2 0.203125 0.6478365384615384 0.22355769230769232 0.42518028846153844
2 0.38221153846153844 0.7079326923076923 0.14002403846153846 0.29627403846153844
2 0.6129807692307693 0.44711538461538464 0.7259615384615384 0.8942307692307693
0 0.8713942307692307 0.38461538461538464 0.09405048076923077 0.11989182692307693
0 0.9194711538461539 0.35216346153846156 0.16045673076923078 0.12349759615384616
0 0.6370192307692307 0.5576923076923077 0.09585336538461539 0.10667067307692307
0 0.3629807692307692 0.3858173076923077 0.07091346153846154 0.11207932692307693
0 0.28846153846153844 0.4879807692307692 0.08263221153846154 0.09615384615384616
0 0.4735576923076923 0.6826923076923077 0.09224759615384616 0.10606971153846154