1 0.06129807692307692 0.2536057692307692 0.04807692307692308 0.20012019230769232
1 0.0625 0.4651442307692308 0.048677884615384616 0.08804086538461539
1 0.05889423076923077 0.6706730769230769 0.07361778846153846 0.20552884615384615
1 0.9723557692307693 0.22355769230769232 0.055288461538461536 0.34615384615384615
1 0.9711538461538461 0.5504807692307693 0.057692307692307696 0.1875
2 0.2536057692307692 0.17668269230769232 0.3581730769230769 0.35336538461538464
2 0.15985576923076922 0.4639423076923077 0.1893028846153846 0.20733173076923078
2 0.33413461538461536 0.46153846153846156 0.17698317307692307 0.19290865384615385
2 0.24759615384615385 0.7115384615384616 0.3662860576923077 0.32662259615384615
2 0.6923076923076923 0.34615384615384615 0.5384615384615384 0.6923076923076923
0 0.453125 0.5048076923076923 0.07842548076923077 0.0907451923076923
0 0.40625 0.2920673076923077 0.09014423076923077 0.10576923076923077
0 0.17668269230769232 0.33052884615384615 0.06971153846153846 0.09405048076923077
0 0.1778846153846154 0.5961538461538461 0.0625 0.09164663461538461
0 0.38822115384615385 0.6418269230769231 0.08954326923076923 0.11177884615384616
0 0.4879807692307692 0.7115384615384616 0.0829326923076923 0.24609375