1 0.042067307692307696 0.28365384615384615 0.06911057692307693 0.2013221153846154
1 0.04326923076923077 0.4951923076923077 0.052884615384615384 0.08623798076923077
1 0.038461538461538464 0.7007211538461539 0.061598557692307696 0.20432692307692307
1 0.953125 0.2548076923076923 0.09375 0.34134615384615385
1 0.9567307692307693 0.5805288461538461 0.042367788461538464 0.18990384615384615
2 0.23557692307692307 0.20552884615384615 0.3563701923076923 0.3557692307692308
2 0.140625 0.49399038461538464 0.19471153846153846 0.21334134615384615
2 0.31490384615384615 0.49278846153846156 0.19140625 0.20673076923076922
2 0.2283653846153846 0.7415865384615384 0.34525240384615385 0.2995793269230769
2 0.6742788461538461 0.375 0.6024639423076923 0.7445913461538461
0 0.4338942307692308 0.5348557692307693 0.07421875 0.0889423076923077
0 0.3870192307692308 0.32211538461538464 0.09555288461538461 0.10997596153846154
0 0.15745192307692307 0.3605769230769231 0.0625 0.09044471153846154
0 0.15865384615384615 0.6262019230769231 0.06790865384615384 0.09405048076923077
0 0.36778846153846156 0.671875 0.1063701923076923 0.125
0 0.46875 0.7427884615384616 0.1063701923076923 0.2509014423076923