1 0.056490384615384616 0.27403846153846156 0.06460336538461539 0.19230769230769232
1 0.056490384615384616 0.4795673076923077 0.036959134615384616 0.07962740384615384
1 0.052884615384615384 0.6778846153846154 0.04266826923076923 0.1971153846153846
1 0.9435096153846154 0.24639423076923078 0.06971153846153846 0.33443509615384615
1 0.9423076923076923 0.5612980769230769 0.0634014423076923 0.18269230769230768
2 0.24278846153846154 0.19831730769230768 0.40384615384615385 0.39663461538461536
2 0.15144230769230768 0.47836538461538464 0.17908653846153846 0.2010216346153846
2 0.32091346153846156 0.47596153846153844 0.17578125 0.19200721153846154
2 0.23677884615384615 0.7175480769230769 0.35877403846153844 0.3194110576923077
2 0.6694711538461539 0.3629807692307692 0.5264423076923077 0.6790865384615384
0 0.4362980769230769 0.5168269230769231 0.0790264423076923 0.09194711538461539
0 0.390625 0.3125 0.0850360576923077 0.1015625
0 0.16826923076923078 0.3485576923076923 0.06670673076923077 0.09104567307692307
0 0.16947115384615385 0.6057692307692307 0.0625 0.09104567307692307
0 0.37259615384615385 0.6502403846153846 0.09194711538461539 0.11328125
0 0.4699519230769231 0.71875 0.09375 0.2403846153846154