1 0.30288461538461536 0.2283653846153846 0.24158653846153846 0.08052884615384616
1 0.7151442307692307 0.22956730769230768 0.1466346153846154 0.032151442307692304
1 0.8028846153846154 0.8713942307692307 0.14963942307692307 0.04657451923076923
1 0.27884615384615385 0.8701923076923077 0.14903846153846154 0.02403846153846154
2 0.5048076923076923 0.5504807692307693 0.8173076923076923 0.6256009615384616
2 0.2764423076923077 0.734375 0.3464543269230769 0.27734375
2 0.18990384615384615 0.5384615384615384 0.1544471153846154 0.11658653846153846
2 0.375 0.5612980769230769 0.1935096153846154 0.19080528846153846
2 0.7692307692307693 0.7608173076923077 0.296875 0.24699519230769232
2 0.7079326923076923 0.6141826923076923 0.1466346153846154 0.09314903846153846
2 0.8509615384615384 0.6141826923076923 0.11929086538461539 0.09134615384615384
2 0.7704326923076923 0.5060096153846154 0.2854567307692308 0.14182692307692307
2 0.5096153846153846 0.11538461538461539 0.8314302884615384 0.22626201923076922
0 0.5120192307692307 0.1971153846153846 0.1307091346153846 0.0907451923076923
0 0.5913461538461539 0.5228365384615384 0.10667067307692307 0.06430288461538461
0 0.5084134615384616 0.5661057692307693 0.11298076923076923 0.0673076923076923
0 0.5913461538461539 0.6045673076923077 0.10967548076923077 0.06430288461538461
0 0.3161057692307692 0.5685096153846154 0.11688701923076923 0.06971153846153846
0 0.40865384615384615 0.6850961538461539 0.10697115384615384 0.06820913461538461
0 0.8341346153846154 0.6826923076923077 0.08143028846153846 0.057692307692307696
0 0.6754807692307693 0.703125 0.10997596153846154 0.0751201923076923
0 0.5721153846153846 0.8966346153846154 0.10546875 0.09194711538461539
2 0.5997596153846154 0.9254807692307693 0.3046875 0.09975961538461539