1 0.2932692307692308 0.21754807692307693 0.25 0.05108173076923077
1 0.7055288461538461 0.21875 0.14603365384615385 0.04296875
1 0.7944711538461539 0.8605769230769231 0.15084134615384615 0.03876201923076923
1 0.2704326923076923 0.859375 0.1466346153846154 0.05048076923076923
2 0.4963942307692308 0.5384615384615384 0.8912259615384616 0.7349759615384616
2 0.26802884615384615 0.7235576923076923 0.3680889423076923 0.3134014423076923
2 0.1814903846153846 0.5276442307692307 0.16045673076923078 0.12980769230769232
2 0.36658653846153844 0.5504807692307693 0.1778846153846154 0.1739783653846154
2 0.7596153846153846 0.75 0.2980769230769231 0.25
2 0.6995192307692307 0.6033653846153846 0.14362980769230768 0.08653846153846154
2 0.8413461538461539 0.6033653846153846 0.12049278846153846 0.09194711538461539
2 0.7620192307692307 0.4951923076923077 0.2842548076923077 0.1484375
2 0.5 0.12860576923076922 0.8365384615384616 0.25721153846153844
0 0.5024038461538461 0.18629807692307693 0.13972355769230768 0.10757211538461539
0 0.5817307692307693 0.5120192307692307 0.1102764423076923 0.0673076923076923
0 0.5 0.5552884615384616 0.11057692307692307 0.061899038461538464
0 0.5829326923076923 0.59375 0.10907451923076923 0.06310096153846154
0 0.30649038461538464 0.5576923076923077 0.11748798076923077 0.07151442307692307
0 0.40024038461538464 0.6742788461538461 0.10817307692307693 0.07001201923076923
0 0.8245192307692307 0.671875 0.08203125 0.06009615384615385
0 0.6670673076923077 0.6923076923076923 0.10757211538461539 0.06670673076923077
0 0.5637019230769231 0.8858173076923077 0.10306490384615384 0.08954326923076923
2 0.5901442307692307 0.9146634615384616 0.3094951923076923 0.14423076923076922