1 0.3161057692307692 0.21634615384615385 0.25210336538461536 0.028245192307692308
1 0.7259615384615384 0.21875 0.14302884615384615 0.04837740384615385
1 0.8137019230769231 0.8569711538461539 0.15114182692307693 0.035757211538461536
1 0.2932692307692308 0.8557692307692307 0.14873798076923078 0.034254807692307696
2 0.5180288461538461 0.5372596153846154 0.8461538461538461 0.6706730769230769
2 0.29086538461538464 0.7211538461538461 0.3368389423076923 0.2686298076923077
2 0.20432692307692307 0.5264423076923077 0.15745192307692307 0.11989182692307693
2 0.3894230769230769 0.5480769230769231 0.1775841346153846 0.17427884615384615
2 0.7800480769230769 0.7463942307692307 0.29477163461538464 0.24248798076923078
2 0.7199519230769231 0.6009615384615384 0.15084134615384615 0.1006610576923077
2 0.8617788461538461 0.6009615384615384 0.1268028846153846 0.10486778846153846
2 0.7824519230769231 0.49399038461538464 0.2821514423076923 0.13641826923076922
2 0.5216346153846154 0.12620192307692307 0.8317307692307693 0.25240384615384615
0 0.5240384615384616 0.18629807692307693 0.12920673076923078 0.08834134615384616
0 0.6033653846153846 0.5108173076923077 0.1102764423076923 0.0703125
0 0.5216346153846154 0.5528846153846154 0.11147836538461539 0.07271634615384616
0 0.6045673076923077 0.5913461538461539 0.1123798076923077 0.07572115384615384
0 0.3293269230769231 0.5564903846153846 0.11478365384615384 0.0673076923076923
0 0.421875 0.671875 0.10787259615384616 0.07001201923076923
0 0.8449519230769231 0.6694711538461539 0.08383413461538461 0.0625
0 0.6875 0.6899038461538461 0.11057692307692307 0.07271634615384616
0 0.5841346153846154 0.8822115384615384 0.09254807692307693 0.08173076923076923
2 0.6117788461538461 0.9110576923076923 0.3043870192307692 0.10216346153846154