1 0.8329326923076923 0.2692307692307692 0.05498798076923077 0.20673076923076922
1 0.8317307692307693 0.6959134615384616 0.03275240384615385 0.17998798076923078
1 0.04326923076923077 0.2608173076923077 0.024939903846153848 0.17067307692307693
2 0.16706730769230768 0.30288461538461536 0.2722355769230769 0.40805288461538464
2 0.36778846153846156 0.21995192307692307 0.16736778846153846 0.24849759615384615
2 0.9110576923076923 0.2956730769230769 0.1775841346153846 0.4182692307692308
2 0.6382211538461539 0.6754807692307693 0.4014423076923077 0.359375
2 0.5588942307692307 0.3004807692307692 0.5318509615384616 0.40835336538461536
0 0.2644230769230769 0.39663461538461536 0.08173076923076923 0.09615384615384616
0 0.3798076923076923 0.38221153846153844 0.0712139423076923 0.09645432692307693
0 0.4014423076923077 0.4675480769230769 0.07091346153846154 0.10907451923076923
0 0.8605769230769231 0.42427884615384615 0.09495192307692307 0.09945913461538461
0 0.5360576923076923 0.5480769230769231 0.061899038461538464 0.10126201923076923