1 0.8389423076923077 0.27283653846153844 0.03395432692307692 0.20402644230769232
1 0.8377403846153846 0.6850961538461539 0.026442307692307692 0.17307692307692307
1 0.0733173076923077 0.26322115384615385 0.038461538461538464 0.16556490384615385
2 0.1935096153846154 0.30408653846153844 0.2692307692307692 0.3972355769230769
2 0.38822115384615385 0.2247596153846154 0.13731971153846154 0.2286658653846154
2 0.9134615384615384 0.296875 0.17307692307692307 0.40625
2 0.6502403846153846 0.6646634615384616 0.4104567307692308 0.37650240384615385
2 0.5733173076923077 0.30288461538461536 0.5576923076923077 0.4573317307692308
0 0.28846153846153844 0.3954326923076923 0.07602163461538461 0.08954326923076923
0 0.40024038461538464 0.38221153846153844 0.07061298076923077 0.09615384615384616
0 0.4206730769230769 0.4639423076923077 0.06280048076923077 0.10516826923076923
0 0.8653846153846154 0.421875 0.0859375 0.09344951923076923
0 0.5504807692307693 0.5420673076923077 0.0733173076923077 0.10576923076923077