1 0.8605769230769231 0.2608173076923077 0.043569711538461536 0.2091346153846154
1 0.859375 0.6875 0.025540865384615384 0.17818509615384615
1 0.06971153846153846 0.25240384615384615 0.029747596153846152 0.16887019230769232
2 0.1935096153846154 0.29447115384615385 0.2998798076923077 0.4182692307692308
2 0.3942307692307692 0.21153846153846154 0.1541466346153846 0.24128605769230768
2 0.921875 0.2860576923076923 0.15625 0.4182692307692308
2 0.6658653846153846 0.6670673076923077 0.39783653846153844 0.35336538461538464
2 0.5865384615384616 0.2920673076923077 0.578125 0.47866586538461536
0 0.2920673076923077 0.38822115384615385 0.08173076923076923 0.09615384615384616
0 0.4074519230769231 0.375 0.07361778846153846 0.09705528846153846
0 0.42908653846153844 0.45913461538461536 0.055288461538461536 0.10546875
0 0.8870192307692307 0.41586538461538464 0.08173076923076923 0.08743990384615384
0 0.5625 0.5408653846153846 0.0625 0.10186298076923077