1 0.9338942307692307 0.40865384615384615 0.052884615384615384 0.2109375
1 0.9326923076923077 0.7920673076923077 0.056490384615384616 0.17307692307692307
1 0.19110576923076922 0.8016826923076923 0.039963942307692304 0.11268028846153846
1 0.19230769230769232 0.29927884615384615 0.07602163461538461 0.25330528846153844
2 0.14182692307692307 0.3701923076923077 0.16706730769230768 0.48647836538461536
2 0.3401442307692308 0.3762019230769231 0.37650240384615385 0.5255408653846154
2 0.7439903846153846 0.7800480769230769 0.4014423076923077 0.3389423076923077
2 0.6394230769230769 0.5336538461538461 0.6691706730769231 0.8611778846153846
2 0.27163461538461536 0.7800480769230769 0.18840144230769232 0.3058894230769231
2 0.21153846153846154 0.49038461538461536 0.05829326923076923 0.07211538461538461
2 0.4651442307692308 0.4807692307692308 0.05618990384615385 0.0859375
2 0.375 0.765625 0.05829326923076923 0.0751201923076923