1 0.9350961538461539 0.4074519230769231 0.047776442307692304 0.21935096153846154
1 0.9338942307692307 0.8040865384615384 0.055588942307692304 0.18058894230769232
1 0.16826923076923078 0.8149038461538461 0.03786057692307692 0.11538461538461539
1 0.17067307692307693 0.2956730769230769 0.08173076923076923 0.26021634615384615
2 0.11658653846153846 0.36899038461538464 0.17067307692307693 0.5024038461538461
2 0.32211538461538464 0.3762019230769231 0.37950721153846156 0.5408653846153846
2 0.7379807692307693 0.7920673076923077 0.3936298076923077 0.3173076923076923
2 0.6310096153846154 0.5384615384615384 0.6442307692307693 0.8608774038461539
2 0.2512019230769231 0.7920673076923077 0.17578125 0.31069711538461536
2 0.18990384615384615 0.49278846153846156 0.07271634615384616 0.08173076923076923
2 0.4519230769230769 0.4831730769230769 0.07181490384615384 0.09254807692307693
2 0.3581730769230769 0.7776442307692307 0.05859375 0.07872596153846154