1 0.9471153846153846 0.390625 0.07181490384615384 0.21394230769230768
1 0.9471153846153846 0.7872596153846154 0.03395432692307692 0.18479567307692307
1 0.1814903846153846 0.796875 0.04326923076923077 0.11358173076923077
1 0.18269230769230768 0.2776442307692308 0.056490384615384616 0.26742788461538464
2 0.12980769230769232 0.35096153846153844 0.14903846153846154 0.5084134615384616
2 0.33533653846153844 0.3581730769230769 0.3194110576923077 0.5198317307692307
2 0.7512019230769231 0.7740384615384616 0.4152644230769231 0.3503605769230769
2 0.6394230769230769 0.5192307692307693 0.7211538461538461 0.9038461538461539
2 0.2644230769230769 0.7752403846153846 0.21123798076923078 0.3191105769230769
2 0.203125 0.47596153846153844 0.06430288461538461 0.07632211538461539
2 0.4651442307692308 0.4651442307692308 0.060396634615384616 0.08653846153846154
2 0.3713942307692308 0.7596153846153846 0.05618990384615385 0.07692307692307693