1 0.27524038461538464 0.24278846153846154 0.14212740384615385 0.03485576923076923
1 0.6310096153846154 0.2403846153846154 0.09375 0.0234375
1 0.8137019230769231 0.23798076923076922 0.07872596153846154 0.03876201923076923
1 0.44711538461538464 0.8449519230769231 0.024939903846153848 0.019230769230769232
1 0.3076923076923077 0.84375 0.12950721153846154 0.034254807692307696
2 0.3473557692307692 0.15865384615384615 0.3828125 0.20282451923076922
2 0.6105769230769231 0.3737980769230769 0.29356971153846156 0.2530048076923077
2 0.8221153846153846 0.3112980769230769 0.14332932692307693 0.14182692307692307
2 0.796875 0.47836538461538464 0.20012019230769232 0.21123798076923078
2 0.5096153846153846 0.7644230769230769 0.19290865384615385 0.171875
2 0.4326923076923077 0.5456730769230769 0.6334134615384616 0.6685697115384616
0 0.4026442307692308 0.21394230769230768 0.0673076923076923 0.07211538461538461
0 0.8557692307692307 0.40384615384615385 0.06790865384615384 0.06670673076923077
0 0.6610576923076923 0.4795673076923077 0.06370192307692307 0.06400240384615384
0 0.671875 0.5420673076923077 0.0703125 0.06009615384615385
0 0.4639423076923077 0.7151442307692307 0.06640625 0.06520432692307693
0 0.5084134615384616 0.8737980769230769 0.07481971153846154 0.08173076923076923