1 0.2776442307692308 0.25721153846153844 0.13731971153846154 0.03245192307692308
1 0.6225961538461539 0.25600961538461536 0.09044471153846154 0.03365384615384615
1 0.7992788461538461 0.2536057692307692 0.07451923076923077 0.026141826923076924
1 0.44471153846153844 0.8413461538461539 0.024939903846153848 0.019230769230769232
1 0.3088942307692308 0.8413461538461539 0.12289663461538461 0.03936298076923077
2 0.3473557692307692 0.17668269230769232 0.3701923076923077 0.2130408653846154
2 0.6021634615384616 0.38461538461538464 0.3046875 0.2698317307692308
2 0.8064903846153846 0.3245192307692308 0.13641826923076922 0.13431490384615385
2 0.7824519230769231 0.48677884615384615 0.19501201923076922 0.20432692307692307
2 0.5048076923076923 0.7644230769230769 0.18299278846153846 0.16256009615384615
2 0.42908653846153844 0.5516826923076923 0.5934495192307693 0.6328125
0 0.4014423076923077 0.23076923076923078 0.06310096153846154 0.06790865384615384
0 0.8401442307692307 0.41466346153846156 0.06520432692307693 0.060396634615384616
0 0.6514423076923077 0.48677884615384615 0.06370192307692307 0.06400240384615384
0 0.6622596153846154 0.5492788461538461 0.07001201923076923 0.060396634615384616
0 0.46033653846153844 0.7163461538461539 0.06881009615384616 0.06790865384615384
0 0.5036057692307693 0.8689903846153846 0.0790264423076923 0.08353365384615384