1 0.2764423076923077 0.25600961538461536 0.13912259615384615 0.03365384615384615
1 0.6189903846153846 0.2548076923076923 0.08924278846153846 0.024338942307692308
1 0.7944711538461539 0.25240384615384615 0.0751201923076923 0.029447115384615384
1 0.4423076923076923 0.8365384615384616 0.024939903846153848 0.01893028846153846
1 0.3076923076923077 0.8353365384615384 0.12469951923076923 0.03515625
2 0.3449519230769231 0.17548076923076922 0.35787259615384615 0.140625
2 0.5985576923076923 0.38221153846153844 0.2785456730769231 0.23948317307692307
2 0.8028846153846154 0.32211538461538464 0.12049278846153846 0.1201923076923077
2 0.7788461538461539 0.4831730769230769 0.203125 0.21183894230769232
2 0.5024038461538461 0.7596153846153846 0.16346153846153846 0.13521634615384615
2 0.42788461538461536 0.5480769230769231 0.5910456730769231 0.6295072115384616
0 0.39903846153846156 0.2283653846153846 0.07692307692307693 0.0811298076923077
0 0.8353365384615384 0.4110576923076923 0.0625 0.05859375
0 0.6478365384615384 0.484375 0.0655048076923077 0.06460336538461539
0 0.6586538461538461 0.5456730769230769 0.06790865384615384 0.05859375
0 0.45913461538461536 0.7115384615384616 0.06219951923076923 0.06219951923076923
0 0.5012019230769231 0.8641826923076923 0.07481971153846154 0.07992788461538461