2 0.7223557692307693 0.203125 0.45372596153846156 0.35336538461538464
1 0.9350961538461539 0.20432692307692307 0.038461538461538464 0.1484375
1 0.9375 0.49759615384615385 0.047475961538461536 0.13551682692307693
1 0.9411057692307693 0.7704326923076923 0.0546875 0.14573317307692307
1 0.18389423076923078 0.5 0.07842548076923077 0.24098557692307693
2 0.10817307692307693 0.5420673076923077 0.17668269230769232 0.3918269230769231
2 0.5637019230769231 0.625 0.7959735576923077 0.6108774038461539
2 0.8509615384615384 0.7704326923076923 0.20733173076923078 0.26712740384615385
2 0.6935096153846154 0.6983173076923077 0.1328125 0.11298076923076923
0 0.6586538461538461 0.31850961538461536 0.07211538461538461 0.08383413461538461
0 0.18389423076923078 0.6586538461538461 0.14152644230769232 0.09585336538461539
0 0.5480769230769231 0.9050480769230769 0.07151442307692307 0.1658653846153846
0 0.6935096153846154 0.7740384615384616 0.045973557692307696 0.0673076923076923
0 0.7776442307692307 0.7956730769230769 0.051382211538461536 0.054086538461538464