2 0.7319711538461539 0.19110576923076922 0.46153846153846156 0.36538461538461536
1 0.9483173076923077 0.19110576923076922 0.050180288461538464 0.14903846153846154
1 0.9495192307692307 0.4879807692307692 0.034254807692307696 0.14002403846153846
1 0.953125 0.7644230769230769 0.04957932692307692 0.14483173076923078
1 0.1875 0.49038461538461536 0.07301682692307693 0.24519230769230768
2 0.11057692307692307 0.5324519230769231 0.1932091346153846 0.39903846153846156
2 0.5721153846153846 0.6165865384615384 0.8082932692307693 0.6231971153846154
2 0.8617788461538461 0.7644230769230769 0.21394230769230768 0.2731370192307692
2 0.703125 0.6911057692307693 0.13611778846153846 0.11388221153846154
0 0.6682692307692307 0.30649038461538464 0.061899038461538464 0.07872596153846154
0 0.1875 0.6502403846153846 0.14302884615384615 0.09134615384615384
0 0.5564903846153846 0.9002403846153846 0.07001201923076923 0.16676682692307693
0 0.703125 0.7680288461538461 0.05979567307692308 0.07481971153846154
0 0.7884615384615384 0.7896634615384616 0.056790865384615384 0.05979567307692308