2 0.7223557692307693 0.21754807692307693 0.4501201923076923 0.3395432692307692
1 0.9375 0.21754807692307693 0.04417067307692308 0.14903846153846154
1 0.9399038461538461 0.515625 0.04326923076923077 0.13942307692307693
1 0.9435096153846154 0.7908653846153846 0.02674278846153846 0.1484375
1 0.1778846153846154 0.5168269230769231 0.03936298076923077 0.25
2 0.10096153846153846 0.5588942307692307 0.15354567307692307 0.3894230769230769
2 0.5625 0.6430288461538461 0.8359375 0.6826923076923077
2 0.8521634615384616 0.7908653846153846 0.1796875 0.2509014423076923
2 0.6935096153846154 0.7175480769230769 0.13611778846153846 0.11328125
0 0.6586538461538461 0.3329326923076923 0.06850961538461539 0.08413461538461539
0 0.17668269230769232 0.6766826923076923 0.14423076923076922 0.09915865384615384
0 0.5456730769230769 0.9206730769230769 0.0673076923076923 0.15865384615384615
0 0.6935096153846154 0.7944711538461539 0.04657451923076923 0.07001201923076923
0 0.7788461538461539 0.8161057692307693 0.056790865384615384 0.05979567307692308