1 0.40384615384615385 0.234375 0.1063701923076923 0.055288461538461536
1 0.5997596153846154 0.23197115384615385 0.06490384615384616 0.04026442307692308
1 0.27403846153846156 0.296875 0.02013221153846154 0.07001201923076923
2 0.5805288461538461 0.12740384615384615 0.2244591346153846 0.21604567307692307
2 0.6322115384615384 0.5612980769230769 0.12890625 0.22115384615384615
2 0.6322115384615384 0.7331730769230769 0.11899038461538461 0.12560096153846154
2 0.48197115384615385 0.5252403846153846 0.47265625 0.5979567307692307
0 0.5252403846153846 0.19471153846153846 0.07692307692307693 0.10667067307692307
0 0.5504807692307693 0.6346153846153846 0.06820913461538461 0.09044471153846154
0 0.6033653846153846 0.6466346153846154 0.048978365384615384 0.0733173076923077
0 0.5324519230769231 0.8112980769230769 0.09375 0.19441105769230768