1 0.4387019230769231 0.2091346153846154 0.10576923076923077 0.051682692307692304
1 0.6346153846153846 0.20673076923076922 0.0625 0.034254807692307696
1 0.3088942307692308 0.2704326923076923 0.02734375 0.07001201923076923
2 0.6153846153846154 0.10096153846153846 0.21243990384615385 0.20162259615384615
2 0.6670673076923077 0.5348557692307693 0.12770432692307693 0.22115384615384615
2 0.6670673076923077 0.7067307692307693 0.11838942307692307 0.12620192307692307
2 0.5168269230769231 0.4987980769230769 0.40775240384615385 0.5558894230769231
0 0.5600961538461539 0.16947115384615385 0.07752403846153846 0.10787259615384616
0 0.5853365384615384 0.609375 0.07001201923076923 0.08864182692307693
0 0.6382211538461539 0.6213942307692307 0.05618990384615385 0.07932692307692307
0 0.5673076923076923 0.7860576923076923 0.08173076923076923 0.19200721153846154