1 0.4254807692307692 0.22716346153846154 0.1006610576923077 0.036959134615384616
1 0.6153846153846154 0.2247596153846154 0.05889423076923077 0.035757211538461536
1 0.29927884615384615 0.2860576923076923 0.025540865384615384 0.06760817307692307
2 0.5961538461538461 0.12259615384615384 0.19651442307692307 0.18329326923076922
2 0.6466346153846154 0.5420673076923077 0.12890625 0.21394230769230768
2 0.6466346153846154 0.7091346153846154 0.11448317307692307 0.12109375
2 0.5012019230769231 0.5072115384615384 0.4495192307692308 0.5763221153846154
0 0.5432692307692307 0.1875 0.07301682692307693 0.10486778846153846
0 0.5673076923076923 0.6141826923076923 0.07241586538461539 0.08984375
0 0.6189903846153846 0.6262019230769231 0.06009615384615385 0.07872596153846154
0 0.5504807692307693 0.7860576923076923 0.06370192307692307 0.18269230769230768