2 0.41466346153846156 0.7307692307692307 0.1024639423076923 0.08233173076923077
2 0.41586538461538464 0.84375 0.11478365384615384 0.1385216346153846
2 0.5096153846153846 0.8425480769230769 0.1015625 0.14122596153846154
2 0.7271634615384616 0.26802884615384615 0.3043870192307692 0.09885817307692307
2 0.8016826923076923 0.4411057692307692 0.15625 0.23377403846153846
2 0.8052884615384616 0.6622596153846154 0.14423076923076922 0.20042067307692307
1 0.6778846153846154 0.7680288461538461 0.08653846153846154 0.025540865384615384
1 0.7764423076923077 0.7680288461538461 0.0907451923076923 0.026141826923076924
1 0.7800480769230769 0.3245192307692308 0.08353365384615384 0.033052884615384616
1 0.6274038461538461 0.32091346153846156 0.1006610576923077 0.021935096153846152
1 0.4495192307692308 0.24158653846153846 0.125 0.021935096153846152
2 0.42908653846153844 0.48197115384615385 0.12980769230769232 0.057692307692307696
2 0.41225961538461536 0.5384615384615384 0.08984375 0.05318509615384615
2 0.41466346153846156 0.6310096153846154 0.09885817307692307 0.11268028846153846
2 0.5216346153846154 0.7475961538461539 0.10576923076923077 0.061899038461538464
2 0.6598557692307693 0.6862980769230769 0.17487980769230768 0.17998798076923078
2 0.5228365384615384 0.6802884615384616 0.12740384615384615 0.07632211538461539
2 0.546875 0.44471153846153844 0.4011418269230769 0.4365985576923077
2 0.6201923076923077 0.14903846153846154 0.51953125 0.19801682692307693
0 0.7475961538461539 0.5348557692307693 0.04807692307692308 0.036959134615384616
0 0.7463942307692307 0.5841346153846154 0.04567307692307692 0.028846153846153848
0 0.4855769230769231 0.8305288461538461 0.04266826923076923 0.03665865384615385
0 0.5264423076923077 0.7331730769230769 0.048978365384615384 0.048978365384615384
0 0.5264423076923077 0.6706730769230769 0.043569711538461536 0.04717548076923077
0 0.43990384615384615 0.6766826923076923 0.024639423076923076 0.030949519230769232
0 0.47716346153846156 0.6262019230769231 0.04326923076923077 0.03545673076923077
0 0.4723557692307692 0.53125 0.028846153846153848 0.024639423076923076
0 0.6610576923076923 0.5925480769230769 0.038161057692307696 0.039963942307692304
0 0.6286057692307693 0.5300480769230769 0.04537259615384615 0.041165865384615384
0 0.5096153846153846 0.49278846153846156 0.029447115384615384 0.024639423076923076
0 0.5889423076923077 0.28966346153846156 0.051682692307692304 0.03665865384615385