2 0.4170673076923077 0.7463942307692307 0.09405048076923077 0.07421875
2 0.4182692307692308 0.8605769230769231 0.11087740384615384 0.1349158653846154
2 0.5132211538461539 0.8581730769230769 0.10817307692307693 0.14393028846153846
2 0.7319711538461539 0.28125 0.3076923076923077 0.11598557692307693
2 0.8064903846153846 0.45552884615384615 0.17638221153846154 0.24248798076923078
2 0.8100961538461539 0.6778846153846154 0.14453125 0.20252403846153846
1 0.6826923076923077 0.7836538461538461 0.0859375 0.028545673076923076
1 0.7800480769230769 0.7836538461538461 0.08924278846153846 0.024338942307692308
1 0.7836538461538461 0.33774038461538464 0.0859375 0.021935096153846152
1 0.6310096153846154 0.33413461538461536 0.09825721153846154 0.029747596153846152
1 0.453125 0.2536057692307692 0.125 0.021935096153846152
2 0.4326923076923077 0.4963942307692308 0.12920673076923078 0.055288461538461536
2 0.41466346153846156 0.5528846153846154 0.0928485576923077 0.05739182692307692
2 0.4170673076923077 0.6466346153846154 0.09765625 0.11117788461538461
2 0.5252403846153846 0.7632211538461539 0.10396634615384616 0.05588942307692308
2 0.6634615384615384 0.7019230769230769 0.17217548076923078 0.17427884615384615
2 0.5264423076923077 0.6959134615384616 0.12860576923076922 0.08173076923076923
2 0.5504807692307693 0.45913461538461536 0.3798076923076923 0.41736778846153844
2 0.6237980769230769 0.16105769230769232 0.52734375 0.22115384615384615
0 0.7524038461538461 0.5492788461538461 0.04447115384615385 0.03515625
0 0.7512019230769231 0.5985576923076923 0.04807692307692308 0.034254807692307696
0 0.4879807692307692 0.8473557692307693 0.04717548076923077 0.038461538461538464
0 0.5288461538461539 0.7487980769230769 0.048978365384615384 0.05078125
0 0.5300480769230769 0.6862980769230769 0.045973557692307696 0.04657451923076923
0 0.4423076923076923 0.6923076923076923 0.028545673076923076 0.03275240384615385
0 0.4807692307692308 0.640625 0.04266826923076923 0.03545673076923077
0 0.47596153846153844 0.5456730769230769 0.029447115384615384 0.028245192307692308
0 0.6658653846153846 0.6069711538461539 0.03876201923076923 0.039963942307692304
0 0.6322115384615384 0.5444711538461539 0.047776442307692304 0.04537259615384615
0 0.5132211538461539 0.5072115384615384 0.03545673076923077 0.029447115384615384
0 0.5925480769230769 0.30288461538461536 0.049879807692307696 0.037259615384615384