2 0.41466346153846156 0.7331730769230769 0.10276442307692307 0.0829326923076923
2 0.41586538461538464 0.8461538461538461 0.12920673076923078 0.1484375
2 0.5096153846153846 0.84375 0.10546875 0.14002403846153846
2 0.7259615384615384 0.27283653846153844 0.3034855769230769 0.11328125
2 0.8004807692307693 0.44471153846153844 0.13551682692307693 0.22145432692307693
2 0.8040865384615384 0.6646634615384616 0.14423076923076922 0.19951923076923078
1 0.6766826923076923 0.7704326923076923 0.08443509615384616 0.030949519230769232
1 0.7740384615384616 0.7704326923076923 0.08653846153846154 0.03515625
1 0.7776442307692307 0.328125 0.08413461538461539 0.021634615384615384
1 0.6274038461538461 0.3245192307692308 0.10036057692307693 0.02013221153846154
1 0.4495192307692308 0.24519230769230768 0.12109375 0.038161057692307696
2 0.43028846153846156 0.4855769230769231 0.12950721153846154 0.07211538461538461
2 0.41225961538461536 0.5408653846153846 0.09375 0.0625
2 0.41466346153846156 0.6334134615384616 0.10757211538461539 0.11868990384615384
2 0.5216346153846154 0.75 0.10576923076923077 0.06310096153846154
2 0.6586538461538461 0.6887019230769231 0.1736778846153846 0.1778846153846154
2 0.5228365384615384 0.6826923076923077 0.1271033653846154 0.07602163461538461
2 0.546875 0.4483173076923077 0.3915264423076923 0.42578125
2 0.6201923076923077 0.15384615384615385 0.5285456730769231 0.27403846153846156
0 0.7463942307692307 0.5384615384615384 0.049879807692307696 0.03936298076923077
0 0.7451923076923077 0.5865384615384616 0.04807692307692308 0.029747596153846152
0 0.4855769230769231 0.8329326923076923 0.0390625 0.03365384615384615
0 0.5264423076923077 0.7355769230769231 0.04326923076923077 0.043569711538461536
0 0.5264423076923077 0.6730769230769231 0.043569711538461536 0.043870192307692304
0 0.43990384615384615 0.6790865384615384 0.025240384615384616 0.03155048076923077
0 0.47716346153846156 0.6286057692307693 0.045072115384615384 0.036057692307692304
0 0.4723557692307692 0.5348557692307693 0.031850961538461536 0.03064903846153846
0 0.6610576923076923 0.5949519230769231 0.038161057692307696 0.036959134615384616
0 0.6286057692307693 0.5336538461538461 0.05078125 0.048978365384615384
0 0.5096153846153846 0.4951923076923077 0.03365384615384615 0.030048076923076924
0 0.5877403846153846 0.29447115384615385 0.05048076923076923 0.03665865384615385