1 0.16826923076923078 0.8810096153846154 0.07241586538461539 0.03155048076923077
1 0.4879807692307692 0.875 0.11087740384615384 0.043870192307692304
1 0.44591346153846156 0.11298076923076923 0.08864182692307693 0.03365384615384615
1 0.8185096153846154 0.11177884615384616 0.08173076923076923 0.026442307692307692
1 0.8112980769230769 0.8810096153846154 0.11268028846153846 0.02403846153846154
2 0.18509615384615385 0.4951923076923077 0.3701923076923077 0.7644230769230769
2 0.5012019230769231 0.4963942307692308 0.34435096153846156 0.7518028846153846
2 0.5925480769230769 0.19951923076923078 0.0928485576923077 0.13912259615384615
2 0.7271634615384616 0.2403846153846154 0.1346153846153846 0.23978365384615385
2 0.8629807692307693 0.2848557692307692 0.1775841346153846 0.32361778846153844
2 0.8197115384615384 0.4495192307692308 0.26412259615384615 0.16766826923076922
2 0.8173076923076923 0.7043269230769231 0.3073918269230769 0.3551682692307692
0 0.5877403846153846 0.0829326923076923 0.060396634615384616 0.10877403846153846
0 0.5877403846153846 0.23677884615384615 0.06009615384615385 0.08413461538461539
0 0.25600961538461536 0.24519230769230768 0.036959134615384616 0.04807692307692308
0 0.25721153846153844 0.3870192307692308 0.04417067307692308 0.053786057692307696
0 0.5817307692307693 0.8762019230769231 0.09164663461538461 0.16045673076923078
0 0.7151442307692307 0.5697115384615384 0.05438701923076923 0.08563701923076923
0 0.7463942307692307 0.39783653846153844 0.04807692307692308 0.08173076923076923
0 0.7944711538461539 0.41225961538461536 0.049879807692307696 0.06881009615384616