1 0.14302884615384615 0.8918269230769231 0.07451923076923077 0.024639423076923076
1 0.47836538461538464 0.8858173076923077 0.11538461538461539 0.030949519230769232
1 0.4338942307692308 0.08774038461538461 0.09375 0.05078125
1 0.8257211538461539 0.08533653846153846 0.0850360576923077 0.039963942307692304
1 0.8173076923076923 0.8930288461538461 0.11598557692307693 0.030949519230769232
2 0.1658653846153846 0.48677884615384615 0.3317307692307692 0.8004807692307693
2 0.49278846153846156 0.4891826923076923 0.3037860576923077 0.7761418269230769
2 0.5877403846153846 0.17668269230769232 0.10576923076923077 0.15114182692307693
2 0.7283653846153846 0.21995192307692307 0.13972355769230768 0.25240384615384615
2 0.8725961538461539 0.2668269230769231 0.23557692307692307 0.3563701923076923
2 0.8257211538461539 0.43990384615384615 0.2998798076923077 0.22115384615384615
2 0.8245192307692307 0.7067307692307693 0.3233173076923077 0.3740985576923077
0 0.5829326923076923 0.055288461538461536 0.055288461538461536 0.11057692307692307
0 0.5829326923076923 0.21634615384615385 0.06430288461538461 0.08743990384615384
0 0.234375 0.22596153846153846 0.04026442307692308 0.04927884615384615
0 0.23677884615384615 0.3737980769230769 0.04657451923076923 0.05618990384615385
0 0.5769230769230769 0.8870192307692307 0.1045673076923077 0.16766826923076922
0 0.7163461538461539 0.5649038461538461 0.056790865384615384 0.08713942307692307
0 0.7487980769230769 0.3858173076923077 0.050180288461538464 0.0850360576923077
0 0.8004807692307693 0.40024038461538464 0.048677884615384616 0.07001201923076923