1 0.16947115384615385 0.8822115384615384 0.07061298076923077 0.02794471153846154
1 0.49038461538461536 0.8774038461538461 0.11057692307692307 0.024639423076923076
1 0.4483173076923077 0.11057692307692307 0.08924278846153846 0.039663461538461536
1 0.8245192307692307 0.10817307692307693 0.08173076923076923 0.024639423076923076
1 0.8161057692307693 0.8834134615384616 0.11298076923076923 0.04326923076923077
2 0.18389423076923078 0.4951923076923077 0.34615384615384615 0.7689302884615384
2 0.5048076923076923 0.4963942307692308 0.36538461538461536 0.7578125
2 0.5961538461538461 0.1971153846153846 0.09705528846153846 0.14302884615384615
2 0.7307692307692307 0.23798076923076922 0.1201923076923077 0.2439903846153846
2 0.8689903846153846 0.2824519230769231 0.23076923076923078 0.34314903846153844
2 0.8245192307692307 0.4483173076923077 0.2785456730769231 0.1893028846153846
2 0.8233173076923077 0.7043269230769231 0.30528846153846156 0.3551682692307692
0 0.5913461538461539 0.07932692307692307 0.05859375 0.10997596153846154
0 0.5913461538461539 0.234375 0.056490384615384616 0.08353365384615384
0 0.25721153846153844 0.2439903846153846 0.04296875 0.05078125
0 0.25841346153846156 0.3858173076923077 0.05438701923076923 0.060396634615384616
0 0.5853365384615384 0.8786057692307693 0.07542067307692307 0.15625
0 0.71875 0.5697115384615384 0.053786057692307696 0.08623798076923077
0 0.7512019230769231 0.39663461538461536 0.05048076923076923 0.0829326923076923
0 0.7992788461538461 0.4110576923076923 0.057692307692307696 0.07241586538461539