1 0.8365384615384616 0.8966346153846154 0.056790865384615384 0.033052884615384616
1 0.7271634615384616 0.8966346153846154 0.09435096153846154 0.03395432692307692
1 0.5733173076923077 0.8954326923076923 0.1123798076923077 0.044771634615384616
1 0.28125 0.890625 0.11959134615384616 0.026141826923076924
1 0.0889423076923077 0.8930288461538461 0.07091346153846154 0.039963942307692304
1 0.03125 0.6069711538461539 0.023137019230769232 0.03545673076923077
1 0.109375 0.2620192307692308 0.09615384615384616 0.023737980769230768
1 0.7584134615384616 0.27163461538461536 0.0889423076923077 0.028245192307692308
1 0.5685096153846154 0.26802884615384615 0.08954326923076923 0.038461538461538464
2 0.8185096153846154 0.15504807692307693 0.15174278846153846 0.21935096153846154
2 0.5793269230769231 0.4266826923076923 0.19801682692307693 0.3046875
1 0.4879807692307692 0.44350961538461536 0.038161057692307696 0.10877403846153846
1 0.4855769230769231 0.6153846153846154 0.02403846153846154 0.029447115384615384
2 0.578125 0.7271634615384616 0.21153846153846154 0.32421875
2 0.7235576923076923 0.734375 0.13431490384615385 0.31580528846153844
2 0.8365384615384616 0.8197115384615384 0.12049278846153846 0.14963942307692307
2 0.8353365384615384 0.6526442307692307 0.12169471153846154 0.17998798076923078
2 0.7439903846153846 0.4206730769230769 0.2863581730769231 0.29747596153846156
2 0.3641826923076923 0.14302884615384615 0.15594951923076922 0.22926682692307693
2 0.3701923076923077 0.3401442307692308 0.12439903846153846 0.13731971153846154
2 0.3713942307692308 0.4891826923076923 0.14122596153846154 0.16135817307692307
2 0.390625 0.8064903846153846 0.08834134615384616 0.14693509615384615
2 0.23798076923076922 0.5793269230769231 0.46544471153846156 0.640625
0 0.2704326923076923 0.12740384615384615 0.06881009615384616 0.09164663461538461
0 0.18990384615384615 0.22235576923076922 0.05739182692307692 0.1219951923076923
0 0.3762019230769231 0.4483173076923077 0.04957932692307692 0.08473557692307693
0 0.3762019230769231 0.6033653846153846 0.04957932692307692 0.09164663461538461
0 0.3737980769230769 0.7776442307692307 0.049879807692307696 0.10366586538461539
0 0.375 0.9314903846153846 0.057992788461538464 0.1123798076923077
0 0.5841346153846154 0.5192307692307693 0.06670673076923077 0.09044471153846154
0 0.6394230769230769 0.609375 0.04807692307692308 0.08443509615384616
0 0.7572115384615384 0.6117788461538461 0.053786057692307696 0.09945913461538461
0 0.8353365384615384 0.5372596153846154 0.05498798076923077 0.09615384615384616
0 0.8353365384615384 0.23317307692307693 0.05498798076923077 0.10667067307692307
0 0.8221153846153846 0.7055288461538461 0.042367788461538464 0.07992788461538461