1 0.8305288461538461 0.8870192307692307 0.055288461538461536 0.034254807692307696
1 0.7235576923076923 0.8858173076923077 0.09194711538461539 0.038461538461538464
1 0.5733173076923077 0.8846153846153846 0.10877403846153846 0.03756009615384615
1 0.28725961538461536 0.8798076923076923 0.11538461538461539 0.033353365384615384
1 0.09975961538461539 0.8834134615384616 0.06881009615384616 0.040865384615384616
1 0.04326923076923077 0.6033653846153846 0.01953125 0.033353365384615384
1 0.1201923076923077 0.2644230769230769 0.09585336538461539 0.034254807692307696
1 0.7536057692307693 0.27524038461538464 0.08834134615384616 0.036057692307692304
1 0.5685096153846154 0.2704326923076923 0.08834134615384616 0.03665865384615385
2 0.8125 0.16105769230769232 0.16376201923076922 0.22115384615384615
2 0.5793269230769231 0.4254807692307692 0.21574519230769232 0.30318509615384615
1 0.4891826923076923 0.4423076923076923 0.02734375 0.1063701923076923
1 0.4879807692307692 0.6105769230769231 0.0234375 0.029447115384615384
2 0.578125 0.7211538461538461 0.17518028846153846 0.30679086538461536
2 0.7211538461538461 0.7271634615384616 0.1349158653846154 0.3125
2 0.8305288461538461 0.8100961538461539 0.12229567307692307 0.14963942307692307
2 0.8293269230769231 0.6478365384615384 0.10546875 0.16826923076923078
2 0.7403846153846154 0.4206730769230769 0.3088942307692308 0.3212139423076923
2 0.36899038461538464 0.14783653846153846 0.1700721153846154 0.2322716346153846
2 0.375 0.34134615384615385 0.13521634615384615 0.14513221153846154
2 0.3762019230769231 0.4879807692307692 0.125 0.14903846153846154
2 0.3942307692307692 0.796875 0.08623798076923077 0.14423076923076922
2 0.24519230769230768 0.5745192307692307 0.49038461538461536 0.6442307692307693
0 0.2776442307692308 0.13341346153846154 0.0655048076923077 0.08924278846153846
0 0.19831730769230768 0.22596153846153846 0.06009615384615385 0.1201923076923077
0 0.38100961538461536 0.44711538461538464 0.0546875 0.08623798076923077
0 0.38100961538461536 0.5985576923076923 0.05588942307692308 0.09254807692307693
0 0.3786057692307692 0.7692307692307693 0.0625 0.10606971153846154
0 0.3798076923076923 0.9206730769230769 0.0625 0.11057692307692307
0 0.5841346153846154 0.5168269230769231 0.057992788461538464 0.08563701923076923
0 0.6382211538461539 0.6045673076923077 0.05979567307692308 0.0889423076923077
0 0.7536057692307693 0.6069711538461539 0.0625 0.10096153846153846
0 0.8293269230769231 0.5336538461538461 0.061899038461538464 0.09615384615384616
0 0.8293269230769231 0.23677884615384615 0.0625 0.10727163461538461
0 0.8161057692307693 0.6995192307692307 0.04326923076923077 0.08082932692307693