1 0.8317307692307693 0.8918269230769231 0.05348557692307692 0.03245192307692308
1 0.7247596153846154 0.8918269230769231 0.09405048076923077 0.03245192307692308
1 0.5733173076923077 0.8894230769230769 0.10877403846153846 0.03395432692307692
1 0.2860576923076923 0.8858173076923077 0.11538461538461539 0.044771634615384616
1 0.09735576923076923 0.8882211538461539 0.06520432692307693 0.03125
1 0.039663461538461536 0.6069711538461539 0.017127403846153848 0.03155048076923077
1 0.11778846153846154 0.26802884615384615 0.09585336538461539 0.028846153846153848
1 0.7548076923076923 0.2776442307692308 0.08713942307692307 0.045072115384615384
1 0.5685096153846154 0.27403846153846156 0.08924278846153846 0.037259615384615384
2 0.8137019230769231 0.16346153846153846 0.13311298076923078 0.20703125
2 0.5793269230769231 0.42908653846153844 0.20222355769230768 0.30018028846153844
1 0.4891826923076923 0.44591346153846156 0.041165865384615384 0.10787259615384616
1 0.48677884615384615 0.6153846153846154 0.021033653846153848 0.028245192307692308
2 0.578125 0.7259615384615384 0.19891826923076922 0.3161057692307692
2 0.7211538461538461 0.7319711538461539 0.17277644230769232 0.31460336538461536
2 0.8317307692307693 0.8149038461538461 0.1063701923076923 0.14002403846153846
2 0.8305288461538461 0.6514423076923077 0.12830528846153846 0.17848557692307693
2 0.7415865384615384 0.42427884615384615 0.31580528846153844 0.32421875
2 0.36778846153846156 0.15144230769230768 0.17277644230769232 0.23497596153846154
2 0.3737980769230769 0.3449519230769231 0.13221153846153846 0.14212740384615385
2 0.375 0.49158653846153844 0.13040865384615385 0.15655048076923078
2 0.39302884615384615 0.8028846153846154 0.10727163461538461 0.1541466346153846
2 0.24278846153846154 0.5793269230769231 0.44200721153846156 0.6246995192307693
0 0.27524038461538464 0.13581730769230768 0.0673076923076923 0.09314903846153846
0 0.19591346153846154 0.22956730769230768 0.0546875 0.11838942307692307
0 0.3798076923076923 0.4519230769230769 0.052884615384615384 0.08623798076923077
0 0.3798076923076923 0.6033653846153846 0.05829326923076923 0.09555288461538461
0 0.37740384615384615 0.7740384615384616 0.0673076923076923 0.10997596153846154
0 0.3786057692307692 0.9254807692307693 0.04807692307692308 0.10576923076923077
0 0.5841346153846154 0.5204326923076923 0.06280048076923077 0.0850360576923077
0 0.6382211538461539 0.609375 0.05078125 0.08653846153846154
0 0.7536057692307693 0.6117788461538461 0.05108173076923077 0.0985576923076923
0 0.8305288461538461 0.5384615384615384 0.05108173076923077 0.09525240384615384
0 0.8305288461538461 0.23918269230769232 0.045072115384615384 0.10396634615384616
0 0.8173076923076923 0.7043269230769231 0.04807692307692308 0.08143028846153846