2 0.6418269230769231 0.4831730769230769 0.5324519230769231 0.29447115384615385
0 0.43028846153846156 0.6730769230769231 0.11057692307692307 0.09705528846153846
0 0.6057692307692307 0.6322115384615384 0.10697115384615384 0.13551682692307693
2 0.2824519230769231 0.8774038461538461 0.19951923076923078 0.24519230769230768
1 0.1466346153846154 0.007211538461538462 0.0673076923076923 0.014423076923076924
1 0.3762019230769231 0.004807692307692308 0.1466346153846154 0.009615384615384616
1 0.6706730769230769 0.006009615384615385 0.14423076923076922 0.01201923076923077
1 0.12620192307692307 0.6346153846153846 0.14152644230769232 0.05228365384615385
1 0.75 0.6370192307692307 0.171875 0.03786057692307692
2 0.6081730769230769 0.19110576923076922 0.6394230769230769 0.38221153846153844
2 0.38822115384615385 0.12379807692307693 0.3485576923076923 0.24759615384615385
2 0.18269230769230768 0.17427884615384615 0.2932692307692308 0.3485576923076923
2 0.2091346153846154 0.4795673076923077 0.32662259615384615 0.2980769230769231
0 0.33052884615384615 0.4170673076923077 0.09885817307692307 0.07061298076923077
0 0.45072115384615385 0.26322115384615385 0.09314903846153846 0.07481971153846154
0 0.5552884615384616 0.2692307692307692 0.09975961538461539 0.0634014423076923
0 0.3473557692307692 0.2644230769230769 0.08173076923076923 0.04837740384615385
0 0.1814903846153846 0.16346153846153846 0.0790264423076923 0.057992788461538464
0 0.41947115384615385 0.5432692307692307 0.08954326923076923 0.06310096153846154
0 0.41466346153846156 0.8064903846153846 0.09795673076923077 0.057692307692307696