2 0.640625 0.4879807692307692 0.5549879807692307 0.3644831730769231
0 0.43028846153846156 0.6766826923076923 0.10216346153846154 0.08834134615384616
0 0.6057692307692307 0.6358173076923077 0.0967548076923077 0.12800480769230768
2 0.28365384615384615 0.8798076923076923 0.19230769230769232 0.2403846153846154
1 0.14903846153846154 0.008413461538461538 0.0673076923076923 0.016826923076923076
1 0.3762019230769231 0.013221153846153846 0.14182692307692307 0.026442307692307692
1 0.6694711538461539 0.014423076923076924 0.13701923076923078 0.028846153846153848
1 0.12860576923076922 0.6370192307692307 0.14423076923076922 0.029747596153846152
1 0.7475961538461539 0.640625 0.16736778846153846 0.04807692307692308
2 0.6057692307692307 0.19591346153846154 0.6394230769230769 0.3918269230769231
2 0.3894230769230769 0.12379807692307693 0.33653846153846156 0.24699519230769232
2 0.18629807692307693 0.17427884615384615 0.25961538461538464 0.34314903846153844
2 0.21153846153846154 0.484375 0.3272235576923077 0.2980769230769231
0 0.3317307692307692 0.421875 0.09615384615384616 0.06881009615384616
0 0.45072115384615385 0.26802884615384615 0.09435096153846154 0.0790264423076923
0 0.5552884615384616 0.27403846153846156 0.0967548076923077 0.061598557692307696
0 0.3473557692307692 0.2692307692307692 0.08323317307692307 0.052584134615384616
0 0.18389423076923078 0.16947115384615385 0.07842548076923077 0.0546875
0 0.41947115384615385 0.546875 0.09344951923076923 0.06971153846153846
0 0.41586538461538464 0.8088942307692307 0.1015625 0.07211538461538461