2 0.6478365384615384 0.4951923076923077 0.5126201923076923 0.28275240384615385
0 0.44350961538461536 0.6790865384615384 0.10396634615384616 0.0928485576923077
0 0.6141826923076923 0.6394230769230769 0.09915865384615384 0.12890625
2 0.3004807692307692 0.8786057692307693 0.18329326923076922 0.23347355769230768
1 0.16947115384615385 0.026442307692307692 0.0655048076923077 0.028545673076923076
1 0.3918269230769231 0.02403846153846154 0.13912259615384615 0.04266826923076923
1 0.6766826923076923 0.028846153846153848 0.13731971153846154 0.024939903846153848
1 0.14783653846153846 0.640625 0.13792067307692307 0.04657451923076923
1 0.7524038461538461 0.6430288461538461 0.16766826923076922 0.021935096153846152
2 0.6153846153846154 0.19230769230769232 0.6114783653846154 0.3746995192307692
2 0.4026442307692308 0.13942307692307693 0.31039663461538464 0.21153846153846154
2 0.20432692307692307 0.18870192307692307 0.2647235576923077 0.3428485576923077
2 0.2283653846153846 0.49158653846153844 0.32632211538461536 0.30078125
0 0.34615384615384615 0.43028846153846156 0.09645432692307693 0.06790865384615384
0 0.46274038461538464 0.28125 0.09134615384615384 0.07301682692307693
0 0.5637019230769231 0.2860576923076923 0.10096153846153846 0.07271634615384616
0 0.36177884615384615 0.28125 0.08353365384615384 0.052884615384615384
0 0.20192307692307693 0.18389423076923078 0.07301682692307693 0.050180288461538464
0 0.43149038461538464 0.5528846153846154 0.08804086538461539 0.0625
0 0.42788461538461536 0.8076923076923077 0.10096153846153846 0.06850961538461539