2 0.6923076923076923 0.22115384615384615 0.36147836538461536 0.42397836538461536
2 0.31009615384615385 0.4795673076923077 0.49399038461538464 0.9326923076923077
2 0.2439903846153846 0.5552884615384616 0.28575721153846156 0.26382211538461536
2 0.24278846153846154 0.8100961538461539 0.3019831730769231 0.2734375
2 0.9290865384615384 0.09134615384615384 0.10907451923076923 0.14933894230769232
1 0.8689903846153846 0.2620192307692308 0.04807692307692308 0.14903846153846154
1 0.0889423076923077 0.17307692307692307 0.04717548076923077 0.1063701923076923
1 0.08774038461538461 0.5709134615384616 0.03125 0.11268028846153846
1 0.08774038461538461 0.8305288461538461 0.039963942307692304 0.10877403846153846
0 0.47115384615384615 0.9627403846153846 0.09134615384615384 0.07451923076923077
0 0.4266826923076923 0.8473557692307693 0.09795673076923077 0.07872596153846154
0 0.42788461538461536 0.59375 0.09705528846153846 0.0733173076923077
0 0.46875 0.22115384615384615 0.08653846153846154 0.09164663461538461
0 0.5649038461538461 0.30288461538461536 0.12469951923076923 0.14483173076923078
0 0.9014423076923077 0.09735576923076923 0.10576923076923077 0.07391826923076923