2 0.6814903846153846 0.23197115384615385 0.3173076923076923 0.38461538461538464
2 0.31850961538461536 0.47836538461538464 0.5597956730769231 0.9041466346153846
2 0.2548076923076923 0.5492788461538461 0.28966346153846156 0.2722355769230769
2 0.2536057692307692 0.7932692307692307 0.2770432692307692 0.2503004807692308
2 0.9086538461538461 0.10817307692307693 0.10967548076923077 0.14783653846153846
1 0.8497596153846154 0.2704326923076923 0.05078125 0.14152644230769232
1 0.10697115384615384 0.18509615384615385 0.03545673076923077 0.1015625
1 0.10576923076923077 0.5649038461538461 0.034555288461538464 0.10667067307692307
1 0.10576923076923077 0.8125 0.038461538461538464 0.10186298076923077
0 0.47475961538461536 0.9507211538461539 0.08323317307692307 0.0850360576923077
0 0.42908653846153844 0.8293269230769231 0.08653846153846154 0.06670673076923077
0 0.43028846153846156 0.5865384615384616 0.09585336538461539 0.07301682692307693
0 0.46875 0.23076923076923078 0.07662259615384616 0.08173076923076923
0 0.5612980769230769 0.31009615384615385 0.11538461538461539 0.13822115384615385
0 0.8822115384615384 0.1141826923076923 0.10516826923076923 0.07061298076923077