2 0.6971153846153846 0.22235576923076922 0.36568509615384615 0.4248798076923077
2 0.3245192307692308 0.47475961538461536 0.5817307692307693 0.9296875
2 0.25841346153846156 0.5480769230769231 0.27584134615384615 0.25390625
2 0.25841346153846156 0.7992788461538461 0.2764423076923077 0.24699519230769232
2 0.9290865384615384 0.09495192307692307 0.11748798076923077 0.15234375
1 0.8689903846153846 0.2620192307692308 0.04176682692307692 0.1484375
1 0.10697115384615384 0.17427884615384615 0.035757211538461536 0.10396634615384616
1 0.10697115384615384 0.5637019230769231 0.03665865384615385 0.10907451923076923
1 0.10576923076923077 0.8173076923076923 0.048677884615384616 0.1063701923076923
0 0.48197115384615385 0.9555288461538461 0.0889423076923077 0.0889423076923077
0 0.4375 0.8353365384615384 0.09495192307692307 0.07542067307692307
0 0.4387019230769231 0.5865384615384616 0.10306490384615384 0.08233173076923077
0 0.47836538461538464 0.22115384615384615 0.08233173076923077 0.08713942307692307
0 0.5733173076923077 0.30288461538461536 0.11538461538461539 0.1385216346153846
0 0.9026442307692307 0.10096153846153846 0.10276442307692307 0.06820913461538461