1 0.037259615384615384 0.05048076923076923 0.041165865384615384 0.024939903846153848
1 0.0889423076923077 0.04927884615384615 0.04417067307692308 0.030949519230769232
1 0.14182692307692307 0.05048076923076923 0.038161057692307696 0.02403846153846154
1 0.1875 0.05048076923076923 0.03936298076923077 0.03275240384615385
1 0.007211538461538462 0.4206730769230769 0.014423076923076924 0.08173076923076923
1 0.21394230769230768 0.36899038461538464 0.015625 0.08924278846153846
1 0.2620192307692308 0.42788461538461536 0.056790865384615384 0.04296875
1 0.4723557692307692 0.5120192307692307 0.032151442307692304 0.14513221153846154
1 0.3137019230769231 0.4266826923076923 0.021935096153846152 0.022536057692307692
1 0.3449519230769231 0.4266826923076923 0.032151442307692304 0.027043269230769232
1 0.007211538461538462 0.5997596153846154 0.009915865384615384 0.03155048076923077
1 0.006009615384615385 0.7295673076923077 0.01201923076923077 0.10336538461538461
1 0.5048076923076923 0.7151442307692307 0.01893028846153846 0.10877403846153846
1 0.7331730769230769 0.7776442307692307 0.013822115384615384 0.02403846153846154
1 0.75 0.7764423076923077 0.010216346153846154 0.01953125
1 0.8040865384615384 0.7764423076923077 0.022235576923076924 0.019831730769230768
1 0.8341346153846154 0.7764423076923077 0.028245192307692308 0.028245192307692308
1 0.5060096153846154 0.5324519230769231 0.015925480769230768 0.08653846153846154
1 0.5048076923076923 0.3425480769230769 0.03756009615384615 0.10877403846153846
1 0.53125 0.05048076923076923 0.042367788461538464 0.033052884615384616
1 0.578125 0.052884615384615384 0.04176682692307692 0.029447115384615384
1 0.6766826923076923 0.04927884615384615 0.08173076923076923 0.02674278846153846
1 0.71875 0.3173076923076923 0.024939903846153848 0.08653846153846154
1 0.7572115384615384 0.43509615384615385 0.05348557692307692 0.03275240384615385
1 0.8209134615384616 0.4338942307692308 0.046274038461538464 0.02674278846153846
2 0.7908653846153846 0.34615384615384615 0.14903846153846154 0.16766826923076922
0 0.6033653846153846 0.625 0.03876201923076923 0.05709134615384615
0 0.6394230769230769 0.6201923076923077 0.02794471153846154 0.057692307692307696
0 0.7043269230769231 0.5612980769230769 0.028245192307692308 0.05588942307692308
0 0.6129807692307693 0.030048076923076924 0.028846153846153848 0.06009615384615385
0 0.828125 0.625 0.04056490384615385 0.05709134615384615
0 0.8028846153846154 0.6923076923076923 0.029146634615384616 0.05348557692307692
0 0.6694711538461539 0.8028846153846154 0.032151442307692304 0.06310096153846154
0 0.32091346153846156 0.6298076923076923 0.031850961538461536 0.057692307692307696
0 0.25600961538461536 0.625 0.030949519230769232 0.057992788461538464
0 0.17668269230769232 0.4026442307692308 0.03515625 0.0625
0 0.2283653846153846 0.2920673076923077 0.03485576923076923 0.044771634615384616
0 0.08774038461538461 0.3557692307692308 0.03365384615384615 0.061598557692307696
2 0.11899038461538461 0.21754807692307693 0.23798076923076922 0.3389423076923077
2 0.3329326923076923 0.7199519230769231 0.0889423076923077 0.11057692307692307
2 0.3293269230769231 0.5168269230769231 0.08203125 0.16766826923076922
2 0.25240384615384615 0.5180288461538461 0.08082932692307693 0.16165865384615385
2 0.040865384615384616 0.5084134615384616 0.0712139423076923 0.2530048076923077
2 0.18990384615384615 0.6153846153846154 0.3746995192307692 0.47596153846153844
2 0.23197115384615385 0.6887019230769231 0.04056490384615385 0.04957932692307692
2 0.421875 0.5480769230769231 0.15234375 0.36087740384615385
2 0.9170673076923077 0.5913461538461539 0.1658653846153846 0.5048076923076923
2 0.8064903846153846 0.7391826923076923 0.031850961538461536 0.04657451923076923
2 0.7920673076923077 0.6033653846153846 0.15144230769230768 0.3233173076923077
2 0.6105769230769231 0.41225961538461536 0.2842548076923077 0.7184495192307693
2 0.5588942307692307 0.5276442307692307 0.1171875 0.17998798076923078
2 0.5516826923076923 0.7247596153846154 0.1171875 0.21784855769230768
2 0.6526442307692307 0.8137019230769231 0.09795673076923077 0.07061298076923077