1 0.052884615384615384 0.08052884615384616 0.0390625 0.025841346153846152
1 0.10216346153846154 0.07932692307692307 0.04056490384615385 0.024939903846153848
1 0.15384615384615385 0.08052884615384616 0.03786057692307692 0.021935096153846152
1 0.19831730769230768 0.08052884615384616 0.04026442307692308 0.032151442307692304
1 0.02283653846153846 0.43990384615384615 0.02674278846153846 0.07632211538461539
1 0.22355769230769232 0.3894230769230769 0.024338942307692308 0.08623798076923077
1 0.2692307692307692 0.44471153846153844 0.052884615384615384 0.0390625
1 0.4735576923076923 0.5264423076923077 0.02794471153846154 0.14332932692307693
1 0.32091346153846156 0.44471153846153844 0.019230769230769232 0.0234375
1 0.34975961538461536 0.44471153846153844 0.03125 0.02794471153846154
1 0.02283653846153846 0.6117788461538461 0.012920673076923076 0.03155048076923077
1 0.02283653846153846 0.7379807692307693 0.012319711538461538 0.1006610576923077
1 0.5060096153846154 0.7247596153846154 0.030348557692307692 0.10426682692307693
1 0.7271634615384616 0.7848557692307693 0.012319711538461538 0.02403846153846154
1 0.7427884615384616 0.7836538461538461 0.009014423076923076 0.019230769230769232
1 0.7956730769230769 0.7836538461538461 0.02403846153846154 0.02013221153846154
1 0.8245192307692307 0.7836538461538461 0.023737980769230768 0.02403846153846154
1 0.5060096153846154 0.546875 0.016526442307692308 0.08413461538461539
1 0.5060096153846154 0.3641826923076923 0.03155048076923077 0.10817307692307693
1 0.5300480769230769 0.07932692307692307 0.040865384615384616 0.029747596153846152
1 0.5757211538461539 0.0829326923076923 0.038461538461538464 0.022536057692307692
1 0.671875 0.07932692307692307 0.07992788461538461 0.03275240384615385
1 0.7127403846153846 0.3389423076923077 0.020733173076923076 0.08233173076923077
1 0.75 0.4519230769230769 0.048978365384615384 0.029747596153846152
1 0.8112980769230769 0.45072115384615385 0.04326923076923077 0.019230769230769232
2 0.78125 0.36658653846153844 0.1310096153846154 0.15204326923076922
0 0.5997596153846154 0.6370192307692307 0.03064903846153846 0.05228365384615385
0 0.6358173076923077 0.6310096153846154 0.030949519230769232 0.05618990384615385
0 0.6995192307692307 0.5757211538461539 0.03395432692307692 0.055288461538461536
0 0.6117788461538461 0.057692307692307696 0.026442307692307692 0.06219951923076923
0 0.8185096153846154 0.6358173076923077 0.04026442307692308 0.05498798076923077
0 0.7932692307692307 0.7019230769230769 0.028846153846153848 0.04927884615384615
0 0.6646634615384616 0.8100961538461539 0.03545673076923077 0.06310096153846154
0 0.328125 0.6418269230769231 0.027043269230769232 0.052884615384615384
0 0.2644230769230769 0.6370192307692307 0.03275240384615385 0.05709134615384615
0 0.1875 0.421875 0.03876201923076923 0.06099759615384615
0 0.23798076923076922 0.3137019230769231 0.033353365384615384 0.04326923076923077
0 0.10096153846153846 0.375 0.024338942307692308 0.05739182692307692
2 0.12259615384615384 0.24278846153846154 0.23587740384615385 0.3233173076923077
2 0.3389423076923077 0.7283653846153846 0.07632211538461539 0.10006009615384616
2 0.33533653846153844 0.5324519230769231 0.0790264423076923 0.16165865384615385
2 0.2608173076923077 0.5324519230769231 0.0928485576923077 0.16165865384615385
2 0.055288461538461536 0.5240384615384616 0.0859375 0.24909855769230768
2 0.20072115384615385 0.6274038461538461 0.37830528846153844 0.47475961538461536
2 0.24158653846153846 0.6983173076923077 0.038461538461538464 0.046274038461538464
2 0.42427884615384615 0.5625 0.15114182692307693 0.3503605769230769
2 0.9122596153846154 0.6045673076923077 0.15234375 0.48828125
2 0.7980769230769231 0.7475961538461539 0.03275240384615385 0.04447115384615385
2 0.7824519230769231 0.6153846153846154 0.1796875 0.32572115384615385
2 0.6081730769230769 0.43028846153846156 0.25961538461538464 0.6962139423076923
2 0.5576923076923077 0.5420673076923077 0.11929086538461539 0.17548076923076922
2 0.5516826923076923 0.7331730769230769 0.12289663461538461 0.21514423076923078
2 0.6478365384615384 0.8185096153846154 0.09134615384615384 0.06520432692307693