1 0.05889423076923077 0.09495192307692307 0.040865384615384616 0.027043269230769232
1 0.10817307692307693 0.09375 0.042367788461538464 0.029146634615384616
1 0.15985576923076922 0.09495192307692307 0.036057692307692304 0.021935096153846152
1 0.20432692307692307 0.09615384615384616 0.038461538461538464 0.033353365384615384
1 0.028846153846153848 0.4543269230769231 0.023737980769230768 0.07632211538461539
1 0.22956730769230768 0.40384615384615385 0.021334134615384616 0.0868389423076923
1 0.2764423076923077 0.46033653846153844 0.052884615384615384 0.03365384615384615
1 0.4795673076923077 0.5420673076923077 0.039963942307692304 0.14092548076923078
1 0.3269230769230769 0.45913461538461536 0.019831730769230768 0.02403846153846154
1 0.3557692307692308 0.45913461538461536 0.030048076923076924 0.02794471153846154
1 0.030048076923076924 0.6274038461538461 0.016526442307692308 0.033353365384615384
1 0.028846153846153848 0.7524038461538461 0.01532451923076923 0.1006610576923077
1 0.5120192307692307 0.7391826923076923 0.023737980769230768 0.10727163461538461
1 0.7331730769230769 0.8004807692307693 0.010516826923076924 0.02403846153846154
1 0.7487980769230769 0.7992788461538461 0.0078125 0.019230769230769232
1 0.8016826923076923 0.7980769230769231 0.021634615384615384 0.01893028846153846
1 0.8305288461538461 0.7992788461538461 0.022536057692307692 0.025841346153846152
1 0.5120192307692307 0.5625 0.013521634615384616 0.0859375
1 0.5120192307692307 0.3786057692307692 0.023137019230769232 0.11057692307692307
1 0.5372596153846154 0.09495192307692307 0.04026442307692308 0.02674278846153846
1 0.5817307692307693 0.09735576923076923 0.0390625 0.02674278846153846
1 0.6778846153846154 0.09375 0.078125 0.029146634615384616
1 0.71875 0.35336538461538464 0.01953125 0.08233173076923077
1 0.7560096153846154 0.4675480769230769 0.05078125 0.030949519230769232
1 0.8185096153846154 0.46634615384615385 0.045072115384615384 0.02403846153846154
2 0.7884615384615384 0.38221153846153844 0.13521634615384615 0.1544471153846154
0 0.6057692307692307 0.6514423076923077 0.034254807692307696 0.05348557692307692
0 0.6418269230769231 0.6466346153846154 0.024939903846153848 0.05739182692307692
0 0.7055288461538461 0.5901442307692307 0.035757211538461536 0.055288461538461536
0 0.6177884615384616 0.07211538461538461 0.03365384615384615 0.06280048076923077
0 0.8245192307692307 0.6514423076923077 0.038461538461538464 0.053786057692307696
0 0.7992788461538461 0.7175480769230769 0.02403846153846154 0.05048076923076923
0 0.6706730769230769 0.8245192307692307 0.0390625 0.06310096153846154
0 0.33413461538461536 0.65625 0.025240384615384616 0.052884615384615384
0 0.2704326923076923 0.6514423076923077 0.03155048076923077 0.05709134615384615
0 0.19471153846153846 0.4362980769230769 0.03756009615384615 0.06099759615384615
0 0.2439903846153846 0.3293269230769231 0.03515625 0.043870192307692304
0 0.10697115384615384 0.390625 0.032151442307692304 0.059194711538461536
2 0.12980769230769232 0.25721153846153844 0.23167067307692307 0.32211538461538464
2 0.3449519230769231 0.7439903846153846 0.08353365384615384 0.10426682692307693
2 0.3425480769230769 0.546875 0.0928485576923077 0.16526442307692307
2 0.2668269230769231 0.5480769230769231 0.08082932692307693 0.15504807692307693
2 0.0625 0.5384615384615384 0.10997596153846154 0.24489182692307693
2 0.20673076923076922 0.6418269230769231 0.3662860576923077 0.4657451923076923
2 0.24759615384615385 0.7127403846153846 0.03786057692307692 0.04567307692307692
2 0.43149038461538464 0.5769230769230769 0.14753605769230768 0.3503605769230769
2 0.9182692307692307 0.6189903846153846 0.15294471153846154 0.48828125
2 0.8040865384615384 0.7620192307692307 0.030949519230769232 0.043870192307692304
2 0.7896634615384616 0.6298076923076923 0.1971153846153846 0.3269230769230769
2 0.6141826923076923 0.44471153846153844 0.21935096153846154 0.6884014423076923
2 0.5637019230769231 0.5564903846153846 0.11328125 0.17487980769230768
2 0.5576923076923077 0.7487980769230769 0.08743990384615384 0.20432692307692307
2 0.6550480769230769 0.8341346153846154 0.09314903846153846 0.06640625