2 0.7560096153846154 0.7427884615384616 0.42037259615384615 0.3368389423076923
2 0.7427884615384616 0.44471153846153844 0.41346153846153844 0.30288461538461536
2 0.7932692307692307 0.1622596153846154 0.3272235576923077 0.31971153846153844
2 0.5504807692307693 0.15625 0.18629807692307693 0.2977764423076923
2 0.36778846153846156 0.10576923076923077 0.19591346153846154 0.19110576923076922
2 0.18870192307692307 0.6213942307692307 0.37650240384615385 0.35757211538461536
2 0.21995192307692307 0.8533653846153846 0.3058894230769231 0.16706730769230768
2 0.4110576923076923 0.5552884615384616 0.3746995192307692 0.7490985576923077
1 0.2860576923076923 0.19591346153846154 0.04837740384615385 0.049879807692307696
1 0.31490384615384615 0.27403846153846156 0.048677884615384616 0.04326923076923077
1 0.30528846153846156 0.3449519230769231 0.04447115384615385 0.04657451923076923
1 0.9507211538461539 0.16947115384615385 0.06099759615384615 0.13701923076923078
1 0.953125 0.43028846153846156 0.055288461538461536 0.14362980769230768
1 0.9627403846153846 0.6610576923076923 0.07451923076923077 0.07692307692307693
1 0.9783653846153846 0.7427884615384616 0.04326923076923077 0.09615384615384616
1 0.9651442307692307 0.8125 0.06971153846153846 0.07211538461538461
1 0.04567307692307692 0.6670673076923077 0.05829326923076923 0.09795673076923077
1 0.05048076923076923 0.8305288461538461 0.04326923076923077 0.051382211538461536
0 0.08774038461538461 0.5252403846153846 0.16526442307692307 0.16015625
0 0.11298076923076923 0.7367788461538461 0.07752403846153846 0.059194711538461536
0 0.0889423076923077 0.8966346153846154 0.048677884615384616 0.05228365384615385
0 0.25240384615384615 0.5108173076923077 0.053786057692307696 0.051382211538461536
0 0.33413461538461536 0.46875 0.0811298076923077 0.1063701923076923
0 0.8064903846153846 0.2860576923076923 0.10096153846153846 0.08263221153846154
0 0.7019230769230769 0.5625 0.10516826923076923 0.06610576923076923
0 0.5661057692307693 0.7427884615384616 0.09344951923076923 0.10216346153846154
0 0.39903846153846156 0.8221153846153846 0.09615384615384616 0.0811298076923077
0 0.4206730769230769 0.9230769230769231 0.08173076923076923 0.15384615384615385
0 0.4326923076923077 0.22716346153846154 0.048978365384615384 0.051382211538461536
0 0.41466346153846156 0.27163461538461536 0.07211538461538461 0.06219951923076923