2 0.7572115384615384 0.7487980769230769 0.4362980769230769 0.3629807692307692
2 0.7427884615384616 0.453125 0.4074519230769231 0.29146634615384615
2 0.7944711538461539 0.17427884615384615 0.33804086538461536 0.32962740384615385
2 0.5528846153846154 0.16826923076923078 0.17878605769230768 0.29356971153846156
2 0.37259615384615385 0.11778846153846154 0.21514423076923078 0.21153846153846154
2 0.19591346153846154 0.6286057692307693 0.33413461538461536 0.30919471153846156
2 0.22596153846153846 0.8581730769230769 0.31189903846153844 0.18780048076923078
2 0.41466346153846156 0.5625 0.28575721153846156 0.7250600961538461
1 0.29086538461538464 0.20793269230769232 0.04837740384615385 0.049879807692307696
1 0.32091346153846156 0.2848557692307692 0.046274038461538464 0.038461538461538464
1 0.3112980769230769 0.3545673076923077 0.04807692307692308 0.04957932692307692
1 0.9495192307692307 0.1814903846153846 0.03786057692307692 0.13671875
1 0.9519230769230769 0.4387019230769231 0.07632211538461539 0.1427283653846154
1 0.9627403846153846 0.6682692307692307 0.07451923076923077 0.07692307692307693
1 0.9771634615384616 0.7487980769230769 0.04567307692307692 0.0985576923076923
1 0.9651442307692307 0.8197115384615384 0.06520432692307693 0.06700721153846154
1 0.054086538461538464 0.6730769230769231 0.040865384615384616 0.09164663461538461
1 0.05889423076923077 0.8353365384615384 0.04056490384615385 0.05048076923076923
0 0.09615384615384616 0.5336538461538461 0.14453125 0.1388221153846154
0 0.1201923076923077 0.7427884615384616 0.08082932692307693 0.06280048076923077
0 0.09735576923076923 0.9014423076923077 0.05048076923076923 0.05198317307692308
0 0.25841346153846156 0.5180288461538461 0.0546875 0.05078125
0 0.3389423076923077 0.47716346153846156 0.07782451923076923 0.10576923076923077
0 0.8064903846153846 0.296875 0.09885817307692307 0.08323317307692307
0 0.703125 0.5697115384615384 0.10426682692307693 0.07091346153846154
0 0.5697115384615384 0.7487980769230769 0.08713942307692307 0.1024639423076923
0 0.40384615384615385 0.8269230769230769 0.09044471153846154 0.07181490384615384
0 0.42427884615384615 0.9254807692307693 0.07932692307692307 0.14903846153846154
0 0.4362980769230769 0.23798076923076922 0.0546875 0.057692307692307696
0 0.4182692307692308 0.2824519230769231 0.06760817307692307 0.05618990384615385