2 0.7427884615384616 0.7475961538461539 0.41947115384615385 0.3323317307692308
2 0.7283653846153846 0.44350961538461536 0.4365985576923077 0.3386418269230769
2 0.7800480769230769 0.15504807692307693 0.31971153846153844 0.31009615384615385
2 0.5324519230769231 0.1502403846153846 0.18990384615384615 0.3004807692307692
2 0.3449519230769231 0.10216346153846154 0.21875 0.20432692307692307
2 0.1778846153846154 0.6213942307692307 0.3557692307692308 0.36778846153846156
2 0.19591346153846154 0.8605769230769231 0.3206129807692308 0.20703125
2 0.390625 0.5552884615384616 0.36328125 0.7632211538461539
1 0.26322115384615385 0.18990384615384615 0.049879807692307696 0.048978365384615384
1 0.2932692307692308 0.2692307692307692 0.05198317307692308 0.04326923076923077
1 0.2824519230769231 0.34134615384615385 0.050180288461538464 0.04927884615384615
1 0.9423076923076923 0.1622596153846154 0.048978365384615384 0.14122596153846154
1 0.9447115384615384 0.42788461538461536 0.06760817307692307 0.14873798076923078
1 0.9591346153846154 0.6658653846153846 0.08173076923076923 0.07692307692307693
1 0.9723557692307693 0.7475961538461539 0.055288461538461536 0.10096153846153846
1 0.9579326923076923 0.8209134615384616 0.07361778846153846 0.07391826923076923
1 0.020432692307692308 0.6694711538461539 0.040865384615384616 0.0985576923076923
1 0.02283653846153846 0.8377403846153846 0.04326923076923077 0.055288461538461536
0 0.07211538461538461 0.5252403846153846 0.14423076923076922 0.16105769230769232
0 0.08653846153846154 0.7415865384615384 0.08203125 0.06430288461538461
0 0.0625 0.9050480769230769 0.048978365384615384 0.051382211538461536
0 0.2283653846153846 0.5108173076923077 0.052884615384615384 0.046274038461538464
0 0.3125 0.4675480769230769 0.07301682692307693 0.10576923076923077
0 0.7944711538461539 0.28125 0.10336538461538461 0.0829326923076923
0 0.6875 0.5637019230769231 0.11057692307692307 0.07361778846153846
0 0.5492788461538461 0.7487980769230769 0.08473557692307693 0.09885817307692307
0 0.3786057692307692 0.828125 0.09344951923076923 0.07481971153846154
0 0.40024038461538464 0.9254807692307693 0.0889423076923077 0.14903846153846154
0 0.41225961538461536 0.22115384615384615 0.055288461538461536 0.057692307692307696
0 0.3942307692307692 0.2668269230769231 0.07241586538461539 0.061899038461538464