1 0.9338942307692307 0.3737980769230769 0.04176682692307692 0.15564903846153846
1 0.9314903846153846 0.6237980769230769 0.05078125 0.14212740384615385
1 0.22596153846153846 0.6310096153846154 0.039663461538461536 0.16526442307692307
2 0.16466346153846154 0.3137019230769231 0.10817307692307693 0.32481971153846156
1 0.22716346153846154 0.29927884615384615 0.04026442307692308 0.17487980769230768
2 0.39903846153846156 0.4675480769230769 0.33743990384615385 0.6466346153846154
2 0.5709134615384616 0.5769230769230769 0.31460336538461536 0.4660456730769231
2 0.796875 0.6430288461538461 0.2803485576923077 0.3125
2 0.7956730769230769 0.32211538461538464 0.28455528846153844 0.36147836538461536
2 0.6153846153846154 0.2548076923076923 0.11568509615384616 0.21724759615384615
2 0.5060096153846154 0.6814903846153846 0.14092548076923078 0.21784855769230768
0 0.5096153846153846 0.5528846153846154 0.04927884615384615 0.06850961538461539
0 0.21995192307692307 0.42788461538461536 0.09405048076923077 0.07692307692307693
0 0.6237980769230769 0.39302884615384615 0.059194711538461536 0.07962740384615384
0 0.5456730769230769 0.42788461538461536 0.06790865384615384 0.09645432692307693
0 0.6850961538461539 0.4230769230769231 0.048677884615384616 0.06610576923076923
0 0.6838942307692307 0.5721153846153846 0.06460336538461539 0.07271634615384616
0 0.6165865384615384 0.8076923076923077 0.045973557692307696 0.11057692307692307
0 0.42788461538461536 0.5396634615384616 0.05889423076923077 0.06430288461538461