1 0.9302884615384616 0.3798076923076923 0.052584134615384616 0.14963942307692307
1 0.9290865384615384 0.6274038461538461 0.027043269230769232 0.14393028846153846
1 0.22956730769230768 0.6346153846153846 0.03545673076923077 0.16316105769230768
2 0.16947115384615385 0.32091346153846156 0.11388221153846154 0.3245192307692308
1 0.23197115384615385 0.30649038461538464 0.026442307692307692 0.17307692307692307
2 0.4014423076923077 0.4723557692307692 0.4375 0.6712740384615384
2 0.5709134615384616 0.5805288461538461 0.26772836538461536 0.44381009615384615
2 0.7956730769230769 0.6466346153846154 0.27794471153846156 0.31189903846153844
2 0.7932692307692307 0.3293269230769231 0.3115985576923077 0.37560096153846156
2 0.6165865384615384 0.2620192307692308 0.10757211538461539 0.21574519230769232
2 0.5072115384615384 0.6838942307692307 0.13401442307692307 0.21364182692307693
0 0.5108173076923077 0.5576923076923077 0.04807692307692308 0.06760817307692307
0 0.2247596153846154 0.4338942307692308 0.09435096153846154 0.0790264423076923
0 0.6237980769230769 0.39783653846153844 0.055588942307692304 0.07692307692307693
0 0.546875 0.4338942307692308 0.0673076923076923 0.09435096153846154
0 0.6850961538461539 0.42788461538461536 0.043870192307692304 0.06219951923076923
0 0.6838942307692307 0.5757211538461539 0.06099759615384615 0.07001201923076923
0 0.6165865384615384 0.8088942307692307 0.06580528846153846 0.11268028846153846
0 0.43028846153846156 0.5444711538461539 0.05859375 0.06490384615384616