1 0.9362980769230769 0.359375 0.03064903846153846 0.16346153846153846
1 0.9338942307692307 0.6213942307692307 0.041165865384615384 0.15174278846153846
1 0.1935096153846154 0.6298076923076923 0.026141826923076924 0.17337740384615385
2 0.12980769230769232 0.296875 0.1736778846153846 0.3524639423076923
1 0.19591346153846154 0.28125 0.059194711538461536 0.17818509615384615
2 0.3762019230769231 0.4579326923076923 0.3957331730769231 0.6956129807692307
2 0.5552884615384616 0.5733173076923077 0.2971754807692308 0.4774639423076923
2 0.7932692307692307 0.6430288461538461 0.28966346153846156 0.3251201923076923
2 0.7920673076923077 0.30528846153846156 0.2707331730769231 0.36117788461538464
2 0.6033653846153846 0.234375 0.10967548076923077 0.22415865384615385
2 0.4879807692307692 0.6826923076923077 0.11959134615384616 0.21634615384615385
0 0.49158653846153844 0.5480769230769231 0.05048076923076923 0.07241586538461539
0 0.18870192307692307 0.41586538461538464 0.1024639423076923 0.08563701923076923
0 0.6117788461538461 0.3786057692307692 0.059194711538461536 0.08173076923076923
0 0.5300480769230769 0.41586538461538464 0.055288461538461536 0.09194711538461539
0 0.6754807692307693 0.4110576923076923 0.054086538461538464 0.06790865384615384
0 0.6754807692307693 0.5673076923076923 0.06310096153846154 0.07241586538461539
0 0.6045673076923077 0.8149038461538461 0.055588942307692304 0.11929086538461539
0 0.40625 0.5336538461538461 0.054086538461538464 0.06280048076923077