2 0.3233173076923077 0.13221153846153846 0.4777644230769231 0.18780048076923078
1 0.29086538461538464 0.22956730769230768 0.2686298076923077 0.08443509615384616
1 0.7139423076923077 0.23076923076923078 0.19771634615384615 0.039663461538461536
1 0.25961538461538464 0.8918269230769231 0.19290865384615385 0.048978365384615384
2 0.32091346153846156 0.5612980769230769 0.5498798076923077 0.6859975961538461
2 0.7403846153846154 0.7776442307692307 0.33774038461538464 0.21875
2 0.7716346153846154 0.609375 0.24939903846153846 0.1466346153846154
2 0.734375 0.3894230769230769 0.3386418269230769 0.2881610576923077
0 0.4951923076923077 0.23076923076923078 0.15955528846153846 0.17848557692307693
0 0.6225961538461539 0.4411057692307692 0.14002403846153846 0.07001201923076923
0 0.7103365384615384 0.7067307692307693 0.09615384615384616 0.08173076923076923
0 0.5132211538461539 0.7211538461538461 0.13792067307692307 0.09224759615384616
0 0.4879807692307692 0.8173076923076923 0.14783653846153846 0.10576923076923077
0 0.47836538461538464 0.9326923076923077 0.16346153846153846 0.1346153846153846
1 0.6887019230769231 0.8870192307692307 0.051382211538461536 0.03786057692307692