2 0.31971153846153844 0.12379807692307693 0.48497596153846156 0.20673076923076922
1 0.28725961538461536 0.22115384615384615 0.2761418269230769 0.029146634615384616
1 0.7127403846153846 0.22355769230769232 0.19981971153846154 0.056790865384615384
1 0.2548076923076923 0.8870192307692307 0.19681490384615385 0.028545673076923076
2 0.3173076923076923 0.5540865384615384 0.5150240384615384 0.6658653846153846
2 0.7391826923076923 0.7728365384615384 0.34375 0.22746394230769232
2 0.7704326923076923 0.6021634615384616 0.2569110576923077 0.17067307692307693
2 0.7331730769230769 0.38221153846153844 0.37890625 0.3359375
0 0.49278846153846156 0.22355769230769232 0.15955528846153846 0.17878605769230768
0 0.6201923076923077 0.4338942307692308 0.14933894230769232 0.08864182692307693
0 0.7091346153846154 0.7019230769230769 0.09044471153846154 0.07181490384615384
0 0.5108173076923077 0.7163461538461539 0.14212740384615385 0.10126201923076923
0 0.4855769230769231 0.8112980769230769 0.1484375 0.11298076923076923
0 0.47596153846153844 0.9302884615384616 0.15384615384615385 0.12530048076923078
1 0.6875 0.8822115384615384 0.052584134615384616 0.038461538461538464