2 0.32091346153846156 0.12620192307692307 0.47896634615384615 0.19861778846153846
1 0.28846153846153844 0.22235576923076922 0.27403846153846156 0.03155048076923077
1 0.7115384615384616 0.2247596153846154 0.19771634615384615 0.0703125
1 0.25600961538461536 0.8846153846153846 0.19050480769230768 0.06760817307692307
2 0.31850961538461536 0.5540865384615384 0.59375 0.7094350961538461
2 0.7379807692307693 0.7704326923076923 0.32632211538461536 0.1875
2 0.7692307692307693 0.6021634615384616 0.24519230769230768 0.13701923076923078
2 0.7319711538461539 0.38221153846153844 0.3831129807692308 0.3464543269230769
0 0.49278846153846156 0.2247596153846154 0.15775240384615385 0.17608173076923078
0 0.6201923076923077 0.4338942307692308 0.14423076923076922 0.07361778846153846
0 0.7079326923076923 0.7007211538461539 0.09615384615384616 0.07992788461538461
0 0.5108173076923077 0.7151442307692307 0.13792067307692307 0.09405048076923077
0 0.4855769230769231 0.8100961538461539 0.14543269230769232 0.10997596153846154
0 0.47596153846153844 0.9278846153846154 0.14903846153846154 0.1201923076923077
1 0.6862980769230769 0.8798076923076923 0.05078125 0.033052884615384616