1 0.22115384615384615 0.12139423076923077 0.17307692307692307 0.04176682692307692
1 0.9615384615384616 0.7091346153846154 0.06219951923076923 0.25450721153846156
1 0.09495192307692307 0.671875 0.022235576923076924 0.060396634615384616
2 0.16706730769230768 0.7199519230769231 0.12319711538461539 0.2665264423076923
2 0.3112980769230769 0.7836538461538461 0.17067307692307693 0.1541466346153846
2 0.9038461538461539 0.33653846153846156 0.17818509615384615 0.41225961538461536
2 0.5264423076923077 0.49759615384615385 0.8951322115384616 0.7779447115384616
0 0.8413461538461539 0.49399038461538464 0.15925480769230768 0.13161057692307693
0 0.25600961538461536 0.6550480769230769 0.06430288461538461 0.07421875
0 0.3245192307692308 0.6790865384615384 0.06760817307692307 0.0928485576923077
0 0.44350961538461536 0.8605769230769231 0.09344951923076923 0.24519230769230768