1 0.20192307692307693 0.11177884615384616 0.1736778846153846 0.044771634615384616
1 0.9507211538461539 0.7055288461538461 0.06460336538461539 0.2569110576923077
1 0.0733173076923077 0.6682692307692307 0.028846153846153848 0.06310096153846154
2 0.1466346153846154 0.7175480769230769 0.17217548076923078 0.28185096153846156
2 0.2932692307692308 0.78125 0.1622596153846154 0.14002403846153846
2 0.8918269230769231 0.3293269230769231 0.14993990384615385 0.40955528846153844
2 0.5108173076923077 0.49278846153846156 0.8590745192307693 0.7298677884615384
0 0.8293269230769231 0.4879807692307692 0.16256009615384615 0.1307091346153846
0 0.23677884615384615 0.6514423076923077 0.07361778846153846 0.08082932692307693
0 0.30649038461538464 0.6754807692307693 0.060697115384615384 0.09044471153846154
0 0.4266826923076923 0.859375 0.0985576923076923 0.25