1 0.22235576923076922 0.12620192307692307 0.17127403846153846 0.05979567307692308
1 0.9627403846153846 0.7139423076923077 0.04657451923076923 0.2551081730769231
1 0.09615384615384616 0.6778846153846154 0.028245192307692308 0.06280048076923077
2 0.16826923076923078 0.7259615384615384 0.12980769230769232 0.2683293269230769
2 0.3137019230769231 0.7896634615384616 0.16045673076923078 0.14212740384615385
2 0.9050480769230769 0.34134615384615385 0.15174278846153846 0.40865384615384615
2 0.5288461538461539 0.5024038461538461 0.8566706730769231 0.73046875
0 0.8425480769230769 0.4987980769230769 0.15384615384615385 0.11778846153846154
0 0.25841346153846156 0.6598557692307693 0.060697115384615384 0.07061298076923077
0 0.3269230769230769 0.6838942307692307 0.0634014423076923 0.08984375
0 0.44471153846153844 0.8653846153846154 0.08263221153846154 0.24158653846153846