1 0.3545673076923077 0.03245192307692308 0.13221153846153846 0.06490384615384616
1 0.49759615384615385 0.030048076923076924 0.07692307692307693 0.06009615384615385
1 0.7091346153846154 0.03125 0.125 0.0625
1 0.1466346153846154 0.7908653846153846 0.20552884615384615 0.07662259615384616
2 0.17668269230769232 0.8882211538461539 0.35336538461538464 0.22355769230769232
2 0.515625 0.20552884615384615 0.19381009615384615 0.3290264423076923
2 0.48197115384615385 0.41346153846153844 0.9639423076923077 0.8269230769230769
2 0.5420673076923077 0.4735576923076923 0.20432692307692307 0.17818509615384615
2 0.7596153846153846 0.3016826923076923 0.38912259615384615 0.5546875
0 0.5564903846153846 0.6081730769230769 0.06430288461538461 0.09164663461538461
0 0.2932692307692308 0.8353365384615384 0.07211538461538461 0.14693509615384615
0 0.6983173076923077 0.6141826923076923 0.08984375 0.12800480769230768
0 0.8389423076923077 0.7932692307692307 0.07602163461538461 0.2403846153846154