1 0.3425480769230769 0.03245192307692308 0.13221153846153846 0.06490384615384616
1 0.48677884615384615 0.03125 0.07451923076923077 0.0625
1 0.6995192307692307 0.030048076923076924 0.1201923076923077 0.06009615384615385
1 0.13341346153846154 0.8004807692307693 0.2088341346153846 0.06700721153846154
2 0.17067307692307693 0.8918269230769231 0.34134615384615385 0.21634615384615385
2 0.5036057692307693 0.2127403846153846 0.15144230769230768 0.31881009615384615
2 0.46875 0.41466346153846156 0.9375 0.7908653846153846
2 0.53125 0.48197115384615385 0.21574519230769232 0.19080528846153846
2 0.75 0.3088942307692308 0.3740985576923077 0.5480769230769231
0 0.5456730769230769 0.6165865384615384 0.05739182692307692 0.0889423076923077
0 0.28125 0.8461538461538461 0.09555288461538461 0.15294471153846154
0 0.6887019230769231 0.6237980769230769 0.08443509615384616 0.12830528846153846
0 0.8305288461538461 0.8040865384615384 0.07932692307692307 0.24308894230769232