1 0.35096153846153844 0.026442307692307692 0.1346153846153846 0.052884615384615384
1 0.49759615384615385 0.026442307692307692 0.07692307692307693 0.052884615384615384
1 0.7115384615384616 0.026442307692307692 0.125 0.052884615384615384
1 0.13822115384615385 0.7980769230769231 0.21394230769230768 0.03365384615384615
2 0.17548076923076922 0.890625 0.35096153846153844 0.21875
2 0.515625 0.20072115384615385 0.1778846153846154 0.32992788461538464
2 0.4891826923076923 0.41947115384615385 0.9783653846153846 0.8389423076923077
2 0.5432692307692307 0.47475961538461536 0.21123798076923078 0.18118990384615385
2 0.765625 0.29927884615384615 0.39693509615384615 0.5652043269230769
0 0.5576923076923077 0.6117788461538461 0.057992788461538464 0.08984375
0 0.28846153846153844 0.84375 0.08263221153846154 0.15354567307692307
0 0.703125 0.6177884615384616 0.07992788461538461 0.12560096153846154
0 0.8461538461538461 0.8004807692307693 0.10006009615384616 0.25