2 0.8004807692307693 0.2548076923076923 0.39903846153846156 0.47596153846153844
2 0.5649038461538461 0.15985576923076922 0.125 0.24519230769230768
2 0.5108173076923077 0.42908653846153844 0.9783653846153846 0.8581730769230769
2 0.027644230769230768 0.18269230769230768 0.055288461538461536 0.3605769230769231
0 0.07692307692307693 0.12740384615384615 0.13341346153846154 0.13371394230769232
0 0.5889423076923077 0.3449519230769231 0.07151442307692307 0.15534855769230768
0 0.6550480769230769 0.3713942307692308 0.07361778846153846 0.12650240384615385
0 0.5408653846153846 0.5973557692307693 0.054086538461538464 0.08653846153846154
0 0.6370192307692307 0.8653846153846154 0.08082932692307693 0.17247596153846154
1 0.9807692307692307 0.21394230769230768 0.038461538461538464 0.22596153846153846
1 0.9831730769230769 0.6189903846153846 0.03365384615384615 0.1658653846153846
1 0.06610576923076923 0.3425480769230769 0.08413461538461539 0.27554086538461536