2 0.8485576923076923 0.7992788461538461 0.21604567307692307 0.27403846153846156
2 0.8473557692307693 0.20192307692307693 0.23798076923076922 0.3272235576923077
2 0.7295673076923077 0.39783653846153844 0.5114182692307693 0.7307692307692307
2 0.6887019230769231 0.5300480769230769 0.13671875 0.12259615384615384
2 0.671875 0.6298076923076923 0.11328125 0.07211538461538461
2 0.3173076923076923 0.36177884615384615 0.3993389423076923 0.21484375
2 0.4567307692307692 0.1466346153846154 0.09645432692307693 0.21544471153846154
1 0.9495192307692307 0.8076923076923077 0.0234375 0.13401442307692307
1 0.9483173076923077 0.5817307692307693 0.025841346153846152 0.07241586538461539
1 0.9471153846153846 0.4579326923076923 0.033052884615384616 0.09134615384615384
1 0.8137019230769231 0.042067307692307696 0.1201923076923077 0.03155048076923077
1 0.5564903846153846 0.04567307692307692 0.05078125 0.02283653846153846
1 0.11298076923076923 0.36658653846153844 0.028545673076923076 0.10306490384615384
1 0.5060096153846154 0.12379807692307693 0.03545673076923077 0.15114182692307693
0 0.5348557692307693 0.4326923076923077 0.06490384615384616 0.06310096153846154
0 0.5084134615384616 0.22235576923076922 0.10817307692307693 0.07391826923076923
0 0.7860576923076923 0.6418269230769231 0.05228365384615385 0.057692307692307696
0 0.7752403846153846 0.5288461538461539 0.05078125 0.05228365384615385
0 0.7836538461538461 0.33653846153846156 0.05739182692307692 0.06760817307692307
0 0.546875 0.7524038461538461 0.06009615384615385 0.12950721153846154
0 0.6706730769230769 0.6875 0.03786057692307692 0.05198317307692308
0 0.7331730769230769 0.7127403846153846 0.06760817307692307 0.06520432692307693
0 0.44711538461538464 0.42427884615384615 0.043569711538461536 0.05078125