2 0.8485576923076923 0.7944711538461539 0.22205528846153846 0.2761418269230769
2 0.8461538461538461 0.20673076923076922 0.19771634615384615 0.30799278846153844
2 0.7295673076923077 0.39903846153846156 0.5408653846153846 0.7307692307692307
2 0.6911057692307693 0.5288461538461539 0.13191105769230768 0.11989182692307693
2 0.6742788461538461 0.6274038461538461 0.1123798076923077 0.07241586538461539
2 0.32572115384615385 0.3629807692307692 0.39903846153846156 0.23467548076923078
2 0.46153846153846156 0.15144230769230768 0.09555288461538461 0.2109375
1 0.9471153846153846 0.8028846153846154 0.0234375 0.13010817307692307
1 0.9471153846153846 0.5805288461538461 0.0234375 0.07211538461538461
1 0.9447115384615384 0.4579326923076923 0.019230769230769232 0.0889423076923077
1 0.8137019230769231 0.04927884615384615 0.11778846153846154 0.030949519230769232
1 0.5612980769230769 0.052884615384615384 0.05108173076923077 0.02403846153846154
1 0.12379807692307693 0.36778846153846156 0.016526442307692308 0.1015625
1 0.5108173076923077 0.12860576923076922 0.028846153846153848 0.14903846153846154
0 0.5396634615384616 0.4338942307692308 0.06400240384615384 0.06099759615384615
0 0.5132211538461539 0.22596153846153846 0.10576923076923077 0.07181490384615384
0 0.7872596153846154 0.640625 0.05048076923076923 0.05588942307692308
0 0.7764423076923077 0.5288461538461539 0.048677884615384616 0.04927884615384615
0 0.7848557692307693 0.3389423076923077 0.051382211538461536 0.06310096153846154
0 0.5504807692307693 0.7487980769230769 0.057992788461538464 0.12650240384615385
0 0.6730769230769231 0.6838942307692307 0.03756009615384615 0.05048076923076923
0 0.734375 0.7091346153846154 0.0655048076923077 0.0634014423076923
0 0.4519230769230769 0.4254807692307692 0.04266826923076923 0.048677884615384616