2 0.8557692307692307 0.7896634615384616 0.21153846153846154 0.27133413461538464
2 0.8533653846153846 0.19591346153846154 0.20552884615384615 0.31490384615384615
2 0.7367788461538461 0.390625 0.5030048076923077 0.7259615384615384
2 0.6959134615384616 0.5216346153846154 0.1328125 0.1201923076923077
2 0.6790865384615384 0.6213942307692307 0.10877403846153846 0.06460336538461539
2 0.3269230769230769 0.3545673076923077 0.39453125 0.21153846153846154
2 0.4651442307692308 0.140625 0.09795673076923077 0.21394230769230768
1 0.9555288461538461 0.7980769230769231 0.04567307692307692 0.13341346153846154
1 0.9543269230769231 0.5745192307692307 0.028846153846153848 0.07181490384615384
1 0.953125 0.45072115384615385 0.016826923076923076 0.08924278846153846
1 0.8209134615384616 0.037259615384615384 0.1180889423076923 0.039963942307692304
1 0.5649038461538461 0.040865384615384616 0.05228365384615385 0.0234375
1 0.12379807692307693 0.359375 0.016526442307692308 0.10366586538461539
1 0.5144230769230769 0.11778846153846154 0.0390625 0.14873798076923078
0 0.5432692307692307 0.4254807692307692 0.061899038461538464 0.05739182692307692
0 0.5168269230769231 0.21634615384615385 0.10606971153846154 0.07241586538461539
0 0.7932692307692307 0.6346153846153846 0.048677884615384616 0.056490384615384616
0 0.7824519230769231 0.5216346153846154 0.050180288461538464 0.04807692307692308
0 0.7908653846153846 0.33052884615384615 0.05318509615384615 0.06460336538461539
0 0.5552884615384616 0.7439903846153846 0.0673076923076923 0.12740384615384615
0 0.6778846153846154 0.6790865384615384 0.037259615384615384 0.051382211538461536
0 0.7403846153846154 0.7043269230769231 0.05889423076923077 0.05859375
0 0.45552884615384615 0.4170673076923077 0.044771634615384616 0.05078125