1 0.6394230769230769 0.07692307692307693 0.13040865384615385 0.0390625
1 0.8629807692307693 0.0733173076923077 0.13942307692307693 0.02674278846153846
1 0.6634615384615384 0.8401442307692307 0.16376201923076922 0.03515625
1 0.9146634615384616 0.8413461538461539 0.1180889423076923 0.033353365384615384
1 0.14783653846153846 0.8377403846153846 0.13191105769230768 0.025841346153846152
2 0.12259615384615384 0.4362980769230769 0.12590144230769232 0.14603365384615385
2 0.2800480769230769 0.4338942307692308 0.21634615384615385 0.17518028846153846
2 0.4338942307692308 0.4387019230769231 0.1171875 0.14693509615384615
2 0.38100961538461536 0.5985576923076923 0.24519230769230768 0.19621394230769232
2 0.30528846153846156 0.7632211538461539 0.09254807692307693 0.1427283653846154
2 0.4182692307692308 0.7584134615384616 0.14813701923076922 0.15715144230769232
2 0.27403846153846156 0.9194711538461539 0.44140625 0.15174278846153846
2 0.15745192307692307 0.6670673076923077 0.21424278846153846 0.31881009615384615
2 0.7728365384615384 0.9038461538461539 0.4344951923076923 0.12530048076923078
2 0.9194711538461539 0.7572115384615384 0.16105769230769232 0.15865384615384615
2 0.7632211538461539 0.6442307692307693 0.4735576923076923 0.4326923076923077
2 0.9194711538461539 0.5072115384615384 0.14423076923076922 0.09194711538461539
2 0.8810096153846154 0.2764423076923077 0.2283653846153846 0.38852163461538464
2 0.6598557692307693 0.2764423076923077 0.22265625 0.38822115384615385
2 0.6298076923076923 0.41346153846153844 0.15504807692307693 0.10606971153846154
0 0.7367788461538461 0.0829326923076923 0.07001201923076923 0.15084134615384615
0 0.7379807692307693 0.43149038461538464 0.0625 0.0751201923076923
0 0.671875 0.39663461538461536 0.0694110576923077 0.05739182692307692
0 0.8088942307692307 0.4338942307692308 0.06911057692307693 0.07962740384615384
0 0.9194711538461539 0.5793269230769231 0.05979567307692308 0.08263221153846154
0 0.41586538461538464 0.5420673076923077 0.0634014423076923 0.07932692307692307
0 0.3004807692307692 0.5408653846153846 0.06370192307692307 0.07752403846153846
0 0.203125 0.47475961538461536 0.06099759615384615 0.06009615384615385
0 0.22956730769230768 0.6225961538461539 0.07992788461538461 0.08203125
0 0.29927884615384615 0.7223557692307693 0.0751201923076923 0.08173076923076923
0 0.30288461538461536 0.875 0.09044471153846154 0.10096153846153846
0 0.7800480769230769 0.8377403846153846 0.09915865384615384 0.1658653846153846