1 0.6237980769230769 0.06370192307692307 0.13161057692307693 0.05048076923076923
1 0.8473557692307693 0.06009615384615385 0.13762019230769232 0.048978365384615384
1 0.6478365384615384 0.8269230769230769 0.16135817307692307 0.057992788461538464
1 0.8990384615384616 0.8293269230769231 0.12049278846153846 0.038161057692307696
1 0.13221153846153846 0.8245192307692307 0.12950721153846154 0.038461538461538464
2 0.10697115384615384 0.4230769230769231 0.11268028846153846 0.13581730769230768
2 0.2644230769230769 0.4206730769230769 0.21634615384615385 0.17337740384615385
2 0.4182692307692308 0.4254807692307692 0.13040865384615385 0.1583533653846154
2 0.3641826923076923 0.5853365384615384 0.23737980769230768 0.18479567307692307
2 0.28966346153846156 0.75 0.08413461538461539 0.14032451923076922
2 0.4026442307692308 0.7451923076923077 0.15174278846153846 0.15955528846153846
2 0.25841346153846156 0.90625 0.43599759615384615 0.14513221153846154
2 0.14182692307692307 0.6538461538461539 0.25450721153846156 0.3410456730769231
2 0.7572115384615384 0.890625 0.43209134615384615 0.11688701923076923
2 0.9050480769230769 0.7451923076923077 0.15534855769230768 0.15294471153846154
2 0.7572115384615384 0.6322115384615384 0.46544471153846156 0.39453125
2 0.9038461538461539 0.49399038461538464 0.14002403846153846 0.08834134615384616
2 0.8629807692307693 0.2620192307692308 0.27403846153846156 0.39903846153846156
2 0.6442307692307693 0.26322115384615385 0.21123798076923078 0.38221153846153844
2 0.6141826923076923 0.40024038461538464 0.15384615384615385 0.1024639423076923
0 0.7211538461538461 0.07211538461538461 0.05859375 0.14423076923076922
0 0.7223557692307693 0.4182692307692308 0.07211538461538461 0.08533653846153846
0 0.65625 0.38461538461538464 0.0712139423076923 0.057992788461538464
0 0.7920673076923077 0.4206730769230769 0.07211538461538461 0.08143028846153846
0 0.9038461538461539 0.5661057692307693 0.06760817307692307 0.0850360576923077
0 0.40024038461538464 0.5288461538461539 0.06099759615384615 0.07752403846153846
0 0.2848557692307692 0.5288461538461539 0.06971153846153846 0.08233173076923077
0 0.1875 0.46153846153846156 0.05859375 0.05829326923076923
0 0.21394230769230768 0.609375 0.0811298076923077 0.07962740384615384
0 0.28365384615384615 0.7091346153846154 0.07151442307692307 0.07692307692307693
0 0.28725961538461536 0.8617788461538461 0.08864182692307693 0.10096153846153846
0 0.7644230769230769 0.8257211538461539 0.09555288461538461 0.16526442307692307