1 0.6129807692307693 0.0985576923076923 0.12560096153846154 0.043569711538461536
1 0.828125 0.09615384615384616 0.1346153846153846 0.0234375
1 0.6370192307692307 0.8305288461538461 0.1583533653846154 0.03125
1 0.8774038461538461 0.8317307692307693 0.11568509615384616 0.047475961538461536
1 0.14182692307692307 0.828125 0.12530048076923078 0.022235576923076924
2 0.11778846153846154 0.44350961538461536 0.12860576923076922 0.1424278846153846
2 0.26802884615384615 0.4411057692307692 0.19981971153846154 0.15144230769230768
2 0.41586538461538464 0.44591346153846156 0.11899038461538461 0.14603365384615385
2 0.36538461538461536 0.5985576923076923 0.23918269230769232 0.19260817307692307
2 0.2920673076923077 0.7572115384615384 0.0850360576923077 0.13521634615384615
2 0.4014423076923077 0.7524038461538461 0.14423076923076922 0.15294471153846154
2 0.26322115384615385 0.90625 0.42788461538461536 0.18629807692307693
2 0.15144230769230768 0.6646634615384616 0.21634615384615385 0.3125
2 0.7415865384615384 0.8918269230769231 0.41646634615384615 0.1201923076923077
2 0.8834134615384616 0.7524038461538461 0.15715144230769232 0.1544471153846154
2 0.7403846153846154 0.6442307692307693 0.4411057692307692 0.37109375
2 0.8822115384615384 0.5120192307692307 0.13040865384615385 0.07241586538461539
2 0.8449519230769231 0.29086538461538464 0.21484375 0.3701923076923077
2 0.6334134615384616 0.28966346153846156 0.2566105769230769 0.3909254807692308
2 0.6033653846153846 0.421875 0.14873798076923078 0.09765625
0 0.7067307692307693 0.1045673076923077 0.07301682692307693 0.1463341346153846
0 0.7079326923076923 0.4387019230769231 0.0625 0.0751201923076923
0 0.6442307692307693 0.40625 0.0712139423076923 0.06219951923076923
0 0.7752403846153846 0.4411057692307692 0.0625 0.07391826923076923
0 0.8822115384615384 0.5805288461538461 0.06700721153846154 0.08413461538461539
0 0.39903846153846156 0.5444711538461539 0.06760817307692307 0.07932692307692307
0 0.28725961538461536 0.5444711538461539 0.0673076923076923 0.0790264423076923
0 0.19471153846153846 0.4807692307692308 0.06219951923076923 0.061899038461538464
0 0.21995192307692307 0.6213942307692307 0.06580528846153846 0.06911057692307693
0 0.28725961538461536 0.7175480769230769 0.07451923076923077 0.0790264423076923
0 0.29086538461538464 0.8641826923076923 0.08563701923076923 0.09825721153846154
0 0.7487980769230769 0.828125 0.0790264423076923 0.15564903846153846