2 0.13221153846153846 0.24519230769230768 0.20793269230769232 0.32572115384615385
2 0.4266826923076923 0.22355769230769232 0.44861778846153844 0.4032451923076923
2 0.41586538461538464 0.5661057692307693 0.38882211538461536 0.3206129807692308
2 0.6670673076923077 0.5889423076923077 0.29627403846153844 0.5483774038461539
2 0.8365384615384616 0.7896634615384616 0.14993990384615385 0.16105769230769232
2 0.8377403846153846 0.5576923076923077 0.15174278846153846 0.3167067307692308
2 0.7596153846153846 0.2247596153846154 0.2734375 0.3590745192307692
0 0.5865384615384616 0.33413461538461536 0.1006610576923077 0.13371394230769232
0 0.6790865384615384 0.3329326923076923 0.11358173076923077 0.13611778846153846
0 0.5961538461538461 0.5120192307692307 0.10036057692307693 0.09555288461538461
0 0.7379807692307693 0.5180288461538461 0.09645432692307693 0.10426682692307693
0 0.7043269230769231 0.8701923076923077 0.09044471153846154 0.20582932692307693
0 0.7512019230769231 0.7560096153846154 0.08954326923076923 0.09915865384615384
0 0.1814903846153846 0.33052884615384615 0.10877403846153846 0.12169471153846154
1 0.22115384615384615 0.20192307692307693 0.033052884615384616 0.17307692307692307
1 0.22115384615384615 0.5697115384615384 0.04417067307692308 0.20162259615384615
1 0.7524038461538461 0.040865384615384616 0.1385216346153846 0.052884615384615384