2 0.14302884615384615 0.26322115384615385 0.20042067307692307 0.31400240384615385
2 0.42908653846153844 0.24278846153846154 0.41015625 0.3551682692307692
2 0.4182692307692308 0.5757211538461539 0.38461538461538464 0.3239182692307692
2 0.6646634615384616 0.5985576923076923 0.29627403846153844 0.5339543269230769
2 0.8293269230769231 0.7932692307692307 0.14423076923076922 0.15354567307692307
2 0.8293269230769231 0.5673076923076923 0.14393028846153846 0.30679086538461536
2 0.7536057692307693 0.2439903846153846 0.25961538461538464 0.3446514423076923
0 0.5853365384615384 0.34975961538461536 0.10096153846153846 0.13131009615384615
0 0.6754807692307693 0.3485576923076923 0.11117788461538461 0.1310096153846154
0 0.59375 0.5228365384615384 0.09254807692307693 0.08653846153846154
0 0.7331730769230769 0.5288461538461539 0.08203125 0.08774038461538461
0 0.7007211538461539 0.8713942307692307 0.07061298076923077 0.19471153846153846
0 0.7463942307692307 0.7608173076923077 0.08834134615384616 0.09795673076923077
0 0.18990384615384615 0.34615384615384615 0.11057692307692307 0.11989182692307693
1 0.22956730769230768 0.22115384615384615 0.04807692307692308 0.16766826923076922
1 0.2283653846153846 0.5793269230769231 0.05829326923076923 0.19170673076923078
1 0.7463942307692307 0.06370192307692307 0.13731971153846154 0.026442307692307692