2 0.14302884615384615 0.25721153846153844 0.18900240384615385 0.3233173076923077
2 0.44350961538461536 0.23557692307692307 0.41346153846153844 0.3563701923076923
2 0.43149038461538464 0.5865384615384616 0.43118990384615385 0.37950721153846156
2 0.6899038461538461 0.609375 0.29867788461538464 0.5594951923076923
2 0.8629807692307693 0.8137019230769231 0.14362980769230768 0.15594951923076922
2 0.8629807692307693 0.5769230769230769 0.14933894230769232 0.3215144230769231
2 0.7836538461538461 0.23677884615384615 0.33533653846153844 0.40174278846153844
0 0.6069711538461539 0.3485576923076923 0.11207932692307693 0.14002403846153846
0 0.7007211538461539 0.3473557692307692 0.09615384615384616 0.12289663461538461
0 0.6153846153846154 0.5300480769230769 0.10516826923076923 0.09885817307692307
0 0.7608173076923077 0.5360576923076923 0.09795673076923077 0.10516826923076923
0 0.7259615384615384 0.8954326923076923 0.09615384615384616 0.2091346153846154
0 0.7752403846153846 0.7800480769230769 0.0850360576923077 0.09795673076923077
0 0.19230769230769232 0.3449519230769231 0.10036057692307693 0.11388221153846154
1 0.23317307692307693 0.21394230769230768 0.05859375 0.17337740384615385
1 0.23317307692307693 0.5889423076923077 0.052584134615384616 0.20252403846153846
1 0.7752403846153846 0.04807692307692308 0.14423076923076922 0.033353365384615384