2 0.5084134615384616 0.13581730769230768 0.49278846153846156 0.27163461538461536
2 0.41466346153846156 0.3954326923076923 0.29477163461538464 0.27554086538461536
2 0.6478365384615384 0.390625 0.19951923076923078 0.25150240384615385
2 0.43509615384615385 0.6862980769230769 0.3425480769230769 0.35787259615384615
2 0.31490384615384615 0.7283653846153846 0.061899038461538464 0.0859375
2 0.38461538461538464 0.7295673076923077 0.08082932692307693 0.08804086538461539
2 0.34975961538461536 0.8100961538461539 0.1346153846153846 0.061598557692307696
2 0.6754807692307693 0.8425480769230769 0.16947115384615385 0.16075721153846154
2 0.6694711538461539 0.71875 0.1700721153846154 0.10606971153846154
2 0.6490384615384616 0.5985576923076923 0.2127403846153846 0.18810096153846154
0 0.4891826923076923 0.24158653846153846 0.0625 0.06580528846153846
0 0.578125 0.6322115384615384 0.07542067307692307 0.061598557692307696
0 0.6634615384615384 0.6586538461538461 0.04417067307692308 0.04717548076923077
0 0.3713942307692308 0.6622596153846154 0.060396634615384616 0.0546875
0 0.3112980769230769 0.7091346153846154 0.05618990384615385 0.05348557692307692
0 0.3125 0.8004807692307693 0.05859375 0.06310096153846154
0 0.5697115384615384 0.8858173076923077 0.057992788461538464 0.050180288461538464
1 0.36899038461538464 0.2692307692307692 0.11358173076923077 0.019831730769230768
1 0.6225961538461539 0.26322115384615385 0.10186298076923077 0.03125
1 0.3473557692307692 0.8473557692307693 0.13731971153846154 0.025841346153846152
1 0.5 0.8461538461538461 0.1102764423076923 0.028245192307692308