2 0.5120192307692307 0.1310096153846154 0.5144230769230769 0.2620192307692308
2 0.41346153846153844 0.3942307692307692 0.30288461538461536 0.28335336538461536
2 0.6574519230769231 0.3894230769230769 0.21784855769230768 0.26802884615384615
2 0.43509615384615385 0.7007211538461539 0.359375 0.37259615384615385
2 0.3088942307692308 0.7451923076923077 0.057692307692307696 0.08653846153846154
2 0.38221153846153844 0.7451923076923077 0.0868389423076923 0.09134615384615384
2 0.34615384615384615 0.8293269230769231 0.13972355769230768 0.05859375
2 0.6862980769230769 0.8641826923076923 0.1700721153846154 0.15715144230769232
2 0.6802884615384616 0.734375 0.17728365384615385 0.1123798076923077
2 0.6586538461538461 0.6081730769230769 0.2109375 0.17728365384615385
0 0.49038461538461536 0.23317307692307693 0.06280048076923077 0.06700721153846154
0 0.5841346153846154 0.6430288461538461 0.07752403846153846 0.06099759615384615
0 0.6730769230769231 0.671875 0.04717548076923077 0.04957932692307692
0 0.36778846153846156 0.6742788461538461 0.061598557692307696 0.052884615384615384
0 0.30528846153846156 0.7235576923076923 0.061598557692307696 0.05709134615384615
0 0.30528846153846156 0.8197115384615384 0.05829326923076923 0.06670673076923077
0 0.5757211538461539 0.9086538461538461 0.06881009615384616 0.061598557692307696
1 0.36538461538461536 0.26322115384615385 0.11568509615384616 0.03545673076923077
1 0.6310096153846154 0.25721153846153844 0.11057692307692307 0.02283653846153846
1 0.3425480769230769 0.8689903846153846 0.1463341346153846 0.030949519230769232
1 0.5024038461538461 0.8677884615384616 0.11508413461538461 0.03756009615384615