2 0.5012019230769231 0.13341346153846154 0.49278846153846156 0.2668269230769231
2 0.40625 0.39783653846153844 0.2692307692307692 0.24759615384615385
2 0.6430288461538461 0.39302884615384615 0.22776442307692307 0.27103365384615385
2 0.4266826923076923 0.6935096153846154 0.3347355769230769 0.3488581730769231
2 0.30408653846153844 0.7367788461538461 0.059495192307692304 0.0850360576923077
2 0.3762019230769231 0.7367788461538461 0.08353365384615384 0.0889423076923077
2 0.3401442307692308 0.8185096153846154 0.13701923076923078 0.0625
2 0.6706730769230769 0.8521634615384616 0.16286057692307693 0.15114182692307693
2 0.6646634615384616 0.7271634615384616 0.1700721153846154 0.09435096153846154
2 0.6430288461538461 0.6033653846153846 0.20853365384615385 0.17848557692307693
0 0.4807692307692308 0.24158653846153846 0.06820913461538461 0.07061298076923077
0 0.5721153846153846 0.6382211538461539 0.07692307692307693 0.06009615384615385
0 0.6586538461538461 0.6658653846153846 0.04807692307692308 0.04837740384615385
0 0.36177884615384615 0.6682692307692307 0.05588942307692308 0.04807692307692308
0 0.3016826923076923 0.7163461538461539 0.05979567307692308 0.05739182692307692
0 0.3016826923076923 0.8088942307692307 0.052884615384615384 0.05979567307692308
0 0.5637019230769231 0.8954326923076923 0.0625 0.05438701923076923
1 0.359375 0.2704326923076923 0.11538461538461539 0.028846153846153848
1 0.6165865384615384 0.26322115384615385 0.10426682692307693 0.03125
1 0.33774038461538464 0.8569711538461539 0.13731971153846154 0.04537259615384615
1 0.49278846153846156 0.8557692307692307 0.11057692307692307 0.028245192307692308