2 0.26802884615384615 0.21514423076923078 0.47836538461538464 0.43028846153846156
0 0.20552884615384615 0.34615384615384615 0.31580528846153844 0.171875
0 0.27163461538461536 0.640625 0.4846754807692308 0.4831730769230769
0 0.1201923076923077 0.8161057692307693 0.1349158653846154 0.0985576923076923
0 0.11298076923076923 0.9242788461538461 0.15775240384615385 0.13191105769230768
1 0.16466346153846154 0.421875 0.10787259615384616 0.032151442307692304
1 0.38341346153846156 0.41947115384615385 0.10576923076923077 0.039963942307692304
1 0.6766826923076923 0.4182692307692308 0.09405048076923077 0.028545673076923076
1 0.9074519230769231 0.4230769230769231 0.08653846153846154 0.014723557692307692
1 0.8173076923076923 0.8653846153846154 0.06850961538461539 0.029146634615384616
1 0.6670673076923077 0.8641826923076923 0.05078125 0.009615384615384616
0 0.23677884615384615 0.7992788461538461 0.06099759615384615 0.06520432692307693
0 0.23798076923076922 0.8858173076923077 0.05739182692307692 0.06009615384615385
0 0.21033653846153846 0.9423076923076923 0.06460336538461539 0.03876201923076923
0 0.75 0.6983173076923077 0.06310096153846154 0.059495192307692304
0 0.8257211538461539 0.6971153846153846 0.06460336538461539 0.057692307692307696
0 0.3004807692307692 0.4014423076923077 0.06700721153846154 0.057692307692307696
0 0.16105769230769232 0.796875 0.0673076923076923 0.055588942307692304
2 0.6694711538461539 0.5709134615384616 0.2566105769230769 0.3200120192307692
2 0.8882211538461539 0.5673076923076923 0.2088341346153846 0.29747596153846156
2 0.7788461538461539 0.7884615384615384 0.43689903846153844 0.1580528846153846