2 0.2548076923076923 0.22115384615384615 0.4609375 0.43689903846153844
0 0.19230769230769232 0.3581730769230769 0.3019831730769231 0.14963942307692307
0 0.25600961538461536 0.6418269230769231 0.43599759615384615 0.4378004807692308
0 0.11057692307692307 0.8100961538461539 0.1240985576923077 0.0772235576923077
0 0.10336538461538461 0.9146634615384616 0.15354567307692307 0.12830528846153846
1 0.15384615384615385 0.43028846153846156 0.10576923076923077 0.024939903846153848
1 0.3641826923076923 0.42788461538461536 0.10366586538461539 0.034254807692307696
1 0.6466346153846154 0.4266826923076923 0.09134615384615384 0.026442307692307692
1 0.8689903846153846 0.43149038461538464 0.08413461538461539 0.014423076923076924
1 0.7824519230769231 0.8581730769230769 0.0673076923076923 0.019230769230769232
1 0.6370192307692307 0.8569711538461539 0.05228365384615385 0.007512019230769231
0 0.22235576923076922 0.7944711538461539 0.06460336538461539 0.06520432692307693
0 0.22355769230769232 0.8774038461538461 0.05228365384615385 0.052884615384615384
0 0.1971153846153846 0.9326923076923077 0.06640625 0.04296875
0 0.7163461538461539 0.6971153846153846 0.056790865384615384 0.05198317307692308
0 0.7896634615384616 0.6959134615384616 0.0694110576923077 0.06490384615384616
0 0.28365384615384615 0.4110576923076923 0.06760817307692307 0.061598557692307696
0 0.14903846153846154 0.7932692307692307 0.0625 0.052884615384615384
2 0.6394230769230769 0.5745192307692307 0.2442908653846154 0.30709134615384615
2 0.8497596153846154 0.5709134615384616 0.25 0.31400240384615385
2 0.7439903846153846 0.7836538461538461 0.41977163461538464 0.14543269230769232