2 0.2644230769230769 0.21634615384615385 0.44290865384615385 0.41856971153846156
0 0.20072115384615385 0.35336538461538464 0.31069711538461536 0.17818509615384615
0 0.265625 0.640625 0.46304086538461536 0.46304086538461536
0 0.11899038461538461 0.8112980769230769 0.12319711538461539 0.0751201923076923
0 0.11177884615384616 0.9170673076923077 0.13942307692307693 0.10877403846153846
1 0.1622596153846154 0.42788461538461536 0.10426682692307693 0.034555288461538464
1 0.375 0.4254807692307692 0.10576923076923077 0.019230769230769232
1 0.6598557692307693 0.42427884615384615 0.09344951923076923 0.02403846153846154
1 0.8846153846153846 0.42788461538461536 0.08533653846153846 0.030048076923076924
1 0.796875 0.859375 0.0673076923076923 0.022235576923076924
1 0.6502403846153846 0.8581730769230769 0.05048076923076923 0.01532451923076923
0 0.23197115384615385 0.7944711538461539 0.06430288461538461 0.0655048076923077
0 0.23317307692307693 0.8786057692307693 0.06129807692307692 0.06099759615384615
0 0.20552884615384615 0.9350961538461539 0.06460336538461539 0.043870192307692304
0 0.7307692307692307 0.6971153846153846 0.061598557692307696 0.05739182692307692
0 0.8052884615384616 0.6959134615384616 0.06700721153846154 0.060396634615384616
0 0.29447115384615385 0.4074519230769231 0.0694110576923077 0.06460336538461539
0 0.15745192307692307 0.7932692307692307 0.05979567307692308 0.047475961538461536
2 0.6526442307692307 0.5733173076923077 0.24188701923076922 0.3058894230769231
2 0.8653846153846154 0.5685096153846154 0.2265625 0.3046875
2 0.7584134615384616 0.7836538461538461 0.4182692307692308 0.13431490384615385