2 0.1971153846153846 0.20432692307692307 0.1201923076923077 0.21123798076923078
2 0.4519230769230769 0.20793269230769232 0.3987379807692308 0.22265625
2 0.7884615384615384 0.3004807692307692 0.2941706730769231 0.3996394230769231
2 0.7896634615384616 0.7091346153846154 0.3269230769230769 0.4323918269230769
2 0.39903846153846156 0.6141826923076923 0.5003004807692307 0.59765625
2 0.078125 0.3269230769230769 0.15625 0.4423076923076923
1 0.12980769230769232 0.27283653846153844 0.029146634615384616 0.060697115384615384
1 0.13942307692307693 0.46875 0.028545673076923076 0.08233173076923077
1 0.13942307692307693 0.7019230769230769 0.028846153846153848 0.2013221153846154
1 0.9362980769230769 0.7355769230769231 0.0655048076923077 0.2010216346153846
1 0.9338942307692307 0.2932692307692308 0.036959134615384616 0.16826923076923078
0 0.27884615384615385 0.2644230769230769 0.07181490384615384 0.07211538461538461
0 0.29447115384615385 0.3389423076923077 0.06430288461538461 0.08653846153846154
0 0.13701923076923078 0.3858173076923077 0.16856971153846154 0.11358173076923077
0 0.5961538461538461 0.34975961538461536 0.07752403846153846 0.11298076923076923
0 0.6790865384615384 0.44471153846153844 0.08834134615384616 0.10096153846153846
0 0.6838942307692307 0.6262019230769231 0.08022836538461539 0.08924278846153846
0 0.5925480769230769 0.9086538461538461 0.10817307692307693 0.18269230769230768