2 0.23557692307692307 0.20072115384615385 0.11087740384615384 0.19861778846153846
2 0.47716346153846156 0.20552884615384615 0.37830528846153844 0.21003605769230768
2 0.7956730769230769 0.2920673076923077 0.28275240384615385 0.3828125
2 0.796875 0.6790865384615384 0.30618990384615385 0.4071514423076923
2 0.4266826923076923 0.5889423076923077 0.5673076923076923 0.6343149038461539
2 0.10697115384615384 0.31850961538461536 0.21003605769230768 0.41646634615384615
1 0.171875 0.2668269230769231 0.019230769230769232 0.05739182692307692
1 0.18028846153846154 0.4519230769230769 0.033052884615384616 0.078125
1 0.18028846153846154 0.6730769230769231 0.03876201923076923 0.18780048076923078
1 0.9362980769230769 0.7055288461538461 0.045072115384615384 0.18990384615384615
1 0.9338942307692307 0.2860576923076923 0.04026442307692308 0.15955528846153846
0 0.3125 0.25721153846153844 0.06310096153846154 0.0634014423076923
0 0.3269230769230769 0.3293269230769231 0.0625 0.0829326923076923
0 0.1778846153846154 0.37259615384615385 0.16346153846153846 0.11568509615384616
0 0.6141826923076923 0.3389423076923077 0.07211538461538461 0.1063701923076923
0 0.6923076923076923 0.42908653846153844 0.08263221153846154 0.09435096153846154
0 0.6971153846153846 0.6009615384615384 0.08173076923076923 0.09044471153846154
0 0.6117788461538461 0.8834134615384616 0.07692307692307693 0.19411057692307693