2 0.23557692307692307 0.20072115384615385 0.11568509615384616 0.19981971153846154
2 0.47716346153846156 0.20552884615384615 0.38671875 0.24248798076923078
2 0.7956730769230769 0.2920673076923077 0.31700721153846156 0.39903846153846156
2 0.796875 0.6790865384615384 0.2527043269230769 0.3777043269230769
2 0.4266826923076923 0.5889423076923077 0.5649038461538461 0.6337139423076923
2 0.10697115384615384 0.31850961538461536 0.12770432692307693 0.4110576923076923
1 0.171875 0.2668269230769231 0.03064903846153846 0.057992788461538464
1 0.18028846153846154 0.4519230769230769 0.03485576923076923 0.078125
1 0.18028846153846154 0.6730769230769231 0.05198317307692308 0.18719951923076922
1 0.9362980769230769 0.7055288461538461 0.0673076923076923 0.1856971153846154
1 0.9338942307692307 0.2860576923076923 0.057692307692307696 0.1583533653846154
0 0.3125 0.25721153846153844 0.05889423076923077 0.061598557692307696
0 0.3269230769230769 0.3293269230769231 0.057692307692307696 0.0811298076923077
0 0.1778846153846154 0.37259615384615385 0.1580528846153846 0.1006610576923077
0 0.6141826923076923 0.3389423076923077 0.059495192307692304 0.1015625
0 0.6923076923076923 0.42908653846153844 0.07602163461538461 0.0889423076923077
0 0.6971153846153846 0.6009615384615384 0.07632211538461539 0.08563701923076923
0 0.6117788461538461 0.8834134615384616 0.10757211538461539 0.19891826923076922