2 0.1778846153846154 0.24639423076923078 0.3073918269230769 0.40564903846153844
2 0.8990384615384616 0.24519230769230768 0.17878605769230768 0.3897235576923077
2 0.4951923076923077 0.46634615384615385 0.7776442307692307 0.9188701923076923
2 0.6225961538461539 0.5961538461538461 0.3933293269230769 0.32211538461538464
2 0.17668269230769232 0.24879807692307693 0.3046875 0.3975360576923077
2 0.13942307692307693 0.49759615384615385 0.17217548076923078 0.12560096153846154
2 0.13221153846153846 0.6442307692307693 0.18870192307692307 0.18359375
1 0.8221153846153846 0.19951923076923078 0.04927884615384615 0.2013221153846154
1 0.8269230769230769 0.5829326923076923 0.03876201923076923 0.18900240384615385
1 0.20192307692307693 0.040865384615384616 0.16286057692307693 0.04837740384615385
0 0.27524038461538464 0.40625 0.09375 0.10216346153846154
0 0.25 0.5 0.0712139423076923 0.06790865384615384
0 0.2548076923076923 0.6778846153846154 0.07181490384615384 0.07151442307692307
0 0.29086538461538464 0.8834134615384616 0.09194711538461539 0.1896033653846154
0 0.4651442307692308 0.49399038461538464 0.09314903846153846 0.07692307692307693
0 0.7944711538461539 0.36658653846153844 0.10336538461538461 0.09405048076923077