2 0.1814903846153846 0.24879807692307693 0.2854567307692308 0.3909254807692308
2 0.8954326923076923 0.24519230769230768 0.2091346153846154 0.3894230769230769
2 0.49759615384615385 0.4675480769230769 0.7602163461538461 0.91015625
2 0.625 0.5973557692307693 0.41466346153846156 0.35306490384615385
2 0.17908653846153846 0.2512019230769231 0.29477163461538464 0.3918269230769231
2 0.14302884615384615 0.4987980769230769 0.16105769230769232 0.10727163461538461
2 0.13581730769230768 0.6454326923076923 0.1853966346153846 0.18118990384615385
1 0.8233173076923077 0.20072115384615385 0.0625 0.19501201923076922
1 0.8269230769230769 0.5829326923076923 0.05859375 0.18088942307692307
1 0.20552884615384615 0.04326923076923077 0.16165865384615385 0.038461538461538464
0 0.2776442307692308 0.4074519230769231 0.09915865384615384 0.10787259615384616
0 0.2536057692307692 0.5012019230769231 0.0694110576923077 0.06490384615384616
0 0.25721153846153844 0.6778846153846154 0.07241586538461539 0.07211538461538461
0 0.2932692307692308 0.8834134615384616 0.078125 0.18509615384615385
0 0.4675480769230769 0.4951923076923077 0.09344951923076923 0.07752403846153846
0 0.7944711538461539 0.36778846153846156 0.09795673076923077 0.0868389423076923