2 0.1502403846153846 0.2548076923076923 0.2863581730769231 0.39903846153846156
2 0.9026442307692307 0.2536057692307692 0.1466346153846154 0.3975360576923077
2 0.4807692307692308 0.484375 0.6926081730769231 0.8846153846153846
2 0.6141826923076923 0.6201923076923077 0.41616586538461536 0.34224759615384615
2 0.15985576923076922 0.25600961538461536 0.31971153846153844 0.43028846153846156
2 0.109375 0.5168269230769231 0.17097355769230768 0.11598557692307693
2 0.10216346153846154 0.6706730769230769 0.19381009615384615 0.18810096153846154
1 0.8233173076923077 0.20552884615384615 0.04957932692307692 0.20943509615384615
1 0.8269230769230769 0.6057692307692307 0.04807692307692308 0.1935096153846154
1 0.17427884615384615 0.039663461538461536 0.1700721153846154 0.04146634615384615
0 0.2512019230769231 0.421875 0.10396634615384616 0.11268028846153846
0 0.22596153846153846 0.5192307692307693 0.08203125 0.078125
0 0.22956730769230768 0.7055288461538461 0.07001201923076923 0.06971153846153846
0 0.2668269230769231 0.9086538461538461 0.11057692307692307 0.18269230769230768
0 0.4495192307692308 0.5132211538461539 0.09645432692307693 0.07992788461538461
0 0.7932692307692307 0.38100961538461536 0.11057692307692307 0.10096153846153846