2 0.25 0.140625 0.40865384615384615 0.28125
2 0.3473557692307692 0.4543269230769231 0.5594951923076923 0.3713942307692308
2 0.41947115384615385 0.7932692307692307 0.7067307692307693 0.35096153846153844
2 0.8016826923076923 0.6935096153846154 0.35336538461538464 0.20432692307692307
2 0.8786057692307693 0.859375 0.20462740384615385 0.18419471153846154
2 0.8076923076923077 0.4411057692307692 0.38461538461538464 0.35336538461538464
0 0.3870192307692308 0.2668269230769231 0.14032451923076922 0.20703125
1 0.23076923076923078 0.26802884615384615 0.1736778846153846 0.040865384615384616
1 0.5456730769230769 0.2704326923076923 0.14873798076923078 0.040865384615384616
1 0.7175480769230769 0.27163461538461536 0.17457932692307693 0.057692307692307696
0 0.6802884615384616 0.5036057692307693 0.14993990384615385 0.11268028846153846
0 0.5661057692307693 0.7139423076923077 0.13731971153846154 0.08743990384615384
0 0.8341346153846154 0.7512019230769231 0.0811298076923077 0.0655048076923077
0 0.5120192307692307 0.8665865384615384 0.08143028846153846 0.05078125
0 0.5600961538461539 0.9278846153846154 0.1201923076923077 0.14423076923076922