2 0.23677884615384615 0.125 0.39663461538461536 0.25
2 0.33413461538461536 0.4375 0.5910456730769231 0.45102163461538464
2 0.40625 0.7752403846153846 0.7214543269230769 0.4305889423076923
2 0.7860576923076923 0.6754807692307693 0.34224759615384615 0.16436298076923078
2 0.8629807692307693 0.8413461538461539 0.20192307692307693 0.18239182692307693
2 0.7980769230769231 0.4254807692307692 0.36929086538461536 0.32602163461538464
0 0.3737980769230769 0.2512019230769231 0.15625 0.20973557692307693
1 0.21875 0.25240384615384615 0.17277644230769232 0.047475961538461536
1 0.53125 0.2548076923076923 0.14933894230769232 0.06310096153846154
1 0.703125 0.25600961538461536 0.17127403846153846 0.057692307692307696
0 0.6658653846153846 0.4879807692307692 0.14873798076923078 0.10667067307692307
0 0.5528846153846154 0.6971153846153846 0.14513221153846154 0.1102764423076923
0 0.8185096153846154 0.734375 0.07932692307692307 0.06490384615384616
0 0.49759615384615385 0.8485576923076923 0.08263221153846154 0.052584134615384616
0 0.5480769230769231 0.9110576923076923 0.13040865384615385 0.14963942307692307