2 0.24158653846153846 0.14423076923076922 0.3876201923076923 0.25570913461538464
2 0.33533653846153844 0.4543269230769231 0.5625 0.39513221153846156
2 0.4050480769230769 0.7848557692307693 0.7082331730769231 0.4260817307692308
2 0.7776442307692307 0.6875 0.33924278846153844 0.1739783653846154
2 0.8533653846153846 0.8497596153846154 0.1974158653846154 0.17608173076923078
2 0.7884615384615384 0.4423076923076923 0.36478365384615385 0.32632211538461536
0 0.3737980769230769 0.27163461538461536 0.15204326923076922 0.20703125
1 0.22235576923076922 0.27283653846153844 0.17067307692307693 0.04326923076923077
1 0.5276442307692307 0.27524038461538464 0.14603365384615385 0.041165865384615384
1 0.6959134615384616 0.2764423076923077 0.16676682692307693 0.04837740384615385
0 0.6598557692307693 0.5024038461538461 0.13641826923076922 0.08743990384615384
0 0.5492788461538461 0.7079326923076923 0.13762019230769232 0.0946514423076923
0 0.8088942307692307 0.7439903846153846 0.0850360576923077 0.07481971153846154
0 0.4951923076923077 0.8557692307692307 0.078125 0.04927884615384615
0 0.5444711538461539 0.9170673076923077 0.12800480769230768 0.14723557692307693