2 0.07932692307692307 0.2848557692307692 0.15865384615384615 0.43509615384615385
2 0.43028846153846156 0.4098557692307692 0.6634615384615384 0.7614182692307693
2 0.36177884615384615 0.7163461538461539 0.4248798076923077 0.3948317307692308
2 0.7487980769230769 0.6574519230769231 0.11688701923076923 0.19891826923076922
2 0.8894230769230769 0.6370192307692307 0.22115384615384615 0.25
2 0.8401442307692307 0.28365384615384615 0.31971153846153844 0.46634615384615385
2 0.6394230769230769 0.1502403846153846 0.14032451923076922 0.16826923076923078
0 0.6502403846153846 0.2692307692307692 0.06099759615384615 0.09495192307692307
0 0.11298076923076923 0.4026442307692308 0.09555288461538461 0.09945913461538461
0 0.53125 0.6850961538461539 0.09615384615384616 0.12860576923076922
0 0.6538461538461539 0.7644230769230769 0.1045673076923077 0.28365384615384615
0 0.6814903846153846 0.6454326923076923 0.05979567307692308 0.10366586538461539
1 0.14423076923076922 0.21634615384615385 0.04717548076923077 0.28335336538461536
1 0.14182692307692307 0.7415865384615384 0.07091346153846154 0.24368990384615385