2 0.07692307692307693 0.2932692307692308 0.15384615384615385 0.4182692307692308
2 0.4098557692307692 0.41346153846153844 0.5465745192307693 0.66796875
2 0.34375 0.7079326923076923 0.4362980769230769 0.4104567307692308
2 0.7163461538461539 0.6514423076923077 0.08653846153846154 0.18629807692307693
2 0.8665865384615384 0.6334134615384616 0.2322716346153846 0.23828125
2 0.8221153846153846 0.2932692307692308 0.28305288461538464 0.4140625
2 0.6117788461538461 0.16346153846153846 0.1427283653846154 0.16436298076923078
0 0.6225961538461539 0.2776442307692308 0.06310096153846154 0.09344951923076923
0 0.10336538461538461 0.40625 0.08653846153846154 0.09194711538461539
0 0.5072115384615384 0.6778846153846154 0.10126201923076923 0.12620192307692307
0 0.625 0.7548076923076923 0.0868389423076923 0.2731370192307692
0 0.6526442307692307 0.6394230769230769 0.07481971153846154 0.1063701923076923
1 0.9699519230769231 0.5600961538461539 0.021634615384615384 0.052884615384615384
1 0.9711538461538461 0.35697115384615385 0.048677884615384616 0.2899639423076923
1 0.1346153846153846 0.22596153846153846 0.0234375 0.27403846153846156
1 0.13221153846153846 0.7331730769230769 0.0634014423076923 0.23527644230769232