2 0.0673076923076923 0.30408653846153844 0.1346153846153846 0.43028846153846156
2 0.4074519230769231 0.42788461538461536 0.6090745192307693 0.7214543269230769
2 0.3401442307692308 0.7307692307692307 0.45943509615384615 0.4332932692307692
2 0.7223557692307693 0.671875 0.09314903846153846 0.19050480769230768
2 0.8762019230769231 0.6538461538461539 0.24519230769230768 0.2509014423076923
2 0.8305288461538461 0.30408653846153844 0.3389423076923077 0.4543269230769231
2 0.6153846153846154 0.17067307692307693 0.1388221153846154 0.16346153846153846
0 0.625 0.28846153846153844 0.07181490384615384 0.09705528846153846
0 0.09375 0.41947115384615385 0.0859375 0.09134615384615384
0 0.5072115384615384 0.6995192307692307 0.09645432692307693 0.12890625
0 0.6286057692307693 0.7776442307692307 0.1024639423076923 0.2809495192307692
0 0.65625 0.6598557692307693 0.0733173076923077 0.10877403846153846
1 0.9819711538461539 0.578125 0.025841346153846152 0.05588942307692308
1 0.9723557692307693 0.36899038461538464 0.055288461538461536 0.29086538461538464
1 0.125 0.23557692307692307 0.03395432692307692 0.27944711538461536
1 0.12259615384615384 0.7548076923076923 0.023137019230769232 0.24939903846153846