2 0.2668269230769231 0.4254807692307692 0.5237379807692307 0.6478365384615384
2 0.421875 0.8978365384615384 0.13251201923076922 0.16646634615384615
2 0.4206730769230769 0.6478365384615384 0.13371394230769232 0.15625
2 0.4266826923076923 0.53125 0.1201923076923077 0.09014423076923077
2 0.42427884615384615 0.421875 0.12229567307692307 0.13641826923076922
2 0.3112980769230769 0.6826923076923077 0.10877403846153846 0.09194711538461539
2 0.7415865384615384 0.07451923076923077 0.16826923076923078 0.1346153846153846
2 0.6478365384615384 0.24759615384615385 0.21875 0.23076923076923078
2 0.8617788461538461 0.24519230769230768 0.2244591346153846 0.2548076923076923
2 0.8149038461538461 0.43028846153846156 0.29867788461538464 0.16256009615384615
2 0.5985576923076923 0.5024038461538461 0.16346153846153846 0.21123798076923078
2 0.6021634615384616 0.6598557692307693 0.13641826923076922 0.11388221153846154
2 0.8209134615384616 0.6057692307692307 0.3049879807692308 0.2692307692307692
1 0.39783653846153844 0.12740384615384615 0.13251201923076922 0.028545673076923076
1 0.6069711538461539 0.12740384615384615 0.08383413461538461 0.02794471153846154
1 0.8653846153846154 0.1310096153846154 0.08263221153846154 0.030348557692307692
1 0.7980769230769231 0.7223557692307693 0.08713942307692307 0.027043269230769232
1 0.6069711538461539 0.7271634615384616 0.07211538461538461 0.030348557692307692
1 0.5264423076923077 0.5132211538461539 0.024338942307692308 0.041165865384615384
1 0.5252403846153846 0.3449519230769231 0.03155048076923077 0.04807692307692308
1 0.046875 0.38341346153846156 0.03365384615384615 0.12980769230769232
1 0.15144230769230768 0.7247596153846154 0.08263221153846154 0.030949519230769232
0 0.32572115384615385 0.875 0.07481971153846154 0.05859375
0 0.30649038461538464 0.7463942307692307 0.08353365384615384 0.07992788461538461
0 0.3016826923076923 0.6201923076923077 0.05048076923076923 0.05829326923076923
0 0.3389423076923077 0.6081730769230769 0.057692307692307696 0.061598557692307696
0 0.34134615384615385 0.5432692307692307 0.048677884615384616 0.04837740384615385
0 0.3449519230769231 0.40024038461538464 0.055288461538461536 0.05078125
0 0.23798076923076922 0.12980769230769232 0.07211538461538461 0.11989182692307693
0 0.7235576923076923 0.13341346153846154 0.0811298076923077 0.1201923076923077
0 0.7992788461538461 0.34375 0.05498798076923077 0.05228365384615385
0 0.7079326923076923 0.3858173076923077 0.06520432692307693 0.0655048076923077
0 0.6959134615384616 0.4675480769230769 0.059495192307692304 0.04176682692307692
0 0.7608173076923077 0.5168269230769231 0.06881009615384616 0.057692307692307696
0 0.6418269230769231 0.5793269230769231 0.047776442307692304 0.04417067307692308