2 0.27403846153846156 0.43990384615384615 0.45162259615384615 0.6240985576923077
2 0.4362980769230769 0.921875 0.1466346153846154 0.15625
2 0.43509615384615385 0.6742788461538461 0.14483173076923078 0.16646634615384615
2 0.4423076923076923 0.5516826923076923 0.12560096153846154 0.08864182692307693
2 0.4387019230769231 0.4362980769230769 0.1328125 0.1466346153846154
2 0.32091346153846156 0.7115384615384616 0.11328125 0.09224759615384616
2 0.7740384615384616 0.06850961538461539 0.1778846153846154 0.13701923076923078
2 0.6754807692307693 0.25240384615384615 0.25060096153846156 0.26352163461538464
2 0.890625 0.24879807692307693 0.21875 0.2668269230769231
2 0.8473557692307693 0.44350961538461536 0.30528846153846156 0.16105769230769232
2 0.6237980769230769 0.5204326923076923 0.16346153846153846 0.21875
2 0.6274038461538461 0.6875 0.15925480769230768 0.14423076923076922
2 0.8521634615384616 0.6286057692307693 0.2956730769230769 0.25721153846153844
1 0.4110576923076923 0.12620192307692307 0.13972355769230768 0.03365384615384615
1 0.6334134615384616 0.12620192307692307 0.08864182692307693 0.030348557692307692
1 0.9050480769230769 0.12860576923076922 0.08864182692307693 0.038461538461538464
1 0.8341346153846154 0.7536057692307693 0.09194711538461539 0.026442307692307692
1 0.6334134615384616 0.7584134615384616 0.07481971153846154 0.017728365384615384
1 0.546875 0.5336538461538461 0.021634615384615384 0.039663461538461536
1 0.5456730769230769 0.3545673076923077 0.024639423076923076 0.04807692307692308
1 0.040865384615384616 0.39663461538461536 0.024338942307692308 0.1388221153846154
1 0.15144230769230768 0.7560096153846154 0.0868389423076923 0.021634615384615384
0 0.33533653846153844 0.9146634615384616 0.0850360576923077 0.0703125
0 0.31490384615384615 0.7788461538461539 0.08233173076923077 0.07782451923076923
0 0.31009615384615385 0.6454326923076923 0.057692307692307696 0.06520432692307693
0 0.34975961538461536 0.6334134615384616 0.06580528846153846 0.0673076923076923
0 0.35216346153846156 0.5637019230769231 0.05108173076923077 0.05078125
0 0.3557692307692308 0.41346153846153844 0.057992788461538464 0.05318509615384615
0 0.24278846153846154 0.12860576923076922 0.08623798076923077 0.12740384615384615
0 0.7560096153846154 0.1310096153846154 0.07001201923076923 0.12169471153846154
0 0.8365384615384616 0.35336538461538464 0.06310096153846154 0.061598557692307696
0 0.7391826923076923 0.39783653846153844 0.06911057692307693 0.0694110576923077
0 0.7259615384615384 0.4831730769230769 0.05859375 0.038461538461538464
0 0.7944711538461539 0.5360576923076923 0.0703125 0.057692307692307696
0 0.6694711538461539 0.6021634615384616 0.045973557692307696 0.04326923076923077