2 0.2692307692307692 0.4074519230769231 0.5243389423076923 0.6619591346153846
2 0.42908653846153844 0.8978365384615384 0.12770432692307693 0.16556490384615385
2 0.42788461538461536 0.6382211538461539 0.13341346153846154 0.15865384615384615
2 0.4338942307692308 0.5180288461538461 0.13221153846153846 0.10576923076923077
2 0.43149038461538464 0.4050480769230769 0.11358173076923077 0.13161057692307693
2 0.31490384615384615 0.6742788461538461 0.1102764423076923 0.0889423076923077
2 0.7608173076923077 0.054086538461538464 0.17067307692307693 0.10817307692307693
2 0.6646634615384616 0.22235576923076922 0.22385817307692307 0.23737980769230768
2 0.8870192307692307 0.22115384615384615 0.2010216346153846 0.24098557692307693
2 0.8377403846153846 0.41225961538461536 0.31400240384615385 0.18900240384615385
2 0.6129807692307693 0.48677884615384615 0.14002403846153846 0.20402644230769232
2 0.6177884615384616 0.6514423076923077 0.15745192307692307 0.14002403846153846
2 0.84375 0.5949519230769231 0.30408653846153844 0.26231971153846156
1 0.40384615384615385 0.0985576923076923 0.13912259615384615 0.03756009615384615
1 0.6225961538461539 0.0985576923076923 0.08653846153846154 0.02013221153846154
1 0.8894230769230769 0.10096153846153846 0.08653846153846154 0.03365384615384615
1 0.8197115384615384 0.7163461538461539 0.09164663461538461 0.029447115384615384
1 0.6225961538461539 0.7211538461538461 0.07271634615384616 0.01953125
1 0.5384615384615384 0.4987980769230769 0.024639423076923076 0.04146634615384615
1 0.5372596153846154 0.3233173076923077 0.031850961538461536 0.04957932692307692
1 0.040865384615384616 0.3641826923076923 0.03756009615384615 0.1346153846153846
1 0.14783653846153846 0.71875 0.08834134615384616 0.029447115384615384
0 0.3293269230769231 0.8737980769230769 0.08713942307692307 0.07061298076923077
0 0.31009615384615385 0.7403846153846154 0.08263221153846154 0.0811298076923077
0 0.30528846153846156 0.6105769230769231 0.05318509615384615 0.0625
0 0.34375 0.5973557692307693 0.06670673076923077 0.06881009615384616
0 0.34615384615384615 0.5300480769230769 0.048978365384615384 0.05078125
0 0.34975961538461536 0.38221153846153844 0.057692307692307696 0.051682692307692304
0 0.23798076923076922 0.10096153846153846 0.07271634615384616 0.12079326923076923
0 0.7439903846153846 0.10336538461538461 0.06971153846153846 0.11929086538461539
0 0.8221153846153846 0.32211538461538464 0.05859375 0.056490384615384616
0 0.7271634615384616 0.36658653846153844 0.0694110576923077 0.06971153846153846
0 0.7139423076923077 0.45072115384615385 0.061899038461538464 0.04326923076923077
0 0.78125 0.5024038461538461 0.07301682692307693 0.06310096153846154
0 0.6574519230769231 0.5673076923076923 0.04326923076923077 0.0390625