2 0.09375 0.21634615384615385 0.1875 0.32211538461538464
2 0.10216346153846154 0.6310096153846154 0.20432692307692307 0.4254807692307692
2 0.5048076923076923 0.4723557692307692 0.7109375 0.8428485576923077
2 0.8978365384615384 0.71875 0.20042067307692307 0.26322115384615385
2 0.890625 0.34615384615384615 0.21875 0.5192307692307693
2 0.5637019230769231 0.7259615384615384 0.1700721153846154 0.25540865384615385
2 0.40024038461538464 0.7163461538461539 0.21454326923076922 0.2548076923076923
2 0.2608173076923077 0.7175480769230769 0.10276442307692307 0.22596153846153846
1 0.3233173076923077 0.07091346153846154 0.11538461538461539 0.04657451923076923
1 0.4735576923076923 0.07211538461538461 0.11989182692307693 0.0634014423076923
1 0.6514423076923077 0.07091346153846154 0.10126201923076923 0.06881009615384616
1 0.7475961538461539 0.07211538461538461 0.028846153846153848 0.05348557692307692
1 0.8629807692307693 0.06850961538461539 0.10486778846153846 0.0625
0 0.9038461538461539 0.5372596153846154 0.06610576923076923 0.15534855769230768
0 0.5228365384615384 0.6682692307692307 0.09945913461538461 0.1349158653846154
0 0.5456730769230769 0.8485576923076923 0.08203125 0.29236778846153844
0 0.3329326923076923 0.671875 0.08173076923076923 0.1268028846153846
0 0.15985576923076922 0.2956730769230769 0.08443509615384616 0.1307091346153846
0 0.17908653846153846 0.484375 0.06580528846153846 0.14182692307692307
1 0.08173076923076923 0.3942307692307692 0.10546875 0.06610576923076923
1 0.19951923076923078 0.17668269230769232 0.025240384615384616 0.07001201923076923