2 0.11298076923076923 0.22235576923076922 0.22596153846153846 0.3293269230769231
2 0.125 0.6274038461538461 0.2166466346153846 0.41856971153846156
2 0.5180288461538461 0.4723557692307692 0.5940504807692307 0.7569110576923077
2 0.8966346153846154 0.7103365384615384 0.20673076923076922 0.2620192307692308
2 0.8930288461538461 0.3485576923076923 0.21394230769230768 0.5048076923076923
2 0.5757211538461539 0.71875 0.13671875 0.2403846153846154
2 0.41586538461538464 0.7103365384615384 0.19771634615384615 0.24248798076923078
2 0.2800480769230769 0.7103365384615384 0.11268028846153846 0.22265625
1 0.34134615384615385 0.08173076923076923 0.11147836538461539 0.047475961538461536
1 0.4879807692307692 0.08173076923076923 0.11598557692307693 0.07151442307692307
1 0.6622596153846154 0.08052884615384616 0.09825721153846154 0.060697115384615384
1 0.7548076923076923 0.0829326923076923 0.037259615384615384 0.05498798076923077
1 0.8665865384615384 0.07932692307692307 0.09825721153846154 0.04296875
0 0.9074519230769231 0.5348557692307693 0.060396634615384616 0.15084134615384615
0 0.5360576923076923 0.6634615384615384 0.09044471153846154 0.13040865384615385
0 0.5576923076923077 0.8377403846153846 0.09645432692307693 0.28515625
0 0.35096153846153844 0.6658653846153846 0.0625 0.1201923076923077
0 0.1814903846153846 0.3004807692307692 0.08022836538461539 0.12860576923076922
0 0.20192307692307693 0.4831730769230769 0.0859375 0.14453125
1 0.10697115384615384 0.3954326923076923 0.10426682692307693 0.07361778846153846
1 0.22115384615384615 0.18389423076923078 0.03365384615384615 0.07001201923076923