2 0.1141826923076923 0.22956730769230768 0.2283653846153846 0.3245192307692308
2 0.12860576923076922 0.6274038461538461 0.2421875 0.42247596153846156
2 0.515625 0.47475961538461536 0.6808894230769231 0.8091947115384616
2 0.8918269230769231 0.7115384615384616 0.1775841346153846 0.24098557692307693
2 0.8834134615384616 0.3545673076923077 0.23317307692307693 0.49759615384615385
2 0.5721153846153846 0.7175480769230769 0.12920673076923078 0.23347355769230768
2 0.41466346153846156 0.7091346153846154 0.20462740384615385 0.24519230769230768
2 0.28125 0.7103365384615384 0.08623798076923077 0.21334134615384615
1 0.34134615384615385 0.09014423076923077 0.11117788461538461 0.04807692307692308
1 0.4855769230769231 0.09134615384615384 0.11087740384615384 0.04837740384615385
1 0.65625 0.09014423076923077 0.0967548076923077 0.06520432692307693
1 0.7475961538461539 0.09134615384615384 0.029747596153846152 0.04927884615384615
1 0.8581730769230769 0.08774038461538461 0.10036057692307693 0.05618990384615385
0 0.8978365384615384 0.5372596153846154 0.0751201923076923 0.15144230769230768
0 0.5336538461538461 0.6634615384615384 0.09495192307692307 0.12980769230769232
0 0.5540865384615384 0.8353365384615384 0.08383413461538461 0.2803485576923077
0 0.35096153846153844 0.6658653846153846 0.07752403846153846 0.12079326923076923
0 0.18509615384615385 0.30528846153846156 0.08143028846153846 0.125
0 0.20432692307692307 0.48677884615384615 0.08203125 0.14212740384615385
1 0.11057692307692307 0.39903846153846156 0.10516826923076923 0.07271634615384616
1 0.22355769230769232 0.19110576923076922 0.024939903846153848 0.0673076923076923