2 0.17067307692307693 0.2860576923076923 0.3134014423076923 0.4951923076923077
2 0.578125 0.28725961538461536 0.5501802884615384 0.5159254807692307
2 0.9170673076923077 0.29447115384615385 0.1658653846153846 0.47836538461538464
2 0.6262019230769231 0.7235576923076923 0.4167668269230769 0.38040865384615385
2 0.31850961538461536 0.7211538461538461 0.21965144230769232 0.39903846153846156
2 0.125 0.6514423076923077 0.21544471153846154 0.25
2 0.125 0.8413461538461539 0.20733173076923078 0.16436298076923078
0 0.3605769230769231 0.49038461538461536 0.09164663461538461 0.11568509615384616
0 0.2704326923076923 0.4891826923076923 0.0694110576923077 0.09885817307692307
0 0.8004807692307693 0.4170673076923077 0.09044471153846154 0.1024639423076923
0 0.8786057692307693 0.41947115384615385 0.09134615384615384 0.10336538461538461
0 0.44350961538461536 0.59375 0.08924278846153846 0.09585336538461539
0 0.2644230769230769 0.6502403846153846 0.09104567307692307 0.10396634615384616
0 0.25721153846153844 0.8185096153846154 0.09164663461538461 0.09405048076923077
0 0.2824519230769231 0.9122596153846154 0.0889423076923077 0.17548076923076922
1 0.1622596153846154 0.042067307692307696 0.16346153846153846 0.032151442307692304
1 0.8389423076923077 0.25961538461538464 0.034555288461538464 0.22596153846153846
1 0.8401442307692307 0.7223557692307693 0.06911057692307693 0.22746394230769232