2 0.16346153846153846 0.2764423076923077 0.28756009615384615 0.48647836538461536
2 0.5757211538461539 0.2776442307692308 0.5459735576923077 0.5096153846153846
2 0.9170673076923077 0.2848557692307692 0.1658653846153846 0.4831730769230769
2 0.625 0.71875 0.43689903846153844 0.40024038461538464
2 0.3125 0.7163461538461539 0.2205528846153846 0.4026442307692308
2 0.11778846153846154 0.6454326923076923 0.23557692307692307 0.2668269230769231
2 0.11778846153846154 0.8377403846153846 0.21213942307692307 0.17518028846153846
0 0.3557692307692308 0.4831730769230769 0.0811298076923077 0.11117788461538461
0 0.2644230769230769 0.48197115384615385 0.07301682692307693 0.10096153846153846
0 0.8004807692307693 0.4098557692307692 0.0868389423076923 0.10096153846153846
0 0.8786057692307693 0.4110576923076923 0.09615384615384616 0.10667067307692307
0 0.43990384615384615 0.5877403846153846 0.09194711538461539 0.09795673076923077
0 0.25841346153846156 0.6442307692307693 0.0985576923076923 0.11087740384615384
0 0.2512019230769231 0.8149038461538461 0.09314903846153846 0.09615384615384616
0 0.2764423076923077 0.9110576923076923 0.08653846153846154 0.1778846153846154
1 0.15504807692307693 0.030048076923076924 0.1661658653846154 0.04176682692307692
1 0.8389423076923077 0.24879807692307693 0.05739182692307692 0.22415865384615385
1 0.8401442307692307 0.7175480769230769 0.07992788461538461 0.22746394230769232