2 0.17067307692307693 0.27403846153846156 0.2890625 0.48497596153846156
2 0.5805288461538461 0.27524038461538464 0.5796274038461539 0.5465745192307693
2 0.90625 0.2824519230769231 0.1875 0.4879807692307692
2 0.6298076923076923 0.7139423076923077 0.43299278846153844 0.39513221153846156
2 0.31971153846153844 0.7115384615384616 0.17848557692307693 0.38491586538461536
2 0.125 0.640625 0.23016826923076922 0.26231971153846156
2 0.125 0.8317307692307693 0.20763221153846154 0.1640625
0 0.36177884615384615 0.4795673076923077 0.07962740384615384 0.11057692307692307
0 0.27163461538461536 0.47836538461538464 0.06640625 0.0967548076923077
0 0.8040865384615384 0.40625 0.0928485576923077 0.10216346153846154
0 0.8822115384615384 0.40865384615384615 0.08233173076923077 0.09705528846153846
0 0.44471153846153844 0.5841346153846154 0.09014423076923077 0.09254807692307693
0 0.265625 0.6394230769230769 0.09765625 0.11087740384615384
0 0.25721153846153844 0.8088942307692307 0.09585336538461539 0.09915865384615384
0 0.2824519230769231 0.90625 0.10817307692307693 0.1875
1 0.1622596153846154 0.028846153846153848 0.16556490384615385 0.03756009615384615
1 0.8425480769230769 0.24759615384615385 0.06520432692307693 0.21724759615384615
1 0.84375 0.7127403846153846 0.04326923076923077 0.23076923076923078