2 0.15504807692307693 0.16466346153846154 0.14723557692307693 0.27193509615384615
2 0.2920673076923077 0.13341346153846154 0.16165865384615385 0.21003605769230768
2 0.2932692307692308 0.265625 0.12950721153846154 0.07872596153846154
2 0.20552884615384615 0.3737980769230769 0.3125 0.18479567307692307
2 0.5384615384615384 0.22355769230769232 0.39513221153846156 0.41256009615384615
2 0.7980769230769231 0.30288461538461536 0.21243990384615385 0.23016826923076922
2 0.8257211538461539 0.11658653846153846 0.15594951923076922 0.17097355769230768
2 0.6682692307692307 0.12740384615384615 0.2166466346153846 0.2109375
1 0.27163461538461536 0.03485576923076923 0.0811298076923077 0.025841346153846152
1 0.4543269230769231 0.036057692307692304 0.13912259615384615 0.03876201923076923
1 0.6502403846153846 0.03245192307692308 0.10096153846153846 0.021634615384615384
1 0.8990384615384616 0.14423076923076922 0.034555288461538464 0.0967548076923077
1 0.7992788461538461 0.41466346153846156 0.07451923076923077 0.025540865384615384
1 0.4362980769230769 0.41466346153846156 0.09765625 0.03635817307692308
0 0.6502403846153846 0.43990384615384615 0.06580528846153846 0.06820913461538461
0 0.640625 0.3401442307692308 0.055588942307692304 0.06490384615384616
0 0.5913461538461539 0.3293269230769231 0.033353365384615384 0.034254807692307696
0 0.6394230769230769 0.19831730769230768 0.03756009615384615 0.04657451923076923
0 0.7307692307692307 0.14423076923076922 0.04326923076923077 0.052584134615384616
0 0.7776442307692307 0.13942307692307693 0.055588942307692304 0.056790865384615384
0 0.734375 0.640625 0.039963942307692304 0.0546875
0 0.3449519230769231 0.20673076923076922 0.05438701923076923 0.04266826923076923
0 0.16346153846153846 0.33533653846153844 0.1201923076923077 0.09344951923076923
1 0.2932692307692308 0.3016826923076923 0.05318509615384615 0.017427884615384616
1 0.08653846153846154 0.12259615384615384 0.028245192307692308 0.06219951923076923
1 0.0889423076923077 0.20793269230769232 0.009915865384615384 0.06520432692307693
2 0.6887019230769231 0.6177884615384616 0.1346153846153846 0.1775841346153846
2 0.578125 0.6213942307692307 0.10096153846153846 0.1893028846153846
2 0.49038461538461536 0.6129807692307693 0.09615384615384616 0.16706730769230768
2 0.4050480769230769 0.6117788461538461 0.10787259615384616 0.17127403846153846
2 0.47475961538461536 0.7427884615384616 0.23888221153846154 0.14423076923076922
2 0.6754807692307693 0.7548076923076923 0.17668269230769232 0.10486778846153846
2 0.6105769230769231 0.8569711538461539 0.2013221153846154 0.11207932692307693
2 0.4362980769230769 0.8557692307692307 0.1463341346153846 0.10606971153846154
2 0.29447115384615385 0.5805288461538461 0.1268028846153846 0.11838942307692307
2 0.2980769230769231 0.7163461538461539 0.14933894230769232 0.16826923076923078
2 0.15985576923076922 0.6622596153846154 0.16556490384615385 0.2770432692307692
1 0.2932692307692308 0.8016826923076923 0.05348557692307692 0.022536057692307692
1 0.27283653846153844 0.5276442307692307 0.0546875 0.026141826923076924
1 0.4639423076923077 0.5300480769230769 0.029146634615384616 0.021334134615384616
1 0.5552884615384616 0.5288461538461539 0.029747596153846152 0.023737980769230768
0 0.2776442307692308 0.6586538461538461 0.044771634615384616 0.056790865384615384
0 0.37740384615384615 0.7596153846153846 0.04326923076923077 0.043569711538461536
0 0.3954326923076923 0.78125 0.04146634615384615 0.05318509615384615
0 0.41947115384615385 0.7139423076923077 0.0546875 0.051682692307692304
0 0.5 0.7127403846153846 0.042367788461538464 0.045072115384615384
0 0.5192307692307693 0.5949519230769231 0.05739182692307692 0.05078125
0 0.6057692307692307 0.7584134615384616 0.061899038461538464 0.05078125
0 0.6382211538461539 0.7800480769230769 0.04537259615384615 0.0655048076923077
0 0.6802884615384616 0.7355769230769231 0.043569711538461536 0.04837740384615385
0 0.7295673076923077 0.33774038461538464 0.05078125 0.05588942307692308
0 0.7247596153846154 0.3918269230769231 0.036057692307692304 0.03485576923076923