2 0.1622596153846154 0.1875 0.16075721153846154 0.26802884615384615
2 0.2920673076923077 0.15745192307692307 0.15564903846153846 0.20012019230769232
2 0.2932692307692308 0.28365384615384615 0.11959134615384616 0.061899038461538464
2 0.2091346153846154 0.38822115384615385 0.2941706730769231 0.16135817307692307
2 0.5288461538461539 0.24278846153846154 0.3753004807692308 0.39002403846153844
2 0.7788461538461539 0.31971153846153844 0.20162259615384615 0.21544471153846154
2 0.8052884615384616 0.14182692307692307 0.14933894230769232 0.1640625
2 0.6538461538461539 0.15264423076923078 0.18659855769230768 0.17608173076923078
1 0.27283653846153844 0.06370192307692307 0.07481971153846154 0.025540865384615384
1 0.4483173076923077 0.06370192307692307 0.13221153846153846 0.04326923076923077
1 0.6358173076923077 0.06129807692307692 0.09615384615384616 0.02734375
1 0.8737980769230769 0.16826923076923078 0.017127403846153848 0.09555288461538461
1 0.7788461538461539 0.4266826923076923 0.07271634615384616 0.03365384615384615
1 0.43028846153846156 0.4266826923076923 0.09194711538461539 0.03125
0 0.6358173076923077 0.4519230769230769 0.06460336538461539 0.06700721153846154
0 0.6262019230769231 0.3557692307692308 0.04957932692307692 0.05889423076923077
0 0.5793269230769231 0.3449519230769231 0.03786057692307692 0.04056490384615385
0 0.625 0.21995192307692307 0.033052884615384616 0.04176682692307692
0 0.7127403846153846 0.16826923076923078 0.039963942307692304 0.048978365384615384
0 0.7584134615384616 0.16346153846153846 0.05108173076923077 0.05198317307692308
0 0.7163461538461539 0.6430288461538461 0.029447115384615384 0.04807692307692308
0 0.34375 0.22716346153846154 0.048978365384615384 0.036959134615384616
0 0.16947115384615385 0.35096153846153844 0.11838942307692307 0.0967548076923077
1 0.29447115384615385 0.31850961538461536 0.05078125 0.020733173076923076
1 0.09615384615384616 0.14783653846153846 0.018629807692307692 0.060396634615384616
1 0.09735576923076923 0.22956730769230768 0.022536057692307692 0.06400240384615384
2 0.6730769230769231 0.6213942307692307 0.1484375 0.18118990384615385
2 0.5661057692307693 0.625 0.08984375 0.17878605769230768
2 0.4831730769230769 0.6165865384615384 0.09164663461538461 0.16045673076923078
2 0.4014423076923077 0.6153846153846154 0.08203125 0.1580528846153846
2 0.4675480769230769 0.7415865384615384 0.22806490384615385 0.1346153846153846
2 0.6598557692307693 0.7524038461538461 0.1619591346153846 0.0859375
2 0.5985576923076923 0.8509615384615384 0.19200721153846154 0.10967548076923077
2 0.43149038461538464 0.8497596153846154 0.13762019230769232 0.10096153846153846
2 0.2956730769230769 0.5853365384615384 0.125 0.1201923076923077
2 0.2980769230769231 0.7163461538461539 0.1388221153846154 0.15504807692307693
2 0.16706730769230768 0.6634615384615384 0.14122596153846154 0.25931490384615385
1 0.2932692307692308 0.796875 0.052584134615384616 0.026442307692307692
1 0.27403846153846156 0.5348557692307693 0.05318509615384615 0.026442307692307692
1 0.4579326923076923 0.5372596153846154 0.027043269230769232 0.017427884615384616
1 0.5456730769230769 0.5360576923076923 0.025240384615384616 0.019230769230769232
0 0.27884615384615385 0.6598557692307693 0.0390625 0.05078125
0 0.375 0.7584134615384616 0.04296875 0.041165865384615384
0 0.3918269230769231 0.7776442307692307 0.04266826923076923 0.051382211538461536
0 0.41466346153846156 0.7139423076923077 0.05108173076923077 0.05198317307692308
0 0.49278846153846156 0.7115384615384616 0.038161057692307696 0.04266826923076923
0 0.5096153846153846 0.5997596153846154 0.052584134615384616 0.04537259615384615
0 0.59375 0.7560096153846154 0.05709134615384615 0.04807692307692308
0 0.6237980769230769 0.7776442307692307 0.04326923076923077 0.06400240384615384
0 0.6646634615384616 0.734375 0.04026442307692308 0.04537259615384615
0 0.7115384615384616 0.35336538461538464 0.05198317307692308 0.05709134615384615
0 0.7079326923076923 0.4050480769230769 0.03365384615384615 0.03515625