2 0.15985576923076922 0.18990384615384615 0.15084134615384615 0.26502403846153844
2 0.2920673076923077 0.15865384615384615 0.1505408653846154 0.2013221153846154
2 0.2932692307692308 0.28725961538461536 0.12379807692307693 0.06009615384615385
2 0.20793269230769232 0.3918269230769231 0.3010817307692308 0.17908653846153846
2 0.53125 0.24639423076923078 0.34555288461538464 0.36268028846153844
2 0.7824519230769231 0.3233173076923077 0.19230769230769232 0.2088341346153846
2 0.8088942307692307 0.14302884615384615 0.14903846153846154 0.16496394230769232
2 0.65625 0.15384615384615385 0.20612980769230768 0.1974158653846154
1 0.27283653846153844 0.06370192307692307 0.07692307692307693 0.03155048076923077
1 0.4495192307692308 0.06490384615384616 0.1388221153846154 0.033052884615384616
1 0.6394230769230769 0.06129807692307692 0.09645432692307693 0.036959134615384616
1 0.8798076923076923 0.16947115384615385 0.02013221153846154 0.09405048076923077
1 0.7836538461538461 0.43149038461538464 0.07271634615384616 0.031850961538461536
1 0.43149038461538464 0.43149038461538464 0.09405048076923077 0.030949519230769232
0 0.6382211538461539 0.4567307692307692 0.06460336538461539 0.06670673076923077
0 0.6286057692307693 0.359375 0.05438701923076923 0.0625
0 0.5817307692307693 0.3485576923076923 0.030048076923076924 0.034555288461538464
0 0.6286057692307693 0.22235576923076922 0.03125 0.041165865384615384
0 0.7163461538461539 0.17067307692307693 0.042367788461538464 0.05228365384615385
0 0.7620192307692307 0.16466346153846154 0.05348557692307692 0.0546875
0 0.7199519230769231 0.6502403846153846 0.038461538461538464 0.05438701923076923
0 0.34375 0.22956730769230768 0.048978365384615384 0.036959134615384616
0 0.16826923076923078 0.3545673076923077 0.11508413461538461 0.08804086538461539
1 0.2932692307692308 0.32211538461538464 0.05348557692307692 0.027644230769230768
1 0.09254807692307693 0.14903846153846154 0.021634615384615384 0.0625
1 0.09495192307692307 0.23197115384615385 0.015925480769230768 0.06490384615384616
2 0.6766826923076923 0.6286057692307693 0.15174278846153846 0.1853966346153846
2 0.5685096153846154 0.6310096153846154 0.0985576923076923 0.18118990384615385
2 0.484375 0.6237980769230769 0.09615384615384616 0.16346153846153846
2 0.4014423076923077 0.6225961538461539 0.08143028846153846 0.15925480769230768
2 0.46875 0.7487980769230769 0.23106971153846154 0.14092548076923078
2 0.6634615384615384 0.7608173076923077 0.16766826923076922 0.0928485576923077
2 0.6009615384615384 0.859375 0.19260817307692307 0.10336538461538461
2 0.4326923076923077 0.859375 0.14032451923076922 0.10727163461538461
2 0.29447115384615385 0.5925480769230769 0.1271033653846154 0.12229567307692307
2 0.2980769230769231 0.7235576923076923 0.14933894230769232 0.16766826923076922
2 0.16466346153846154 0.6706730769230769 0.1427283653846154 0.26412259615384615
1 0.2932692307692308 0.8052884615384616 0.05318509615384615 0.024338942307692308
1 0.27283653846153844 0.5408653846153846 0.051382211538461536 0.0234375
1 0.45913461538461536 0.5432692307692307 0.025240384615384616 0.02013221153846154
1 0.546875 0.5420673076923077 0.027043269230769232 0.021334134615384616
0 0.2776442307692308 0.6670673076923077 0.036057692307692304 0.05048076923076923
0 0.375 0.765625 0.03936298076923077 0.040865384615384616
0 0.3918269230769231 0.7860576923076923 0.03936298076923077 0.052884615384615384
0 0.41466346153846156 0.7211538461538461 0.04657451923076923 0.04417067307692308
0 0.49399038461538464 0.7199519230769231 0.038461538461538464 0.04176682692307692
0 0.5120192307692307 0.6057692307692307 0.05348557692307692 0.04717548076923077
0 0.5961538461538461 0.7644230769230769 0.05859375 0.04927884615384615
0 0.6262019230769231 0.7860576923076923 0.04026442307692308 0.06310096153846154
0 0.6670673076923077 0.7415865384615384 0.04026442307692308 0.04537259615384615
0 0.7151442307692307 0.35697115384615385 0.052884615384615384 0.05618990384615385
0 0.7115384615384616 0.40865384615384615 0.038161057692307696 0.038161057692307696