2 0.41466346153846156 0.22716346153846154 0.6517427884615384 0.3825120192307692
2 0.8461538461538461 0.18389423076923078 0.22235576923076922 0.20372596153846154
2 0.5216346153846154 0.48197115384615385 0.8701923076923077 0.49368990384615385
2 0.47475961538461536 0.8149038461538461 0.4456129807692308 0.3128004807692308
2 0.171875 0.8197115384615384 0.20192307692307693 0.26502403846153844
1 0.08533653846153846 0.2536057692307692 0.06490384615384616 0.15174278846153846
1 0.0889423076923077 0.5300480769230769 0.0733173076923077 0.2815504807692308
1 0.08653846153846154 0.8221153846153846 0.05228365384615385 0.2403846153846154
0 0.37740384615384615 0.65625 0.11087740384615384 0.08143028846153846
0 0.30408653846153844 0.7427884615384616 0.13671875 0.09645432692307693
0 0.8064903846153846 0.6959134615384616 0.15625 0.19561298076923078
0 0.8173076923076923 0.3125 0.1141826923076923 0.09735576923076923
0 0.6790865384615384 0.31850961538461536 0.15144230769230768 0.08443509615384616
0 0.23798076923076922 0.3425480769230769 0.12920673076923078 0.10787259615384616