2 0.41225961538461536 0.2283653846153846 0.6421274038461539 0.3115985576923077
2 0.84375 0.18629807692307693 0.21514423076923078 0.1875
2 0.5192307692307693 0.484375 0.8551682692307693 0.4305889423076923
2 0.47115384615384615 0.8161057692307693 0.42758413461538464 0.26772836538461536
2 0.16947115384615385 0.8221153846153846 0.1893028846153846 0.25841346153846156
1 0.0829326923076923 0.25600961538461536 0.060697115384615384 0.15174278846153846
1 0.08653846153846154 0.53125 0.08653846153846154 0.27974759615384615
1 0.08413461538461539 0.8233173076923077 0.0625 0.23858173076923078
0 0.3737980769230769 0.6586538461538461 0.11868990384615384 0.09164663461538461
0 0.3016826923076923 0.7439903846153846 0.13311298076923078 0.0850360576923077
0 0.8028846153846154 0.6983173076923077 0.13341346153846154 0.18419471153846154
0 0.8149038461538461 0.3137019230769231 0.10096153846153846 0.08173076923076923
0 0.6766826923076923 0.32091346153846156 0.1466346153846154 0.06099759615384615
0 0.23557692307692307 0.34375 0.12620192307692307 0.1102764423076923