2 0.4338942307692308 0.23197115384615385 0.6313100961538461 0.2725360576923077
2 0.8653846153846154 0.18990384615384615 0.22596153846153846 0.20612980769230768
2 0.5408653846153846 0.4879807692307692 0.8713942307692307 0.5099158653846154
2 0.49399038461538464 0.8197115384615384 0.4402043269230769 0.2971754807692308
2 0.19110576923076922 0.8245192307692307 0.17487980769230768 0.2536057692307692
1 0.1045673076923077 0.25961538461538464 0.055288461538461536 0.15294471153846154
1 0.10817307692307693 0.5348557692307693 0.08713942307692307 0.2809495192307692
1 0.10576923076923077 0.8269230769230769 0.043870192307692304 0.24098557692307693
0 0.39663461538461536 0.6622596153846154 0.12109375 0.09765625
0 0.3233173076923077 0.7475961538461539 0.12830528846153846 0.07662259615384616
0 0.8257211538461539 0.7019230769230769 0.13762019230769232 0.18659855769230768
0 0.8365384615384616 0.3173076923076923 0.1015625 0.08233173076923077
0 0.6983173076923077 0.3245192307692308 0.1466346153846154 0.06280048076923077
0 0.25721153846153844 0.3473557692307692 0.1201923076923077 0.09765625