2 0.07692307692307693 0.18870192307692307 0.13401442307692307 0.26171875
2 0.31971153846153844 0.1971153846153846 0.35606971153846156 0.2746394230769231
2 0.5685096153846154 0.14903846153846154 0.1346153846153846 0.12620192307692307
2 0.7932692307692307 0.203125 0.3449519230769231 0.3076923076923077
2 0.7283653846153846 0.5793269230769231 0.46694711538461536 0.7439903846153846
2 0.5540865384615384 0.6814903846153846 0.10426682692307693 0.0946514423076923
0 0.6310096153846154 0.7043269230769231 0.060697115384615384 0.051682692307692304
0 0.6634615384615384 0.8521634615384616 0.10576923076923077 0.1661658653846154
0 0.7319711538461539 0.3137019230769231 0.0850360576923077 0.0946514423076923
0 0.45913461538461536 0.2800480769230769 0.09975961538461539 0.0694110576923077
0 0.5637019230769231 0.23677884615384615 0.06430288461538461 0.06971153846153846
0 0.13221153846153846 0.28365384615384615 0.14933894230769232 0.08533653846153846
1 0.13701923076923078 0.15384615384615385 0.056790865384615384 0.17307692307692307
1 0.9591346153846154 0.1971153846153846 0.0390625 0.1875
1 0.9591346153846154 0.4963942307692308 0.03876201923076923 0.2283653846153846
1 0.9663461538461539 0.796875 0.0634014423076923 0.19921875