2 0.05048076923076923 0.19230769230769232 0.10096153846153846 0.2644230769230769
2 0.296875 0.20192307692307693 0.38221153846153844 0.3037860576923077
2 0.5552884615384616 0.15144230769230768 0.14483173076923078 0.14002403846153846
2 0.7884615384615384 0.20793269230769232 0.3701923076923077 0.33834134615384615
2 0.7151442307692307 0.59375 0.5697115384615384 0.8125
2 0.5396634615384616 0.7043269230769231 0.10817307692307693 0.10036057692307693
0 0.6201923076923077 0.7283653846153846 0.06850961538461539 0.061899038461538464
0 0.6550480769230769 0.8822115384615384 0.13131009615384615 0.17848557692307693
0 0.7247596153846154 0.3233173076923077 0.08834134615384616 0.0946514423076923
0 0.4423076923076923 0.28846153846153844 0.10186298076923077 0.07181490384615384
0 0.5504807692307693 0.2439903846153846 0.057692307692307696 0.06490384615384616
0 0.10216346153846154 0.2920673076923077 0.15564903846153846 0.07992788461538461
1 0.10697115384615384 0.15745192307692307 0.05588942307692308 0.1778846153846154
1 0.9615384615384616 0.20192307692307693 0.0634014423076923 0.19290865384615385
1 0.9603365384615384 0.5132211538461539 0.0673076923076923 0.23768028846153846
1 0.9663461538461539 0.8233173076923077 0.0673076923076923 0.20432692307692307