2 0.07572115384615384 0.18629807692307693 0.15144230769230768 0.2668269230769231
2 0.31971153846153844 0.19591346153846154 0.36929086538461536 0.2902644230769231
2 0.5709134615384616 0.1466346153846154 0.14693509615384615 0.14332932692307693
2 0.796875 0.20192307692307693 0.32962740384615385 0.29296875
2 0.7199519230769231 0.5793269230769231 0.5600961538461539 0.7980769230769231
2 0.5564903846153846 0.6826923076923077 0.11538461538461539 0.1063701923076923
0 0.6334134615384616 0.7055288461538461 0.06430288461538461 0.0546875
0 0.6670673076923077 0.8545673076923077 0.1171875 0.17127403846153846
0 0.7355769230769231 0.3137019230769231 0.10036057692307693 0.10727163461538461
0 0.46153846153846156 0.2800480769230769 0.10546875 0.07962740384615384
0 0.5661057692307693 0.23557692307692307 0.06460336538461539 0.0712139423076923
0 0.13221153846153846 0.2824519230769231 0.1544471153846154 0.09435096153846154
1 0.13701923076923078 0.15264423076923078 0.06760817307692307 0.1697716346153846
1 0.9639423076923077 0.19591346153846154 0.04447115384615385 0.19020432692307693
1 0.9603365384615384 0.4963942307692308 0.07932692307692307 0.22355769230769232
1 0.9711538461538461 0.7992788461538461 0.04717548076923077 0.20012019230769232