2 0.25841346153846156 0.5588942307692307 0.47896634615384615 0.6135817307692307
2 0.3629807692307692 0.6850961538461539 0.21604567307692307 0.33203125
2 0.21875 0.7980769230769231 0.1015625 0.09615384615384616
2 0.1141826923076923 0.8004807692307693 0.11838942307692307 0.09555288461538461
2 0.10216346153846154 0.9194711538461539 0.12229567307692307 0.13221153846153846
2 0.234375 0.9206730769230769 0.15625 0.15354567307692307
2 0.7355769230769231 0.390625 0.4384014423076923 0.26742788461538464
2 0.25961538461538464 0.14182692307692307 0.4423076923076923 0.28365384615384615
2 0.6622596153846154 0.5420673076923077 0.2725360576923077 0.18028846153846154
2 0.8629807692307693 0.6177884615384616 0.15775240384615385 0.22566105769230768
2 0.8677884615384616 0.7884615384615384 0.14813701923076922 0.14032451923076922
2 0.6622596153846154 0.7367788461538461 0.29537259615384615 0.2575120192307692
1 0.8677884615384616 0.8569711538461539 0.057992788461538464 0.030348557692307692
1 0.6742788461538461 0.8533653846153846 0.11868990384615384 0.043569711538461536
1 0.7536057692307693 0.2692307692307692 0.20673076923076922 0.028846153846153848
1 0.3088942307692308 0.27163461538461536 0.14182692307692307 0.0234375
1 0.3629807692307692 0.8497596153846154 0.10546875 0.026442307692307692
0 0.20432692307692307 0.28125 0.0733173076923077 0.11057692307692307
0 0.14903846153846154 0.7355769230769231 0.05318509615384615 0.06280048076923077
0 0.21394230769230768 0.7848557692307693 0.07692307692307693 0.06881009615384616
0 0.21394230769230768 0.8786057692307693 0.07692307692307693 0.0751201923076923
0 0.1935096153846154 0.9435096153846154 0.0673076923076923 0.05979567307692308
0 0.7740384615384616 0.578125 0.0673076923076923 0.06400240384615384
0 0.7608173076923077 0.4411057692307692 0.05979567307692308 0.05048076923076923
0 0.7632211538461539 0.6526442307692307 0.05979567307692308 0.06881009615384616
0 0.8293269230769231 0.7139423076923077 0.04807692307692308 0.042367788461538464