2 0.26322115384615385 0.5685096153846154 0.4840745192307692 0.6042668269230769
2 0.36538461538461536 0.6911057692307693 0.2208533653846154 0.3269230769230769
2 0.22596153846153846 0.8004807692307693 0.10036057692307693 0.09254807692307693
2 0.12259615384615384 0.8028846153846154 0.11147836538461539 0.08653846153846154
2 0.11177884615384616 0.9182692307692307 0.12259615384615384 0.1307091346153846
2 0.2403846153846154 0.9194711538461539 0.14453125 0.14182692307692307
2 0.7283653846153846 0.40384615384615385 0.4188701923076923 0.2400841346153846
2 0.2644230769230769 0.14182692307692307 0.41346153846153844 0.28365384615384615
2 0.6574519230769231 0.5516826923076923 0.2548076923076923 0.14753605769230768
2 0.8521634615384616 0.625 0.14723557692307693 0.2169471153846154
2 0.8569711538461539 0.7920673076923077 0.1424278846153846 0.13701923076923078
2 0.6574519230769231 0.7403846153846154 0.26231971153846156 0.21574519230769232
1 0.8569711538461539 0.8581730769230769 0.055588942307692304 0.0234375
1 0.6694711538461539 0.8533653846153846 0.1180889423076923 0.023137019230769232
1 0.7451923076923077 0.2860576923076923 0.20192307692307693 0.023137019230769232
1 0.3125 0.28846153846153844 0.1385216346153846 0.033353365384615384
1 0.36538461538461536 0.8509615384615384 0.10126201923076923 0.024338942307692308
0 0.21153846153846154 0.296875 0.0859375 0.11268028846153846
0 0.15745192307692307 0.7391826923076923 0.04567307692307692 0.057692307692307696
0 0.21995192307692307 0.7872596153846154 0.0703125 0.060697115384615384
0 0.22115384615384615 0.8786057692307693 0.07241586538461539 0.06971153846153846
0 0.20072115384615385 0.9423076923076923 0.07361778846153846 0.0673076923076923
0 0.765625 0.5865384615384616 0.057692307692307696 0.052884615384615384
0 0.7524038461538461 0.453125 0.05859375 0.05438701923076923
0 0.7560096153846154 0.6598557692307693 0.05108173076923077 0.06099759615384615
0 0.8197115384615384 0.71875 0.047776442307692304 0.042067307692307696