2 0.2800480769230769 0.578125 0.39903846153846156 0.5609975961538461
2 0.38341346153846156 0.703125 0.20973557692307693 0.3290264423076923
2 0.24158653846153846 0.8149038461538461 0.10366586538461539 0.10006009615384616
2 0.13701923076923078 0.8173076923076923 0.11989182692307693 0.09645432692307693
2 0.125 0.9314903846153846 0.12980769230769232 0.13701923076923078
2 0.2548076923076923 0.9302884615384616 0.14903846153846154 0.13942307692307693
2 0.7524038461538461 0.4110576923076923 0.4326923076923077 0.2548076923076923
2 0.28125 0.16105769230769232 0.4567307692307692 0.32211538461538464
2 0.6802884615384616 0.5612980769230769 0.26352163461538464 0.16075721153846154
2 0.8786057692307693 0.6358173076923077 0.13762019230769232 0.21424278846153846
2 0.8834134615384616 0.8064903846153846 0.13131009615384615 0.12319711538461539
2 0.6802884615384616 0.7548076923076923 0.27974759615384615 0.2364783653846154
1 0.8834134615384616 0.8737980769230769 0.055288461538461536 0.021334134615384616
1 0.6923076923076923 0.8689903846153846 0.1201923076923077 0.026141826923076924
1 0.7692307692307693 0.29086538461538464 0.20643028846153846 0.02013221153846154
1 0.33052884615384615 0.29447115384615385 0.13731971153846154 0.04537259615384615
1 0.38341346153846156 0.8665865384615384 0.10276442307692307 0.027043269230769232
0 0.22716346153846154 0.30288461538461536 0.07361778846153846 0.10967548076923077
0 0.17307692307692307 0.7524038461538461 0.04417067307692308 0.057992788461538464
0 0.23677884615384615 0.8016826923076923 0.07481971153846154 0.06580528846153846
0 0.23677884615384615 0.8942307692307693 0.07391826923076923 0.06820913461538461
0 0.21634615384615385 0.9591346153846154 0.07572115384615384 0.06760817307692307
0 0.7896634615384616 0.5973557692307693 0.06580528846153846 0.060697115384615384
0 0.7764423076923077 0.46153846153846156 0.061899038461538464 0.056490384615384616
0 0.7800480769230769 0.671875 0.05108173076923077 0.0625
0 0.8449519230769231 0.7319711538461539 0.04957932692307692 0.04176682692307692