2 0.7259615384615384 0.8257211538461539 0.1015625 0.20673076923076922
2 0.8870192307692307 0.6165865384615384 0.22596153846153846 0.22355769230769232
2 0.8942307692307693 0.33774038461538464 0.21153846153846154 0.33413461538461536
2 0.6526442307692307 0.33774038461538464 0.31460336538461536 0.37680288461538464
2 0.3786057692307692 0.43990384615384615 0.6745793269230769 0.5826322115384616
2 0.7427884615384616 0.6177884615384616 0.08082932692307693 0.18810096153846154
2 0.5961538461538461 0.8197115384615384 0.16466346153846154 0.19591346153846154
2 0.44591346153846156 0.765625 0.18088942307692307 0.29477163461538464
2 0.2091346153846154 0.7668269230769231 0.32271634615384615 0.2824519230769231
2 0.20072115384615385 0.0733173076923077 0.21875 0.1466346153846154
1 0.1622596153846154 0.15144230769230768 0.12770432692307693 0.03365384615384615
1 0.390625 0.15144230769230768 0.13131009615384615 0.053786057692307696
1 0.6262019230769231 0.15625 0.12800480769230768 0.04326923076923077
1 0.8461538461538461 0.15144230769230768 0.07301682692307693 0.03876201923076923
1 0.9411057692307693 0.15745192307692307 0.07451923076923077 0.02734375
1 0.5805288461538461 0.9134615384615384 0.07872596153846154 0.047475961538461536
1 0.43990384615384615 0.9146634615384616 0.07662259615384616 0.03125
1 0.17548076923076922 0.9134615384615384 0.12980769230769232 0.046875
0 0.3269230769230769 0.6550480769230769 0.0634014423076923 0.08473557692307693
0 0.34375 0.47596153846153844 0.042067307692307696 0.078125
0 0.25600961538461536 0.17067307692307693 0.06099759615384615 0.14873798076923078
0 0.5576923076923077 0.47836538461538464 0.06310096153846154 0.08653846153846154
0 0.44471153846153844 0.6610576923076923 0.06640625 0.09014423076923077
0 0.4963942307692308 0.7920673076923077 0.06971153846153846 0.07842548076923077
0 0.6802884615384616 0.5685096153846154 0.061899038461538464 0.09134615384615384
0 0.8076923076923077 0.5709134615384616 0.07572115384615384 0.07962740384615384
0 0.9723557692307693 0.5396634615384616 0.055288461538461536 0.08413461538461539
0 0.9735576923076923 0.7524038461538461 0.052884615384615384 0.08173076923076923
0 0.7451923076923077 0.953125 0.057992788461538464 0.0928485576923077