2 0.6995192307692307 0.8221153846153846 0.11989182692307693 0.21033653846153846
2 0.8665865384615384 0.6213942307692307 0.22896634615384615 0.2049278846153846
2 0.8653846153846154 0.35216346153846156 0.23076923076923078 0.33353365384615385
2 0.6286057692307693 0.35096153846153844 0.26111778846153844 0.33653846153846156
2 0.3641826923076923 0.4495192307692308 0.6905048076923077 0.6147836538461539
2 0.7163461538461539 0.6213942307692307 0.11087740384615384 0.1875
2 0.5733173076923077 0.8149038461538461 0.16346153846153846 0.18810096153846154
2 0.42908653846153844 0.7644230769230769 0.19921875 0.28846153846153844
2 0.20072115384615385 0.7644230769230769 0.3479567307692308 0.31790865384615385
2 0.19110576923076922 0.0889423076923077 0.22355769230769232 0.1778846153846154
1 0.15625 0.171875 0.12530048076923078 0.036057692307692304
1 0.3762019230769231 0.171875 0.12650240384615385 0.060697115384615384
1 0.6033653846153846 0.17668269230769232 0.12139423076923077 0.044771634615384616
1 0.8161057692307693 0.171875 0.07001201923076923 0.03545673076923077
1 0.90625 0.1778846153846154 0.07271634615384616 0.037259615384615384
1 0.5588942307692307 0.90625 0.07391826923076923 0.03756009615384615
1 0.4230769230769231 0.9074519230769231 0.07271634615384616 0.041165865384615384
1 0.16826923076923078 0.90625 0.12439903846153846 0.048978365384615384
0 0.31490384615384615 0.6574519230769231 0.05859375 0.07962740384615384
0 0.3317307692307692 0.484375 0.03876201923076923 0.07481971153846154
0 0.24639423076923078 0.19110576923076922 0.0694110576923077 0.1463341346153846
0 0.5372596153846154 0.48677884615384615 0.055588942307692304 0.07992788461538461
0 0.42788461538461536 0.6622596153846154 0.07241586538461539 0.08984375
0 0.47836538461538464 0.7884615384615384 0.06310096153846154 0.07301682692307693
0 0.6550480769230769 0.5733173076923077 0.060396634615384616 0.0889423076923077
0 0.7776442307692307 0.5757211538461539 0.0625 0.07061298076923077
0 0.9399038461538461 0.546875 0.05198317307692308 0.07842548076923077
0 0.9423076923076923 0.7512019230769231 0.057992788461538464 0.07962740384615384
0 0.7175480769230769 0.9435096153846154 0.0625 0.09344951923076923