2 0.7007211538461539 0.8185096153846154 0.10727163461538461 0.20372596153846154
2 0.8689903846153846 0.6177884615384616 0.24188701923076922 0.2205528846153846
2 0.8677884615384616 0.3473557692307692 0.20763221153846154 0.3203125
2 0.6310096153846154 0.34615384615384615 0.28185096153846156 0.3512620192307692
2 0.3641826923076923 0.44471153846153844 0.7139423076923077 0.6448317307692307
2 0.7175480769230769 0.6177884615384616 0.07842548076923077 0.18299278846153846
2 0.5757211538461539 0.8125 0.15594951923076922 0.18659855769230768
2 0.42908653846153844 0.7608173076923077 0.1778846153846154 0.28515625
2 0.20072115384615385 0.7608173076923077 0.3254206730769231 0.28846153846153844
2 0.19110576923076922 0.08653846153846154 0.2283653846153846 0.17307692307692307
1 0.15504807692307693 0.1658653846153846 0.125 0.043870192307692304
1 0.3762019230769231 0.16706730769230768 0.12740384615384615 0.05048076923076923
1 0.6045673076923077 0.17067307692307693 0.12319711538461539 0.042367788461538464
1 0.8185096153846154 0.16706730769230768 0.07001201923076923 0.03365384615384615
1 0.9086538461538461 0.171875 0.07211538461538461 0.025841346153846152
1 0.5600961538461539 0.9038461538461539 0.07211538461538461 0.034555288461538464
1 0.42427884615384615 0.9050480769230769 0.07421875 0.03125
1 0.16706730769230768 0.9038461538461539 0.12289663461538461 0.052884615384615384
0 0.31490384615384615 0.6538461538461539 0.061598557692307696 0.08143028846153846
0 0.3317307692307692 0.4807692307692308 0.048978365384615384 0.08082932692307693
0 0.24639423076923078 0.18509615384615385 0.06881009615384616 0.14813701923076922
0 0.5384615384615384 0.4831730769230769 0.047776442307692304 0.07692307692307693
0 0.42788461538461536 0.6586538461538461 0.07181490384615384 0.09044471153846154
0 0.4795673076923077 0.7860576923076923 0.057692307692307696 0.06820913461538461
0 0.6574519230769231 0.5697115384615384 0.055588942307692304 0.08653846153846154
0 0.7800480769230769 0.5721153846153846 0.06881009615384616 0.07301682692307693
0 0.9435096153846154 0.5432692307692307 0.04957932692307692 0.07602163461538461
0 0.9459134615384616 0.7487980769230769 0.05498798076923077 0.07842548076923077
0 0.7199519230769231 0.9411057692307693 0.055288461538461536 0.08924278846153846