2 0.21033653846153846 0.17307692307692307 0.1424278846153846 0.2608173076923077
2 0.4855769230769231 0.6021634615384616 0.7157451923076923 0.625
2 0.5540865384615384 0.8137019230769231 0.2088341346153846 0.15594951923076922
2 0.5853365384615384 0.484375 0.24308894230769232 0.34615384615384615
2 0.8076923076923077 0.4831730769230769 0.23076923076923078 0.3308293269230769
2 0.875 0.765625 0.1141826923076923 0.2325721153846154
1 0.6105769230769231 0.31009615384615385 0.14423076923076922 0.04296875
1 0.7716346153846154 0.3137019230769231 0.13912259615384615 0.044771634615384616
1 0.13942307692307693 0.5685096153846154 0.034555288461538464 0.14212740384615385
1 0.140625 0.7367788461538461 0.028846153846153848 0.13221153846153846
0 0.5612980769230769 0.7235576923076923 0.08443509615384616 0.09615384615384616
0 0.6069711538461539 0.6153846153846154 0.07842548076923077 0.09164663461538461
0 0.7331730769230769 0.6213942307692307 0.07211538461538461 0.0751201923076923
0 0.796875 0.7896634615384616 0.07061298076923077 0.0625
0 0.7800480769230769 0.8930288461538461 0.1024639423076923 0.16015625
0 0.19951923076923078 0.28365384615384615 0.09104567307692307 0.09615384615384616