2 0.20552884615384615 0.16706730769230768 0.15204326923076922 0.2629206730769231
2 0.4807692307692308 0.5949519230769231 0.7127403846153846 0.6225961538461539
2 0.5480769230769231 0.8052884615384616 0.19651442307692307 0.13912259615384615
2 0.5805288461538461 0.47716346153846156 0.2566105769230769 0.3488581730769231
2 0.8016826923076923 0.47596153846153844 0.25150240384615385 0.34194711538461536
2 0.8677884615384616 0.7572115384615384 0.11959134615384616 0.23167067307692307
1 0.6057692307692307 0.30288461538461536 0.14362980769230768 0.052584134615384616
1 0.765625 0.3076923076923077 0.13731971153846154 0.03936298076923077
1 0.13581730769230768 0.5600961538461539 0.04146634615384615 0.13942307692307693
1 0.13701923076923078 0.7283653846153846 0.048677884615384616 0.12980769230769232
0 0.5564903846153846 0.7151442307692307 0.09344951923076923 0.10276442307692307
0 0.6009615384615384 0.6081730769230769 0.07782451923076923 0.09224759615384616
0 0.7271634615384616 0.6129807692307693 0.07872596153846154 0.0811298076923077
0 0.7908653846153846 0.78125 0.07301682692307693 0.06670673076923077
0 0.7728365384615384 0.8834134615384616 0.1024639423076923 0.16015625
0 0.19591346153846154 0.2764423076923077 0.0985576923076923 0.10516826923076923