2 0.21394230769230768 0.16706730769230768 0.17217548076923078 0.2668269230769231
2 0.48677884615384615 0.5913461538461539 0.7049278846153846 0.6150841346153846
2 0.5540865384615384 0.8004807692307693 0.2088341346153846 0.15745192307692307
2 0.5865384615384616 0.47475961538461536 0.2551081730769231 0.3488581730769231
2 0.8064903846153846 0.4735576923076923 0.2644230769230769 0.3467548076923077
2 0.8713942307692307 0.7536057692307693 0.09435096153846154 0.22415865384615385
1 0.6117788461538461 0.3016826923076923 0.14152644230769232 0.045973557692307696
1 0.7704326923076923 0.30649038461538464 0.13701923076923078 0.041165865384615384
1 0.14423076923076922 0.5576923076923077 0.028245192307692308 0.14362980769230768
1 0.14543269230769232 0.7247596153846154 0.036057692307692304 0.13251201923076922
0 0.5625 0.7115384615384616 0.09134615384615384 0.10126201923076923
0 0.6081730769230769 0.6045673076923077 0.07782451923076923 0.09344951923076923
0 0.7319711538461539 0.6105769230769231 0.07542067307692307 0.08082932692307693
0 0.7956730769230769 0.7776442307692307 0.07241586538461539 0.0625
0 0.7788461538461539 0.8786057692307693 0.1045673076923077 0.15685096153846154
0 0.20432692307692307 0.2764423076923077 0.0967548076923077 0.10186298076923077