2 0.23317307692307693 0.21634615384615385 0.33143028846153844 0.3410456730769231
2 0.4230769230769231 0.15985576923076922 0.12560096153846154 0.20012019230769232
2 0.6838942307692307 0.28125 0.4299879807692308 0.4567307692307692
2 0.9447115384615384 0.2692307692307692 0.11057692307692307 0.4423076923076923
2 0.7307692307692307 0.6502403846153846 0.3356370192307692 0.3527644230769231
2 0.33052884615384615 0.46634615384615385 0.5363581730769231 0.46664663461538464
1 0.8858173076923077 0.6454326923076923 0.032151442307692304 0.19441105769230768
1 0.8894230769230769 0.2247596153846154 0.05348557692307692 0.23557692307692307
1 0.078125 0.5228365384615384 0.045072115384615384 0.14092548076923078
1 0.078125 0.21995192307692307 0.027043269230769232 0.13731971153846154
0 0.35216346153846156 0.3245192307692308 0.07872596153846154 0.10967548076923077
0 0.4326923076923077 0.28966346153846156 0.05889423076923077 0.08834134615384616
0 0.4230769230769231 0.6730769230769231 0.11087740384615384 0.2361778846153846
0 0.5144230769230769 0.6490384615384616 0.05889423076923077 0.09164663461538461
0 0.5516826923076923 0.6117788461538461 0.0751201923076923 0.09825721153846154
0 0.8545673076923077 0.3942307692307692 0.08924278846153846 0.10967548076923077