2 0.2620192307692308 0.24519230769230768 0.34164663461538464 0.3512620192307692
2 0.4495192307692308 0.18990384615384615 0.14783653846153846 0.20643028846153846
2 0.7091346153846154 0.31009615384615385 0.4423076923076923 0.46694711538461536
2 0.9471153846153846 0.296875 0.10576923076923077 0.43990384615384615
2 0.7560096153846154 0.6766826923076923 0.3155048076923077 0.3347355769230769
2 0.3581730769230769 0.49399038461538464 0.54296875 0.47866586538461536
1 0.9098557692307693 0.671875 0.03155048076923077 0.19230769230769232
1 0.9134615384615384 0.2536057692307692 0.029447115384615384 0.23768028846153846
1 0.10697115384615384 0.5492788461538461 0.03125 0.14212740384615385
1 0.10697115384615384 0.25 0.03665865384615385 0.13521634615384615
0 0.3798076923076923 0.35336538461538464 0.08173076923076923 0.11057692307692307
0 0.45913461538461536 0.31850961538461536 0.047475961538461536 0.08353365384615384
0 0.45072115384615385 0.6995192307692307 0.12169471153846154 0.23467548076923078
0 0.5408653846153846 0.6754807692307693 0.051682692307692304 0.09044471153846154
0 0.578125 0.6382211538461539 0.07451923076923077 0.09825721153846154
0 0.8786057692307693 0.421875 0.09615384615384616 0.11328125