2 0.23798076923076922 0.21514423076923078 0.3410456730769231 0.3527644230769231
2 0.43028846153846156 0.15865384615384615 0.12950721153846154 0.203125
2 0.6935096153846154 0.2800480769230769 0.4636418269230769 0.4879807692307692
2 0.9423076923076923 0.2692307692307692 0.11538461538461539 0.44711538461538464
2 0.7403846153846154 0.6538461538461539 0.31189903846153844 0.3323317307692308
2 0.33653846153846156 0.4675480769230769 0.4996995192307692 0.41165865384615385
1 0.8978365384615384 0.6490384615384616 0.05078125 0.19170673076923078
1 0.9014423076923077 0.22355769230769232 0.07211538461538461 0.234375
1 0.08173076923076923 0.5240384615384616 0.048677884615384616 0.14032451923076922
1 0.08173076923076923 0.21995192307692307 0.04807692307692308 0.13641826923076922
0 0.3581730769230769 0.3245192307692308 0.08082932692307693 0.11117788461538461
0 0.4387019230769231 0.28966346153846156 0.06099759615384615 0.08864182692307693
0 0.43028846153846156 0.6766826923076923 0.11959134615384616 0.23798076923076922
0 0.5228365384615384 0.6526442307692307 0.05588942307692308 0.09314903846153846
0 0.5600961538461539 0.6153846153846154 0.08233173076923077 0.1045673076923077
0 0.8665865384615384 0.3954326923076923 0.08924278846153846 0.10877403846153846