2 0.7776442307692307 0.0985576923076923 0.4206730769230769 0.1971153846153846
2 0.6658653846153846 0.5264423076923077 0.6111778846153846 0.6295072115384616
2 0.5889423076923077 0.7055288461538461 0.27493990384615385 0.2764423076923077
2 0.27283653846153844 0.7079326923076923 0.40174278846153844 0.29146634615384615
2 0.22115384615384615 0.3942307692307692 0.28725961538461536 0.35096153846153844
1 0.2283653846153846 0.19471153846153846 0.16376201923076922 0.054086538461538464
1 0.056490384615384616 0.46634615384615385 0.05438701923076923 0.0712139423076923
1 0.056490384615384616 0.7271634615384616 0.08022836538461539 0.15174278846153846
1 0.4579326923076923 0.19230769230769232 0.14573317307692307 0.057692307692307696
1 0.8100961538461539 0.19831730769230768 0.15955528846153846 0.06490384615384616
0 0.6346153846153846 0.1622596153846154 0.12109375 0.14182692307692307
0 0.7608173076923077 0.734375 0.11328125 0.10426682692307693
0 0.7872596153846154 0.8846153846153846 0.10336538461538461 0.1162860576923077
0 0.6129807692307693 0.7067307692307693 0.12469951923076923 0.11568509615384616
0 0.4206730769230769 0.6262019230769231 0.10997596153846154 0.10877403846153846
0 0.32572115384615385 0.47115384615384615 0.0946514423076923 0.09194711538461539