2 0.75 0.11899038461538461 0.4032451923076923 0.20973557692307693
2 0.6418269230769231 0.5516826923076923 0.6733774038461539 0.6890024038461539
2 0.5661057692307693 0.7259615384615384 0.2481971153846154 0.24969951923076922
2 0.25841346153846156 0.7283653846153846 0.38731971153846156 0.27493990384615385
2 0.20793269230769232 0.421875 0.3155048076923077 0.3680889423076923
1 0.21514423076923078 0.2283653846153846 0.16045673076923078 0.05318509615384615
1 0.04807692307692308 0.49278846153846156 0.05348557692307692 0.07151442307692307
1 0.04807692307692308 0.7475961538461539 0.07692307692307693 0.1484375
1 0.4387019230769231 0.22596153846153846 0.1424278846153846 0.0712139423076923
1 0.78125 0.23076923076923078 0.15474759615384615 0.07782451923076923
0 0.6105769230769231 0.19591346153846154 0.11147836538461539 0.13311298076923078
0 0.7331730769230769 0.7536057692307693 0.10126201923076923 0.0928485576923077
0 0.7596153846153846 0.9002403846153846 0.11448317307692307 0.12650240384615385
0 0.5901442307692307 0.7259615384615384 0.11778846153846154 0.10967548076923077
0 0.4026442307692308 0.6478365384615384 0.09375 0.09375
0 0.31009615384615385 0.49759615384615385 0.09585336538461539 0.09254807692307693