2 0.7644230769230769 0.12620192307692307 0.4326923076923077 0.25240384615384615
2 0.6526442307692307 0.5685096153846154 0.6325120192307693 0.6511418269230769
2 0.5745192307692307 0.7487980769230769 0.24969951923076922 0.25
2 0.2548076923076923 0.7512019230769231 0.39393028846153844 0.27163461538461536
2 0.203125 0.43509615384615385 0.3434495192307692 0.3903245192307692
1 0.2091346153846154 0.23317307692307693 0.16736778846153846 0.06370192307692307
1 0.036057692307692304 0.5072115384615384 0.04837740384615385 0.07151442307692307
1 0.037259615384615384 0.7704326923076923 0.07451923076923077 0.15144230769230768
1 0.4423076923076923 0.23076923076923078 0.1484375 0.06670673076923077
1 0.7980769230769231 0.23557692307692307 0.1622596153846154 0.06850961538461539
0 0.6201923076923077 0.19951923076923078 0.11538461538461539 0.13972355769230768
0 0.7487980769230769 0.7788461538461539 0.11298076923076923 0.10576923076923077
0 0.7752403846153846 0.9302884615384616 0.11207932692307693 0.12139423076923077
0 0.5985576923076923 0.75 0.11598557692307693 0.10516826923076923
0 0.40384615384615385 0.6694711538461539 0.11087740384615384 0.11268028846153846
0 0.3088942307692308 0.5120192307692307 0.10576923076923077 0.10186298076923077