2 0.18028846153846154 0.11658653846153846 0.3082932692307692 0.18990384615384615
2 0.4951923076923077 0.3329326923076923 0.37560096153846156 0.6027644230769231
2 0.8197115384615384 0.2283653846153846 0.34194711538461536 0.3987379807692308
2 0.6911057692307693 0.4423076923076923 0.05078125 0.06760817307692307
2 0.7415865384615384 0.4362980769230769 0.04657451923076923 0.059495192307692304
2 0.7884615384615384 0.4362980769230769 0.04837740384615385 0.0625
2 0.8365384615384616 0.4423076923076923 0.04417067307692308 0.06610576923076923
2 0.9122596153846154 0.43990384615384615 0.09885817307692307 0.05859375
2 0.8161057692307693 0.6358173076923077 0.3194110576923077 0.33022836538461536
1 0.9771634615384616 0.5913461538461539 0.04567307692307692 0.22115384615384615
1 0.6586538461538461 0.03485576923076923 0.44681490384615385 0.03545673076923077
2 0.06009615384615385 0.27163461538461536 0.04837740384615385 0.05318509615384615
2 0.057692307692307696 0.3233173076923077 0.04837740384615385 0.046274038461538464
2 0.057692307692307696 0.38341346153846156 0.057692307692307696 0.07001201923076923
2 0.18269230769230768 0.4338942307692308 0.36508413461538464 0.42788461538461536
2 0.12139423076923077 0.7115384615384616 0.19951923076923078 0.18239182692307693
2 0.4338942307692308 0.7115384615384616 0.4402043269230769 0.22175480769230768
2 0.49038461538461536 0.8930288461538461 0.34134615384615385 0.21394230769230768
0 0.28966346153846156 0.8052884615384616 0.11358173076923077 0.2166466346153846
0 0.2439903846153846 0.7175480769230769 0.07962740384615384 0.07542067307692307
0 0.29927884615384615 0.5817307692307693 0.08804086538461539 0.11087740384615384
0 0.43149038461538464 0.5829326923076923 0.0928485576923077 0.125
0 0.6225961538461539 0.6742788461538461 0.09705528846153846 0.10817307692307693
0 0.5661057692307693 0.7632211538461539 0.08984375 0.09945913461538461
0 0.6971153846153846 0.1658653846153846 0.11508413461538461 0.1015625
0 0.2980769230769231 0.15985576923076922 0.10186298076923077 0.09435096153846154
1 0.20432692307692307 0.22596153846153846 0.22115384615384615 0.03395432692307692