2 0.18990384615384615 0.14423076923076922 0.2893629807692308 0.171875
2 0.49399038461538464 0.35216346153846156 0.3194110576923077 0.5606971153846154
2 0.8064903846153846 0.25240384615384615 0.33383413461538464 0.38521634615384615
2 0.6826923076923077 0.4579326923076923 0.056490384615384616 0.0694110576923077
2 0.7319711538461539 0.4519230769230769 0.04326923076923077 0.05709134615384615
2 0.7752403846153846 0.4519230769230769 0.04807692307692308 0.061899038461538464
2 0.8221153846153846 0.4579326923076923 0.04326923076923077 0.0625
2 0.8954326923076923 0.45552884615384615 0.09615384615384616 0.05618990384615385
2 0.8028846153846154 0.6442307692307693 0.3019831730769231 0.3134014423076923
1 0.9663461538461539 0.6021634615384616 0.06280048076923077 0.21454326923076922
1 0.6514423076923077 0.06490384615384616 0.42818509615384615 0.05198317307692308
2 0.07451923076923077 0.29447115384615385 0.052884615384615384 0.05588942307692308
2 0.07211538461538461 0.3425480769230769 0.04927884615384615 0.046274038461538464
2 0.07211538461538461 0.4014423076923077 0.043569711538461536 0.0625
2 0.19230769230769232 0.4495192307692308 0.2980769230769231 0.3786057692307692
2 0.13341346153846154 0.7163461538461539 0.20012019230769232 0.18389423076923078
2 0.43509615384615385 0.7175480769230769 0.4092548076923077 0.16826923076923078
2 0.49038461538461536 0.8930288461538461 0.32241586538461536 0.17938701923076922
0 0.2956730769230769 0.8064903846153846 0.1349158653846154 0.21364182692307693
0 0.25240384615384615 0.7223557692307693 0.07782451923076923 0.07542067307692307
0 0.30528846153846156 0.5913461538461539 0.0859375 0.10997596153846154
0 0.4326923076923077 0.59375 0.07752403846153846 0.11177884615384616
0 0.6165865384615384 0.6814903846153846 0.09885817307692307 0.10727163461538461
0 0.5612980769230769 0.7668269230769231 0.08173076923076923 0.09194711538461539
0 0.6887019230769231 0.19230769230769232 0.11358173076923077 0.10186298076923077
0 0.30288461538461536 0.18629807692307693 0.10036057692307693 0.09375
1 0.21394230769230768 0.24879807692307693 0.21213942307692307 0.051382211538461536