2 0.18870192307692307 0.13221153846153846 0.3203125 0.23046875
2 0.5036057692307693 0.3473557692307692 0.39693509615384615 0.6036658653846154
2 0.8269230769230769 0.2439903846153846 0.30859375 0.3722956730769231
2 0.6983173076923077 0.45552884615384615 0.060396634615384616 0.07361778846153846
2 0.7487980769230769 0.45072115384615385 0.05438701923076923 0.06430288461538461
2 0.7944711538461539 0.45072115384615385 0.045973557692307696 0.060697115384615384
2 0.8425480769230769 0.45552884615384615 0.04657451923076923 0.06460336538461539
2 0.9182692307692307 0.453125 0.10546875 0.0694110576923077
2 0.8221153846153846 0.6478365384615384 0.3215144230769231 0.32962740384615385
1 0.9735576923076923 0.6033653846153846 0.052884615384615384 0.21153846153846154
1 0.6646634615384616 0.052884615384615384 0.43028846153846156 0.10576923076923077
2 0.06971153846153846 0.28725961538461536 0.04837740384615385 0.05498798076923077
2 0.0673076923076923 0.33774038461538464 0.047776442307692304 0.04567307692307692
2 0.0673076923076923 0.39783653846153844 0.047475961538461536 0.06460336538461539
2 0.19230769230769232 0.44711538461538464 0.3473557692307692 0.4182692307692308
2 0.1310096153846154 0.7235576923076923 0.19981971153846154 0.18329326923076922
2 0.4423076923076923 0.7235576923076923 0.43359375 0.20763221153846154
2 0.4987980769230769 0.9002403846153846 0.3389423076923077 0.19951923076923078
0 0.2980769230769231 0.8161057692307693 0.1141826923076923 0.21454326923076922
0 0.2536057692307692 0.7295673076923077 0.08383413461538461 0.07962740384615384
0 0.3076923076923077 0.59375 0.08533653846153846 0.11087740384615384
0 0.43990384615384615 0.5961538461538461 0.0967548076923077 0.12530048076923078
0 0.6298076923076923 0.6862980769230769 0.09705528846153846 0.10817307692307693
0 0.5733173076923077 0.7752403846153846 0.07992788461538461 0.09314903846153846
0 0.7043269230769231 0.1814903846153846 0.10967548076923077 0.09344951923076923
0 0.30649038461538464 0.17548076923076922 0.09344951923076923 0.08173076923076923
1 0.21394230769230768 0.2403846153846154 0.22025240384615385 0.04837740384615385