2 0.16706730769230768 0.28725961538461536 0.27674278846153844 0.4299879807692308
2 0.3942307692307692 0.21394230769230768 0.24909855769230768 0.2746394230769231
2 0.5396634615384616 0.42788461538461536 0.6394230769230769 0.7602163461538461
2 0.8786057692307693 0.43149038461538464 0.23888221153846154 0.67578125
2 0.16706730769230768 0.7199519230769231 0.26171875 0.46484375
1 0.04326923076923077 0.33653846153846156 0.05318509615384615 0.16286057692307693
1 0.042067307692307696 0.6959134615384616 0.05048076923076923 0.33353365384615385
0 0.8100961538461539 0.3737980769230769 0.1346153846153846 0.1201923076923077
1 0.8088942307692307 0.5793269230769231 0.035757211538461536 0.16796875
1 0.8100961538461539 0.21875 0.05318509615384615 0.20643028846153846
0 0.49158653846153844 0.4987980769230769 0.0546875 0.09375
0 0.4266826923076923 0.5132211538461539 0.0694110576923077 0.08924278846153846
0 0.4182692307692308 0.3701923076923077 0.0673076923076923 0.08743990384615384
0 0.4014423076923077 0.2824519230769231 0.06760817307692307 0.07421875
0 0.30408653846153844 0.3894230769230769 0.059194711538461536 0.07301682692307693
0 0.25721153846153844 0.5492788461538461 0.08052884615384616 0.10306490384615384
0 0.328125 0.7259615384615384 0.08924278846153846 0.14362980769230768