2 0.16706730769230768 0.28725961538461536 0.2917668269230769 0.43419471153846156
2 0.3942307692307692 0.21394230769230768 0.2503004807692308 0.2782451923076923
2 0.5396634615384616 0.42788461538461536 0.5606971153846154 0.7157451923076923
2 0.8786057692307693 0.43149038461538464 0.15174278846153846 0.6841947115384616
2 0.16706730769230768 0.7199519230769231 0.26171875 0.46484375
1 0.04326923076923077 0.33653846153846156 0.034555288461538464 0.16286057692307693
1 0.04447115384615385 0.6947115384615384 0.0889423076923077 0.32211538461538464
0 0.8100961538461539 0.3737980769230769 0.1310096153846154 0.11778846153846154
1 0.8088942307692307 0.5793269230769231 0.045973557692307696 0.16796875
1 0.8100961538461539 0.21875 0.042367788461538464 0.20643028846153846
0 0.49158653846153844 0.4987980769230769 0.06009615384615385 0.09615384615384616
0 0.4266826923076923 0.5132211538461539 0.06520432692307693 0.08864182692307693
0 0.4182692307692308 0.3701923076923077 0.06790865384615384 0.09044471153846154
0 0.4014423076923077 0.2824519230769231 0.0634014423076923 0.07061298076923077
0 0.30408653846153844 0.3894230769230769 0.06520432692307693 0.07782451923076923
0 0.25721153846153844 0.5492788461538461 0.0673076923076923 0.09765625
0 0.328125 0.7259615384615384 0.09344951923076923 0.14423076923076922