2 0.16346153846153846 0.28125 0.26021634615384615 0.4326923076923077
2 0.39663461538461536 0.20552884615384615 0.23978365384615385 0.26772836538461536
2 0.5456730769230769 0.4254807692307692 0.5958533653846154 0.7493990384615384
2 0.8894230769230769 0.42788461538461536 0.22115384615384615 0.6971153846153846
2 0.16346153846153846 0.7259615384615384 0.27403846153846156 0.48046875
1 0.036057692307692304 0.3317307692307692 0.0625 0.16376201923076922
1 0.03485576923076923 0.7007211538461539 0.026442307692307692 0.3434495192307692
0 0.8233173076923077 0.3701923076923077 0.1466346153846154 0.1349158653846154
1 0.8221153846153846 0.5817307692307693 0.02794471153846154 0.17277644230769232
1 0.8233173076923077 0.21033653846153846 0.05048076923076923 0.21153846153846154
0 0.4963942307692308 0.4987980769230769 0.06580528846153846 0.09915865384615384
0 0.42908653846153844 0.5132211538461539 0.07692307692307693 0.09765625
0 0.4206730769230769 0.36538461538461536 0.057992788461538464 0.0868389423076923
0 0.40384615384615385 0.2764423076923077 0.06700721153846154 0.07271634615384616
0 0.30408653846153844 0.3858173076923077 0.060697115384615384 0.07842548076923077
0 0.25600961538461536 0.5504807692307693 0.08323317307692307 0.10546875
0 0.328125 0.7307692307692307 0.07211538461538461 0.14032451923076922