2 0.5600961538461539 0.7956730769230769 0.034555288461538464 0.09585336538461539
2 0.515625 0.8173076923076923 0.059194711538461536 0.056790865384615384
2 0.5180288461538461 0.7680288461538461 0.05078125 0.03365384615384615
2 0.5661057692307693 0.6730769230769231 0.025540865384615384 0.023137019230769232
2 0.5661057692307693 0.7043269230769231 0.030348557692307692 0.033353365384615384
2 0.5913461538461539 0.7007211538461539 0.02794471153846154 0.051382211538461536
2 0.5420673076923077 0.7055288461538461 0.07842548076923077 0.08954326923076923
2 0.4735576923076923 0.6838942307692307 0.06760817307692307 0.052884615384615384
2 0.484375 0.7259615384615384 0.04537259615384615 0.03395432692307692
2 0.4519230769230769 0.7307692307692307 0.02794471153846154 0.034555288461538464
2 0.41947115384615385 0.7019230769230769 0.05438701923076923 0.08082932692307693
2 0.5216346153846154 0.5889423076923077 0.1346153846153846 0.1580528846153846
2 0.4206730769230769 0.5456730769230769 0.0811298076923077 0.07181490384615384
2 0.4206730769230769 0.6189903846153846 0.07301682692307693 0.07692307692307693
2 0.4411057692307692 0.7992788461538461 0.10727163461538461 0.11057692307692307
2 0.34134615384615385 0.8040865384615384 0.10697115384615384 0.08022836538461539
2 0.3786057692307692 0.7271634615384616 0.041165865384615384 0.06490384615384616
2 0.3233173076923077 0.7283653846153846 0.07391826923076923 0.0712139423076923
2 0.33413461538461536 0.5985576923076923 0.109375 0.1932091346153846
1 0.2860576923076923 0.5805288461538461 0.009014423076923076 0.026141826923076924
1 0.4338942307692308 0.5108173076923077 0.02403846153846154 0.017427884615384616
1 0.5168269230769231 0.5096153846153846 0.04807692307692308 0.01953125
1 0.5793269230769231 0.5769230769230769 0.014423076923076924 0.038461538461538464
1 0.3449519230769231 0.8509615384615384 0.025540865384615384 0.019831730769230768
0 0.33413461538461536 0.484375 0.07632211538461539 0.060396634615384616
0 0.4230769230769231 0.5949519230769231 0.02013221153846154 0.03635817307692308
0 0.47596153846153844 0.6430288461538461 0.024939903846153848 0.038461538461538464
0 0.5637019230769231 0.6490384615384616 0.026442307692307692 0.033052884615384616
0 0.5324519230769231 0.6754807692307693 0.02403846153846154 0.028545673076923076
0 0.5204326923076923 0.7319711538461539 0.030348557692307692 0.036959134615384616
0 0.5432692307692307 0.7067307692307693 0.033353365384615384 0.030048076923076924
0 0.5901442307692307 0.7103365384615384 0.032151442307692304 0.04326923076923077
0 0.546875 0.7391826923076923 0.017728365384615384 0.022235576923076924
0 0.5360576923076923 0.7692307692307693 0.029747596153846152 0.029747596153846152
0 0.4807692307692308 0.7716346153846154 0.029447115384615384 0.03275240384615385
0 0.4807692307692308 0.8064903846153846 0.024639423076923076 0.027043269230769232
0 0.4266826923076923 0.7620192307692307 0.026141826923076924 0.034254807692307696
0 0.40865384615384615 0.7848557692307693 0.04326923076923077 0.04026442307692308
0 0.3701923076923077 0.78125 0.029747596153846152 0.038161057692307696
2 0.65625 0.23557692307692307 0.30288461538461536 0.34134615384615385
2 0.5853365384615384 0.23677884615384615 0.16045673076923078 0.19230769230769232
2 0.5637019230769231 0.35697115384615385 0.1123798076923077 0.08323317307692307
0 0.5769230769230769 0.2824519230769231 0.03395432692307692 0.04567307692307692
0 0.6322115384615384 0.20432692307692307 0.024939903846153848 0.034555288461538464
0 0.6334134615384616 0.2692307692307692 0.027043269230769232 0.03756009615384615
0 0.6394230769230769 0.30288461538461536 0.028545673076923076 0.024939903846153848
0 0.6262019230769231 0.359375 0.030348557692307692 0.030348557692307692
1 0.7980769230769231 0.23197115384615385 0.018028846153846152 0.055288461538461536
1 0.5108173076923077 0.24158653846153846 0.02403846153846154 0.050180288461538464
2 0.41466346153846156 0.15144230769230768 0.125 0.15955528846153846
2 0.2824519230769231 0.14783653846153846 0.18088942307692307 0.1778846153846154
2 0.25240384615384615 0.32091346153846156 0.10667067307692307 0.15114182692307693
2 0.3449519230769231 0.3088942307692308 0.09795673076923077 0.16826923076923078
2 0.4338942307692308 0.31971153846153844 0.09314903846153846 0.1544471153846154
2 0.41586538461538464 0.23677884615384615 0.03786057692307692 0.0703125
0 0.36899038461538464 0.20072115384615385 0.02674278846153846 0.026442307692307692
0 0.3786057692307692 0.23918269230769232 0.022536057692307692 0.032151442307692304
0 0.3870192307692308 0.2548076923076923 0.028846153846153848 0.03756009615384615
0 0.4074519230769231 0.2860576923076923 0.02403846153846154 0.03275240384615385
0 0.38100961538461536 0.32211538461538464 0.026442307692307692 0.03275240384615385
0 0.34615384615384615 0.29447115384615385 0.02403846153846154 0.032151442307692304
0 0.33052884615384615 0.24278846153846154 0.026442307692307692 0.03485576923076923
0 0.3076923076923077 0.28365384615384615 0.02013221153846154 0.02013221153846154
0 0.3112980769230769 0.29086538461538464 0.021634615384615384 0.028245192307692308
0 0.37259615384615385 0.38100961538461536 0.024338942307692308 0.03125
0 0.375 0.41586538461538464 0.033353365384615384 0.04326923076923077
0 0.25961538461538464 0.26802884615384615 0.024639423076923076 0.036057692307692304
0 0.2283653846153846 0.27163461538461536 0.029747596153846152 0.034254807692307696
0 0.32091346153846156 0.06610576923076923 0.03155048076923077 0.07992788461538461
1 0.19951923076923078 0.11057692307692307 0.019230769230769232 0.05198317307692308
1 0.23798076923076922 0.06490384615384616 0.07181490384615384 0.018629807692307692
1 0.41947115384615385 0.06610576923076923 0.04326923076923077 0.016526442307692308
1 0.4387019230769231 0.3954326923076923 0.041165865384615384 0.016826923076923076
1 0.2512019230769231 0.39783653846153844 0.04567307692307692 0.021935096153846152