2 0.5588942307692307 0.7944711538461539 0.05048076923076923 0.0985576923076923
2 0.5144230769230769 0.8161057692307693 0.052584134615384616 0.050180288461538464
2 0.5168269230769231 0.765625 0.056790865384615384 0.040865384615384616
2 0.5649038461538461 0.671875 0.024939903846153848 0.022536057692307692
2 0.5649038461538461 0.7019230769230769 0.028245192307692308 0.03275240384615385
2 0.5901442307692307 0.6983173076923077 0.026141826923076924 0.051382211538461536
2 0.5396634615384616 0.703125 0.07361778846153846 0.08473557692307693
2 0.47115384615384615 0.6814903846153846 0.06640625 0.049879807692307696
2 0.48197115384615385 0.7247596153846154 0.045973557692307696 0.03635817307692308
2 0.4495192307692308 0.7295673076923077 0.029447115384615384 0.036959134615384616
2 0.4170673076923077 0.7007211538461539 0.060396634615384616 0.08383413461538461
2 0.5192307692307693 0.5865384615384616 0.12049278846153846 0.14873798076923078
2 0.4182692307692308 0.5432692307692307 0.08233173076923077 0.07572115384615384
2 0.4182692307692308 0.6165865384615384 0.08203125 0.08413461538461539
2 0.43990384615384615 0.7980769230769231 0.10606971153846154 0.11147836538461539
2 0.3389423076923077 0.8028846153846154 0.10997596153846154 0.0772235576923077
2 0.3762019230769231 0.7259615384615384 0.046274038461538464 0.06670673076923077
2 0.32091346153846156 0.7259615384615384 0.06520432692307693 0.06219951923076923
2 0.33052884615384615 0.5961538461538461 0.1268028846153846 0.1971153846153846
1 0.2824519230769231 0.578125 0.009615384615384616 0.026141826923076924
1 0.43149038461538464 0.5072115384615384 0.025841346153846152 0.019230769230769232
1 0.5144230769230769 0.5072115384615384 0.04807692307692308 0.01532451923076923
1 0.578125 0.5745192307692307 0.01141826923076923 0.04266826923076923
1 0.3425480769230769 0.8497596153846154 0.021935096153846152 0.016826923076923076
0 0.3317307692307692 0.48197115384615385 0.06790865384615384 0.05498798076923077
0 0.4206730769230769 0.5925480769230769 0.023137019230769232 0.03635817307692308
0 0.4735576923076923 0.640625 0.024639423076923076 0.038461538461538464
0 0.5625 0.6466346153846154 0.028846153846153848 0.034254807692307696
0 0.53125 0.6730769230769231 0.025240384615384616 0.029146634615384616
0 0.5180288461538461 0.7295673076923077 0.031850961538461536 0.039963942307692304
0 0.5420673076923077 0.7055288461538461 0.03515625 0.03125
0 0.5889423076923077 0.7091346153846154 0.028846153846153848 0.04266826923076923
0 0.5456730769230769 0.7379807692307693 0.023137019230769232 0.024639423076923076
0 0.5336538461538461 0.7680288461538461 0.029447115384615384 0.02734375
0 0.4795673076923077 0.7704326923076923 0.028846153846153848 0.032151442307692304
0 0.4795673076923077 0.8052884615384616 0.026442307692307692 0.028245192307692308
0 0.42427884615384615 0.7596153846153846 0.03155048076923077 0.0390625
0 0.40625 0.7836538461538461 0.042067307692307696 0.03786057692307692
0 0.36778846153846156 0.7788461538461539 0.03395432692307692 0.03936298076923077
2 0.65625 0.23076923076923078 0.2785456730769231 0.32181490384615385
2 0.5841346153846154 0.23197115384615385 0.15294471153846154 0.1875
2 0.5625 0.35336538461538464 0.10606971153846154 0.06700721153846154
0 0.5757211538461539 0.2776442307692308 0.03515625 0.04567307692307692
0 0.6310096153846154 0.19951923076923078 0.025540865384615384 0.034555288461538464
0 0.6322115384615384 0.265625 0.024639423076923076 0.035757211538461536
0 0.6382211538461539 0.2980769230769231 0.02674278846153846 0.024338942307692308
0 0.625 0.3557692307692308 0.028545673076923076 0.028545673076923076
1 0.796875 0.2283653846153846 0.012620192307692308 0.05348557692307692
1 0.5096153846153846 0.23677884615384615 0.018629807692307692 0.050180288461538464
2 0.41225961538461536 0.1466346153846154 0.11268028846153846 0.15324519230769232
2 0.27884615384615385 0.14302884615384615 0.1817908653846154 0.17938701923076922
2 0.24879807692307693 0.3173076923076923 0.09945913461538461 0.14483173076923078
2 0.3425480769230769 0.30528846153846156 0.1219951923076923 0.17878605769230768
2 0.43149038461538464 0.3161057692307692 0.09134615384615384 0.15234375
2 0.41346153846153844 0.23197115384615385 0.0390625 0.07211538461538461
0 0.36658653846153844 0.1971153846153846 0.030949519230769232 0.030048076923076924
0 0.3762019230769231 0.23557692307692307 0.021634615384615384 0.033353365384615384
0 0.38341346153846156 0.25 0.028846153846153848 0.03756009615384615
0 0.4050480769230769 0.2824519230769231 0.025841346153846152 0.032151442307692304
0 0.3786057692307692 0.31850961538461536 0.022235576923076924 0.03155048076923077
0 0.34375 0.28966346153846156 0.028245192307692308 0.03515625
0 0.3269230769230769 0.23798076923076922 0.024639423076923076 0.034254807692307696
0 0.30528846153846156 0.2800480769230769 0.01953125 0.020733173076923076
0 0.3076923076923077 0.2860576923076923 0.0234375 0.028245192307692308
0 0.3701923076923077 0.37740384615384615 0.0234375 0.029447115384615384
0 0.37259615384615385 0.41225961538461536 0.03936298076923077 0.04807692307692308
0 0.25600961538461536 0.2644230769230769 0.025841346153846152 0.038461538461538464
0 0.2247596153846154 0.2668269230769231 0.028846153846153848 0.033052884615384616
0 0.31850961538461536 0.06129807692307692 0.038461538461538464 0.07932692307692307
1 0.19591346153846154 0.10576923076923077 0.017427884615384616 0.05198317307692308
1 0.234375 0.06009615384615385 0.07001201923076923 0.024639423076923076
1 0.4170673076923077 0.06129807692307692 0.04326923076923077 0.016526442307692308
1 0.4362980769230769 0.39302884615384615 0.04176682692307692 0.021033653846153848
1 0.24759615384615385 0.3942307692307692 0.04447115384615385 0.028545673076923076