2 0.5637019230769231 0.8040865384615384 0.05048076923076923 0.09945913461538461
2 0.5180288461538461 0.8257211538461539 0.055588942307692304 0.055288461538461536
2 0.5204326923076923 0.7752403846153846 0.05588942307692308 0.04146634615384615
2 0.5685096153846154 0.6802884615384616 0.026442307692307692 0.023737980769230768
2 0.5685096153846154 0.7103365384615384 0.027043269230769232 0.03155048076923077
2 0.5949519230769231 0.7079326923076923 0.030949519230769232 0.051382211538461536
2 0.5444711538461539 0.7115384615384616 0.07211538461538461 0.08623798076923077
2 0.47475961538461536 0.6911057692307693 0.0703125 0.055588942307692304
2 0.4855769230769231 0.7331730769230769 0.047776442307692304 0.03876201923076923
2 0.453125 0.7379807692307693 0.03064903846153846 0.03756009615384615
2 0.4206730769230769 0.7091346153846154 0.06370192307692307 0.08653846153846154
2 0.5240384615384616 0.59375 0.1388221153846154 0.16286057692307693
2 0.421875 0.5504807692307693 0.08323317307692307 0.07271634615384616
2 0.421875 0.6237980769230769 0.07451923076923077 0.07842548076923077
2 0.4423076923076923 0.8076923076923077 0.11117788461538461 0.11568509615384616
2 0.34134615384615385 0.8125 0.11508413461538461 0.0859375
2 0.3786057692307692 0.734375 0.045072115384615384 0.06881009615384616
2 0.32211538461538464 0.7355769230769231 0.06820913461538461 0.06670673076923077
2 0.3329326923076923 0.6045673076923077 0.12349759615384616 0.19951923076923078
1 0.28365384615384615 0.5853365384615384 0.010216346153846154 0.026442307692307692
1 0.43509615384615385 0.5144230769230769 0.024639423076923076 0.019831730769230768
1 0.5180288461538461 0.5132211538461539 0.04807692307692308 0.016526442307692308
1 0.5829326923076923 0.5829326923076923 0.014423076923076924 0.04056490384615385
1 0.3449519230769231 0.8605769230769231 0.02403846153846154 0.019230769230769232
0 0.3329326923076923 0.4879807692307692 0.07542067307692307 0.06310096153846154
0 0.4230769230769231 0.6009615384615384 0.01953125 0.03395432692307692
0 0.47716346153846156 0.6490384615384616 0.028846153846153848 0.03936298076923077
0 0.5673076923076923 0.6550480769230769 0.02403846153846154 0.03155048076923077
0 0.5348557692307693 0.6814903846153846 0.025841346153846152 0.028846153846153848
0 0.5228365384615384 0.7391826923076923 0.031850961538461536 0.040865384615384616
0 0.546875 0.7139423076923077 0.032151442307692304 0.028245192307692308
0 0.59375 0.7175480769230769 0.033052884615384616 0.044771634615384616
0 0.5504807692307693 0.7463942307692307 0.02013221153846154 0.02403846153846154
0 0.5384615384615384 0.7776442307692307 0.030048076923076924 0.030949519230769232
0 0.4831730769230769 0.7800480769230769 0.028545673076923076 0.030949519230769232
0 0.4831730769230769 0.8149038461538461 0.024639423076923076 0.028545673076923076
0 0.42788461538461536 0.7692307692307693 0.028545673076923076 0.03936298076923077
0 0.4098557692307692 0.7932692307692307 0.04537259615384615 0.0390625
0 0.3701923076923077 0.7884615384615384 0.033353365384615384 0.039663461538461536
2 0.6610576923076923 0.234375 0.2842548076923077 0.3269230769230769
2 0.5889423076923077 0.23677884615384615 0.1544471153846154 0.18990384615384615
2 0.5673076923076923 0.3581730769230769 0.11117788461538461 0.07692307692307693
0 0.5805288461538461 0.2824519230769231 0.035757211538461536 0.046274038461538464
0 0.6358173076923077 0.203125 0.022536057692307692 0.032151442307692304
0 0.6382211538461539 0.2692307692307692 0.027043269230769232 0.03756009615384615
0 0.6430288461538461 0.30288461538461536 0.03064903846153846 0.024939903846153848
0 0.6298076923076923 0.36177884615384615 0.028545673076923076 0.03064903846153846
1 0.8040865384615384 0.23197115384615385 0.012620192307692308 0.055288461538461536
1 0.5132211538461539 0.24158653846153846 0.019230769230769232 0.05048076923076923
2 0.41586538461538464 0.1502403846153846 0.13521634615384615 0.16676682692307693
2 0.28125 0.14543269230769232 0.18629807692307693 0.18088942307692307
2 0.25 0.32211538461538464 0.11538461538461539 0.15775240384615385
2 0.3449519230769231 0.31009615384615385 0.11328125 0.17728365384615385
2 0.4338942307692308 0.32091346153846156 0.08924278846153846 0.15564903846153846
2 0.4170673076923077 0.23677884615384615 0.04146634615384615 0.07361778846153846
0 0.36899038461538464 0.20072115384615385 0.02734375 0.02734375
0 0.3786057692307692 0.23918269230769232 0.021634615384615384 0.03155048076923077
0 0.3870192307692308 0.2548076923076923 0.025240384615384616 0.034555288461538464
0 0.40865384615384615 0.28725961538461536 0.02794471153846154 0.032151442307692304
0 0.38100961538461536 0.3233173076923077 0.025841346153846152 0.03155048076923077
0 0.3449519230769231 0.29447115384615385 0.025841346153846152 0.032151442307692304
0 0.3293269230769231 0.24278846153846154 0.02403846153846154 0.034555288461538464
0 0.30649038461538464 0.2848557692307692 0.017728365384615384 0.017728365384615384
0 0.31009615384615385 0.29086538461538464 0.019230769230769232 0.028545673076923076
0 0.37259615384615385 0.38221153846153844 0.028245192307692308 0.033052884615384616
0 0.375 0.4182692307692308 0.03876201923076923 0.04807692307692308
0 0.25721153846153844 0.2692307692307692 0.028846153846153848 0.03936298076923077
0 0.22596153846153846 0.27163461538461536 0.028846153846153848 0.033052884615384616
0 0.32091346153846156 0.06370192307692307 0.028846153846153848 0.08022836538461539
1 0.19591346153846154 0.10817307692307693 0.017427884615384616 0.05198317307692308
1 0.23557692307692307 0.06129807692307692 0.07211538461538461 0.017427884615384616
1 0.41947115384615385 0.06370192307692307 0.04537259615384615 0.01171875
1 0.43990384615384615 0.39783653846153844 0.043569711538461536 0.021634615384615384
1 0.24879807692307693 0.40024038461538464 0.046274038461538464 0.02674278846153846