2 0.3629807692307692 0.11778846153846154 0.15955528846153846 0.21634615384615385
2 0.15625 0.17067307692307693 0.27403846153846156 0.32752403846153844
2 0.5793269230769231 0.40625 0.6096754807692307 0.8118990384615384
2 0.7944711538461539 0.4987980769230769 0.35306490384615385 0.2932692307692308
2 0.9350961538461539 0.1622596153846154 0.125 0.3245192307692308
2 0.5300480769230769 0.5144230769230769 0.1658653846153846 0.3034855769230769
2 0.15625 0.6850961538461539 0.2734375 0.23677884615384615
1 0.018028846153846152 0.06610576923076923 0.036057692307692304 0.07932692307692307
1 0.026442307692307692 0.2127403846153846 0.052884615384615384 0.19951923076923078
1 0.018028846153846152 0.4026442307692308 0.02734375 0.08473557692307693
1 0.018028846153846152 0.4987980769230769 0.03365384615384615 0.08353365384615384
1 0.018028846153846152 0.6382211538461539 0.036057692307692304 0.07932692307692307
1 0.019230769230769232 0.7319711538461539 0.038461538461538464 0.08413461538461539
0 0.6875 0.31009615384615385 0.09194711538461539 0.11989182692307693
0 0.9086538461538461 0.27163461538461536 0.09555288461538461 0.08623798076923077
1 0.8774038461538461 0.11658653846153846 0.0673076923076923 0.22415865384615385
1 0.9735576923076923 0.45913461538461536 0.034555288461538464 0.1875
1 0.9735576923076923 0.5925480769230769 0.043569711538461536 0.07692307692307693
0 0.6442307692307693 0.46033653846153844 0.10096153846153846 0.08834134615384616
0 0.38100961538461536 0.26802884615384615 0.05498798076923077 0.08804086538461539
0 0.265625 0.28125 0.07451923076923077 0.07271634615384616
0 0.31850961538461536 0.4483173076923077 0.08353365384615384 0.0850360576923077
0 0.2644230769230769 0.6899038461538461 0.0712139423076923 0.07301682692307693
0 0.34615384615384615 0.8112980769230769 0.08563701923076923 0.17097355769230768