2 0.32211538461538464 0.12980769230769232 0.17307692307692307 0.22175480769230768
2 0.1346153846153846 0.17908653846153846 0.2692307692307692 0.34375
2 0.5336538461538461 0.41466346153846156 0.6586538461538461 0.8293269230769231
2 0.7463942307692307 0.5036057692307693 0.3623798076923077 0.3076923076923077
2 0.8858173076923077 0.16826923076923078 0.12259615384615384 0.33143028846153844
2 0.48677884615384615 0.5192307692307693 0.17548076923076922 0.3034855769230769
2 0.12980769230769232 0.6850961538461539 0.25961538461538464 0.25
0 0.6418269230769231 0.31850961538461536 0.09044471153846154 0.1171875
0 0.8581730769230769 0.28125 0.09525240384615384 0.08653846153846154
1 0.828125 0.12740384615384615 0.03545673076923077 0.22145432692307693
1 0.9230769230769231 0.4639423076923077 0.038161057692307696 0.18299278846153846
1 0.9230769230769231 0.5949519230769231 0.033353365384615384 0.07421875
0 0.5985576923076923 0.4651442307692308 0.09615384615384616 0.08323317307692307
0 0.3401442307692308 0.2764423076923077 0.05438701923076923 0.0859375
0 0.22716346153846154 0.28966346153846156 0.07962740384615384 0.0790264423076923
0 0.2776442307692308 0.4543269230769231 0.07962740384615384 0.08233173076923077
0 0.22596153846153846 0.6911057692307693 0.0625 0.06490384615384616
0 0.30649038461538464 0.8100961538461539 0.06911057692307693 0.16736778846153846