2 0.34134615384615385 0.15745192307692307 0.15925480769230768 0.20943509615384615
2 0.14182692307692307 0.20793269230769232 0.24459134615384615 0.3004807692307692
2 0.5492788461538461 0.43509615384615385 0.5691105769230769 0.7647235576923077
2 0.7560096153846154 0.5240384615384616 0.3680889423076923 0.32271634615384615
2 0.8930288461538461 0.19591346153846154 0.10907451923076923 0.32421875
2 0.5024038461538461 0.5384615384615384 0.16316105769230768 0.29356971153846156
2 0.14182692307692307 0.703125 0.27884615384615385 0.24849759615384615
1 0.013221153846153846 0.10697115384615384 0.026442307692307692 0.07451923076923077
1 0.020432692307692308 0.24759615384615385 0.040865384615384616 0.19230769230769232
1 0.01201923076923077 0.43028846153846156 0.02403846153846154 0.08173076923076923
1 0.013221153846153846 0.5228365384615384 0.026442307692307692 0.07932692307692307
1 0.01201923076923077 0.6574519230769231 0.02403846153846154 0.07451923076923077
1 0.010817307692307692 0.7475961538461539 0.021634615384615384 0.07692307692307693
0 0.6538461538461539 0.34134615384615385 0.08623798076923077 0.11478365384615384
0 0.8665865384615384 0.30528846153846156 0.09945913461538461 0.09254807692307693
1 0.8365384615384616 0.15504807692307693 0.048978365384615384 0.21844951923076922
1 0.9290865384615384 0.484375 0.041165865384615384 0.18088942307692307
1 0.9290865384615384 0.6129807692307693 0.03665865384615385 0.07271634615384616
0 0.6117788461538461 0.4855769230769231 0.08924278846153846 0.07241586538461539
0 0.3581730769230769 0.3016826923076923 0.05709134615384615 0.08413461538461539
0 0.24759615384615385 0.31490384615384615 0.07602163461538461 0.0733173076923077
0 0.2980769230769231 0.47596153846153844 0.0772235576923077 0.08143028846153846
0 0.24639423076923078 0.7079326923076923 0.060396634615384616 0.06460336538461539
0 0.32572115384615385 0.8245192307692307 0.06520432692307693 0.16286057692307693