2 0.7067307692307693 0.4098557692307692 0.51953125 0.6265024038461539
2 0.5252403846153846 0.17908653846153846 0.1427283653846154 0.17157451923076922
2 0.5024038461538461 0.43028846153846156 0.11478365384615384 0.12530048076923078
2 0.48197115384615385 0.49759615384615385 0.06460336538461539 0.08082932692307693
2 0.59375 0.7872596153846154 0.09194711538461539 0.11868990384615384
2 0.27403846153846156 0.3161057692307692 0.4417067307692308 0.48828125
1 0.08173076923076923 0.3233173076923077 0.028245192307692308 0.17067307692307693
1 0.9567307692307693 0.2824519230769231 0.043870192307692304 0.1697716346153846
0 0.5252403846153846 0.2980769230769231 0.06430288461538461 0.09615384615384616
0 0.5 0.35096153846153844 0.07181490384615384 0.09194711538461539
0 0.4206730769230769 0.3245192307692308 0.09224759615384616 0.1102764423076923
0 0.5913461538461539 0.9014423076923077 0.07211538461538461 0.12950721153846154
0 0.5901442307692307 0.6802884615384616 0.08834134615384616 0.12860576923076922