2 0.6995192307692307 0.41346153846153844 0.51953125 0.62109375
2 0.5204326923076923 0.18389423076923078 0.13701923076923078 0.16646634615384615
2 0.4963942307692308 0.4326923076923077 0.10426682692307693 0.11959134615384616
2 0.47716346153846156 0.4987980769230769 0.0655048076923077 0.08022836538461539
2 0.5877403846153846 0.7860576923076923 0.10306490384615384 0.12920673076923078
2 0.2704326923076923 0.32091346153846156 0.41556490384615385 0.4690504807692308
1 0.08173076923076923 0.3269230769230769 0.024639423076923076 0.16826923076923078
1 0.9471153846153846 0.28725961538461536 0.047475961538461536 0.16496394230769232
0 0.5192307692307693 0.30288461538461536 0.07271634615384616 0.10126201923076923
0 0.49399038461538464 0.3545673076923077 0.06911057692307693 0.08924278846153846
0 0.4170673076923077 0.328125 0.08383413461538461 0.10276442307692307
0 0.5853365384615384 0.8990384615384616 0.08804086538461539 0.13401442307692307
0 0.5841346153846154 0.6802884615384616 0.08623798076923077 0.12530048076923078