2 0.7175480769230769 0.4014423076923077 0.5270432692307693 0.6352163461538461
2 0.5360576923076923 0.16947115384615385 0.14963942307692307 0.1778846153846154
2 0.5120192307692307 0.421875 0.10486778846153846 0.1180889423076923
2 0.49158653846153844 0.4891826923076923 0.07001201923076923 0.08413461538461539
2 0.6045673076923077 0.78125 0.11057692307692307 0.13401442307692307
2 0.2824519230769231 0.3076923076923077 0.43028846153846156 0.4816706730769231
1 0.0889423076923077 0.31490384615384615 0.04447115384615385 0.16856971153846154
1 0.9699519230769231 0.27403846153846156 0.04326923076923077 0.171875
0 0.5348557692307693 0.28966346153846156 0.08022836538461539 0.10396634615384616
0 0.5096153846153846 0.3425480769230769 0.06820913461538461 0.09134615384615384
0 0.43028846153846156 0.3161057692307692 0.09555288461538461 0.1123798076923077
0 0.6009615384615384 0.8966346153846154 0.07752403846153846 0.1310096153846154
0 0.6009615384615384 0.6730769230769231 0.09495192307692307 0.12980769230769232