2 0.71875 0.8509615384615384 0.4371995192307692 0.2971754807692308
2 0.4110576923076923 0.8774038461538461 0.18719951923076922 0.21544471153846154
2 0.2692307692307692 0.07932692307692307 0.44711538461538464 0.15865384615384615
2 0.7115384615384616 0.15384615384615385 0.43299278846153844 0.2608173076923077
2 0.48677884615384615 0.4254807692307692 0.8975360576923077 0.6340144230769231
2 0.10817307692307693 0.5973557692307693 0.12049278846153846 0.14152644230769232
1 0.1935096153846154 0.13341346153846154 0.25180288461538464 0.03155048076923077
0 0.4206730769230769 0.7560096153846154 0.08563701923076923 0.08653846153846154
0 0.203125 0.6045673076923077 0.09134615384615384 0.060396634615384616
0 0.2704326923076923 0.6382211538461539 0.1123798076923077 0.09314903846153846
0 0.5384615384615384 0.21995192307692307 0.09044471153846154 0.08383413461538461
0 0.4338942307692308 0.09254807692307693 0.12319711538461539 0.12650240384615385
1 0.9242788461538461 0.39663461538461536 0.021033653846153848 0.09164663461538461
1 0.9278846153846154 0.6165865384615384 0.03786057692307692 0.0946514423076923