2 0.7331730769230769 0.8509615384615384 0.4567307692307692 0.2980769230769231
2 0.4182692307692308 0.8930288461538461 0.19230769230769232 0.21394230769230768
2 0.27524038461538464 0.06971153846153846 0.45853365384615385 0.10967548076923077
2 0.7259615384615384 0.15625 0.46634615384615385 0.3125
2 0.4963942307692308 0.43149038461538464 0.9552283653846154 0.7142427884615384
2 0.109375 0.6081730769230769 0.13131009615384615 0.14963942307692307
1 0.19591346153846154 0.13221153846153846 0.2569110576923077 0.03245192307692308
0 0.43028846153846156 0.7716346153846154 0.09104567307692307 0.09224759615384616
0 0.20552884615384615 0.6165865384615384 0.09344951923076923 0.06430288461538461
0 0.27524038461538464 0.6502403846153846 0.1201923076923077 0.10396634615384616
0 0.5492788461538461 0.22115384615384615 0.08653846153846154 0.08143028846153846
0 0.4423076923076923 0.09014423076923077 0.11598557692307693 0.1201923076923077
1 0.9447115384615384 0.4026442307692308 0.025240384615384616 0.09405048076923077
1 0.9495192307692307 0.6274038461538461 0.03395432692307692 0.09705528846153846