2 0.7331730769230769 0.8401442307692307 0.4567307692307692 0.31971153846153844
2 0.41947115384615385 0.8786057692307693 0.17307692307692307 0.20402644230769232
2 0.27403846153846156 0.07211538461538461 0.4567307692307692 0.14423076923076922
2 0.7259615384615384 0.14783653846153846 0.46153846153846156 0.2956730769230769
2 0.4963942307692308 0.41466346153846156 0.8963341346153846 0.6078725961538461
2 0.109375 0.5913461538461539 0.11868990384615384 0.14302884615384615
1 0.19591346153846154 0.1141826923076923 0.25330528846153844 0.046274038461538464
0 0.43028846153846156 0.7548076923076923 0.08263221153846154 0.0868389423076923
0 0.20552884615384615 0.5985576923076923 0.0946514423076923 0.06790865384615384
0 0.27524038461538464 0.6322115384615384 0.11838942307692307 0.1015625
0 0.5492788461538461 0.20432692307692307 0.08473557692307693 0.08082932692307693
0 0.4423076923076923 0.07211538461538461 0.1201923076923077 0.12379807692307693
1 0.9447115384615384 0.3858173076923077 0.03485576923076923 0.09405048076923077
1 0.9495192307692307 0.6105769230769231 0.04296875 0.09645432692307693