1 0.1814903846153846 0.07211538461538461 0.13191105769230768 0.03876201923076923
1 0.6430288461538461 0.07451923076923077 0.14423076923076922 0.047475961538461536
1 0.8846153846153846 0.07211538461538461 0.10516826923076923 0.028245192307692308
1 0.8401442307692307 0.8846153846153846 0.14152644230769232 0.053786057692307696
1 0.609375 0.8858173076923077 0.14152644230769232 0.04176682692307692
1 0.390625 0.8846153846153846 0.13311298076923078 0.04807692307692308
1 0.12980769230769232 0.8858173076923077 0.13401442307692307 0.03155048076923077
2 0.7451923076923077 0.3389423076923077 0.48106971153846156 0.56640625
2 0.8317307692307693 0.7451923076923077 0.27013221153846156 0.2878605769230769
2 0.6165865384615384 0.7415865384615384 0.16496394230769232 0.26772836538461536
2 0.39663461538461536 0.7427884615384616 0.19290865384615385 0.28455528846153844
2 0.13341346153846154 0.7439903846153846 0.17938701923076922 0.2665264423076923
2 0.26802884615384615 0.8341346153846154 0.07542067307692307 0.0829326923076923
2 0.18509615384615385 0.43149038461538464 0.3701923076923077 0.7139423076923077
2 0.390625 0.546875 0.1796875 0.13221153846153846
2 0.39663461538461536 0.43990384615384615 0.16856971153846154 0.1201923076923077
2 0.39302884615384615 0.31971153846153844 0.17578125 0.14032451923076922
2 0.39783653846153844 0.16466346153846154 0.17067307692307693 0.18509615384615385
0 0.28125 0.2091346153846154 0.07602163461538461 0.07602163461538461
0 0.3858173076923077 0.23677884615384615 0.07542067307692307 0.07962740384615384
0 0.28846153846153844 0.45552884615384615 0.06820913461538461 0.06430288461538461
0 0.3918269230769231 0.6346153846153846 0.061598557692307696 0.06640625
0 0.33533653846153844 0.6598557692307693 0.07211538461538461 0.06520432692307693
0 0.18870192307692307 0.6346153846153846 0.07421875 0.08563701923076923
0 0.26322115384615385 0.8149038461538461 0.0673076923076923 0.06820913461538461
0 0.2644230769230769 0.9122596153846154 0.06820913461538461 0.08924278846153846
0 0.6658653846153846 0.6334134615384616 0.048677884615384616 0.08022836538461539
0 0.7620192307692307 0.6346153846153846 0.06790865384615384 0.07602163461538461
0 0.8257211538461539 0.5721153846153846 0.060697115384615384 0.04837740384615385
0 0.8269230769230769 0.4831730769230769 0.08263221153846154 0.07181490384615384
0 0.7680288461538461 0.042067307692307696 0.05979567307692308 0.08413461538461539