1 0.17908653846153846 0.08173076923076923 0.13221153846153846 0.04417067307692308
1 0.6442307692307693 0.08413461538461539 0.14453125 0.04807692307692308
1 0.8858173076923077 0.08173076923076923 0.10306490384615384 0.03786057692307692
1 0.8413461538461539 0.8978365384615384 0.14423076923076922 0.030348557692307692
1 0.609375 0.8990384615384616 0.14152644230769232 0.04296875
1 0.3894230769230769 0.8978365384615384 0.13521634615384615 0.021634615384615384
1 0.12740384615384615 0.8990384615384616 0.13431490384615385 0.04266826923076923
2 0.7427884615384616 0.3485576923076923 0.5144230769230769 0.5913461538461539
2 0.8329326923076923 0.7572115384615384 0.28064903846153844 0.2941706730769231
2 0.6165865384615384 0.7536057692307693 0.19861778846153846 0.2854567307692308
2 0.3942307692307692 0.7548076923076923 0.16917067307692307 0.2746394230769231
2 0.1310096153846154 0.7560096153846154 0.2091346153846154 0.28185096153846156
2 0.265625 0.8461538461538461 0.08864182692307693 0.09615384615384616
2 0.17668269230769232 0.44350961538461536 0.3239182692307692 0.7136418269230769
2 0.3894230769230769 0.5576923076923077 0.18239182692307693 0.13581730769230768
2 0.3954326923076923 0.45072115384615385 0.1658653846153846 0.11057692307692307
2 0.3918269230769231 0.3293269230769231 0.17668269230769232 0.13551682692307693
2 0.39663461538461536 0.17427884615384615 0.16796875 0.18269230769230768
0 0.2800480769230769 0.21995192307692307 0.07001201923076923 0.07001201923076923
0 0.38461538461538464 0.24639423076923078 0.06760817307692307 0.07061298076923077
0 0.28725961538461536 0.4675480769230769 0.07061298076923077 0.06490384615384616
0 0.390625 0.6454326923076923 0.057692307692307696 0.0625
0 0.33413461538461536 0.671875 0.07692307692307693 0.07061298076923077
0 0.18629807692307693 0.6466346153846154 0.07001201923076923 0.08143028846153846
0 0.2620192307692308 0.828125 0.07151442307692307 0.07421875
0 0.26322115384615385 0.9254807692307693 0.07421875 0.09104567307692307
0 0.6658653846153846 0.6454326923076923 0.047475961538461536 0.07962740384615384
0 0.7632211538461539 0.6466346153846154 0.07001201923076923 0.07602163461538461
0 0.8269230769230769 0.5841346153846154 0.0625 0.05198317307692308
0 0.828125 0.4951923076923077 0.08022836538461539 0.07151442307692307
0 0.7680288461538461 0.05048076923076923 0.0694110576923077 0.09164663461538461