1 0.1875 0.07572115384615384 0.13341346153846154 0.04176682692307692
1 0.6466346153846154 0.078125 0.14393028846153846 0.040865384615384616
1 0.8858173076923077 0.07692307692307693 0.10336538461538461 0.018629807692307692
1 0.8425480769230769 0.8834134615384616 0.14152644230769232 0.05108173076923077
1 0.6129807692307693 0.8846153846153846 0.14002403846153846 0.023737980769230768
1 0.3954326923076923 0.8834134615384616 0.13671875 0.021935096153846152
1 0.13701923076923078 0.8846153846153846 0.13040865384615385 0.024939903846153848
2 0.7487980769230769 0.34134615384615385 0.48227163461538464 0.5631009615384616
2 0.8341346153846154 0.7451923076923077 0.2737379807692308 0.2878605769230769
2 0.6201923076923077 0.7415865384615384 0.15925480769230768 0.2629206730769231
2 0.40024038461538464 0.7427884615384616 0.20042067307692307 0.2842548076923077
2 0.13942307692307693 0.7439903846153846 0.16826923076923078 0.25961538461538464
2 0.27283653846153844 0.8329326923076923 0.08653846153846154 0.09435096153846154
2 0.18509615384615385 0.4338942307692308 0.36508413461538464 0.7100360576923077
2 0.3954326923076923 0.5480769230769231 0.17067307692307693 0.11508413461538461
2 0.4014423076923077 0.4423076923076923 0.16887019230769232 0.12530048076923078
2 0.39783653846153844 0.32211538461538464 0.16526442307692307 0.12379807692307693
2 0.4026442307692308 0.16706730769230768 0.15594951923076922 0.17457932692307693
0 0.28725961538461536 0.2127403846153846 0.07542067307692307 0.07542067307692307
0 0.390625 0.23918269230769232 0.07842548076923077 0.08022836538461539
0 0.29447115384615385 0.4579326923076923 0.07692307692307693 0.07391826923076923
0 0.39663461538461536 0.6346153846153846 0.0634014423076923 0.06760817307692307
0 0.3401442307692308 0.6598557692307693 0.0694110576923077 0.06430288461538461
0 0.19471153846153846 0.6358173076923077 0.07151442307692307 0.07992788461538461
0 0.2692307692307692 0.8149038461538461 0.0634014423076923 0.06790865384615384
0 0.2704326923076923 0.9122596153846154 0.05979567307692308 0.08383413461538461
0 0.6682692307692307 0.6334134615384616 0.05889423076923077 0.08353365384615384
0 0.7644230769230769 0.6346153846153846 0.06610576923076923 0.07211538461538461
0 0.828125 0.5733173076923077 0.06490384615384616 0.05498798076923077
0 0.8293269230769231 0.4855769230769231 0.07632211538461539 0.0634014423076923
0 0.7704326923076923 0.04567307692307692 0.07421875 0.09134615384615384