2 0.49038461538461536 0.11177884615384616 0.9663461538461539 0.22355769230769232
2 0.12620192307692307 0.25 0.18449519230769232 0.09044471153846154
2 0.375 0.30288461538461536 0.27794471153846156 0.21123798076923078
2 0.6069711538461539 0.43149038461538464 0.7860576923076923 0.5793269230769231
2 0.7788461538461539 0.5552884615384616 0.3605769230769231 0.23046875
2 0.19831730769230768 0.5757211538461539 0.3584735576923077 0.1856971153846154
2 0.12860576923076922 0.47115384615384615 0.19981971153846154 0.07602163461538461
2 0.5 0.7920673076923077 1 0.41586538461538464
2 0.8846153846153846 0.9194711538461539 0.22115384615384615 0.16105769230769232
1 0.39783653846153844 0.19951923076923078 0.18900240384615385 0.038161057692307696
1 0.7740384615384616 0.19831730769230768 0.21544471153846154 0.06580528846153846
1 0.1778846153846154 0.1971153846153846 0.029447115384615384 0.013521634615384616
1 0.703125 0.6610576923076923 0.19441105769230768 0.033353365384615384
1 0.19471153846153846 0.6610576923076923 0.18780048076923078 0.024338942307692308
0 0.7463942307692307 0.9543269230769231 0.15174278846153846 0.06790865384615384
0 0.44591346153846156 0.6814903846153846 0.11298076923076923 0.06911057692307693
0 0.43509615384615385 0.6322115384615384 0.11959134615384616 0.043870192307692304
0 0.32091346153846156 0.5504807692307693 0.08924278846153846 0.047776442307692304
0 0.6430288461538461 0.5252403846153846 0.10576923076923077 0.03665865384615385
0 0.1814903846153846 0.42908653846153844 0.11328125 0.05048076923076923
0 0.25721153846153844 0.46875 0.07752403846153846 0.03756009615384615
0 0.4098557692307692 0.42427884615384615 0.11388221153846154 0.052884615384615384
0 0.6117788461538461 0.19951923076923078 0.12229567307692307 0.09705528846153846
0 0.18269230769230768 0.30408653846153844 0.0907451923076923 0.051382211538461536