2 0.49038461538461536 0.125 0.9711538461538461 0.25
2 0.12259615384615384 0.25240384615384615 0.19140625 0.11087740384615384
2 0.37259615384615385 0.30528846153846156 0.2920673076923077 0.23016826923076922
2 0.609375 0.43509615384615385 0.7421875 0.4657451923076923
2 0.7788461538461539 0.5588942307692307 0.3659855769230769 0.24278846153846154
2 0.19471153846153846 0.5793269230769231 0.36087740384615385 0.18659855769230768
2 0.125 0.47475961538461536 0.20192307692307693 0.059194711538461536
2 0.5 0.8149038461538461 1 0.3701923076923077
2 0.8846153846153846 0.9254807692307693 0.21153846153846154 0.14903846153846154
1 0.39663461538461536 0.20192307692307693 0.19230769230769232 0.014723557692307692
1 0.7740384615384616 0.19951923076923078 0.21213942307692307 0.06760817307692307
1 0.17548076923076922 0.19831730769230768 0.033353365384615384 0.012319711538461538
1 0.703125 0.6646634615384616 0.19501201923076922 0.02674278846153846
1 0.19230769230769232 0.6646634615384616 0.18689903846153846 0.05979567307692308
0 0.7463942307692307 0.9591346153846154 0.15234375 0.06760817307692307
0 0.44471153846153844 0.6850961538461539 0.11117788461538461 0.05829326923076923
0 0.4326923076923077 0.6358173076923077 0.12109375 0.05048076923076923
0 0.31850961538461536 0.5528846153846154 0.08924278846153846 0.03876201923076923
0 0.6418269230769231 0.5276442307692307 0.109375 0.05048076923076923
0 0.17908653846153846 0.4326923076923077 0.11328125 0.046875
0 0.2548076923076923 0.47115384615384615 0.07782451923076923 0.03395432692307692
0 0.40865384615384615 0.4266826923076923 0.11448317307692307 0.05588942307692308
0 0.6105769230769231 0.20192307692307693 0.12109375 0.1006610576923077
0 0.18028846153846154 0.30649038461538464 0.09134615384615384 0.041165865384615384