2 0.484375 0.10216346153846154 0.96875 0.20432692307692307
2 0.0985576923076923 0.2536057692307692 0.1932091346153846 0.10787259615384616
2 0.3557692307692308 0.3076923076923077 0.28365384615384615 0.21604567307692307
2 0.5961538461538461 0.43990384615384615 0.8076923076923077 0.5769230769230769
2 0.7716346153846154 0.5685096153846154 0.36147836538461536 0.22265625
2 0.18028846153846154 0.5877403846153846 0.3605769230769231 0.2091346153846154
2 0.10096153846153846 0.48197115384615385 0.20192307692307693 0.046274038461538464
2 0.5 0.7872596153846154 1 0.4254807692307692
2 0.8798076923076923 0.9266826923076923 0.23076923076923078 0.1466346153846154
1 0.3786057692307692 0.20072115384615385 0.1953125 0.026141826923076924
1 0.7668269230769231 0.19951923076923078 0.2247596153846154 0.054086538461538464
1 0.15264423076923078 0.19831730769230768 0.03155048076923077 0.01171875
1 0.6935096153846154 0.6766826923076923 0.19891826923076922 0.04657451923076923
1 0.16947115384615385 0.6766826923076923 0.19411057692307693 0.046274038461538464
0 0.7367788461538461 0.9711538461538461 0.16105769230769232 0.057692307692307696
0 0.42908653846153844 0.6983173076923077 0.11688701923076923 0.060396634615384616
0 0.4170673076923077 0.6478365384615384 0.12650240384615385 0.06520432692307693
0 0.29927884615384615 0.5625 0.08984375 0.037259615384615384
0 0.6310096153846154 0.5360576923076923 0.10877403846153846 0.04326923076923077
0 0.15625 0.4387019230769231 0.11538461538461539 0.035757211538461536
0 0.23317307692307693 0.47836538461538464 0.08173076923076923 0.03275240384615385
0 0.3918269230769231 0.4326923076923077 0.11899038461538461 0.053786057692307696
0 0.5997596153846154 0.20072115384615385 0.1268028846153846 0.10306490384615384
0 0.15745192307692307 0.3088942307692308 0.09314903846153846 0.04326923076923077