2 0.19591346153846154 0.3918269230769231 0.3605769230769231 0.5489783653846154
2 0.13942307692307693 0.7439903846153846 0.18689903846153846 0.17487980769230768
2 0.28725961538461536 0.7355769230769231 0.0985576923076923 0.16796875
2 0.640625 0.47115384615384615 0.6105769230769231 0.7160456730769231
2 0.8473557692307693 0.5564903846153846 0.19050480769230768 0.20432692307692307
2 0.8064903846153846 0.28846153846153844 0.29507211538461536 0.35606971153846156
0 0.7235576923076923 0.5 0.07632211538461539 0.1006610576923077
0 0.734375 0.5853365384615384 0.07451923076923077 0.10576923076923077
0 0.8846153846153846 0.8100961538461539 0.13521634615384615 0.23497596153846154
0 0.3762019230769231 0.5228365384615384 0.08353365384615384 0.09915865384615384
0 0.28846153846153844 0.6201923076923077 0.07241586538461539 0.11087740384615384
0 0.19471153846153846 0.6213942307692307 0.057992788461538464 0.09615384615384616