2 0.21634615384615385 0.41225961538461536 0.3407451923076923 0.5411658653846154
2 0.16105769230769232 0.7608173076923077 0.2010216346153846 0.19020432692307693
2 0.30649038461538464 0.7524038461538461 0.11748798076923077 0.16947115384615385
2 0.6574519230769231 0.49038461538461536 0.6514423076923077 0.7457932692307693
2 0.8617788461538461 0.5745192307692307 0.18900240384615385 0.20162259615384615
2 0.8209134615384616 0.31009615384615385 0.28665865384615385 0.3503605769230769
0 0.7391826923076923 0.5192307692307693 0.0850360576923077 0.10576923076923077
0 0.75 0.6033653846153846 0.0811298076923077 0.10667067307692307
0 0.8990384615384616 0.8257211538461539 0.13431490384615385 0.23076923076923078
0 0.3954326923076923 0.5420673076923077 0.09314903846153846 0.10727163461538461
0 0.3076923076923077 0.6382211538461539 0.06610576923076923 0.10757211538461539
0 0.21514423076923078 0.6394230769230769 0.07391826923076923 0.10186298076923077