2 0.21033653846153846 0.421875 0.3239182692307692 0.5480769230769231
2 0.15264423076923078 0.7800480769230769 0.1853966346153846 0.17127403846153846
2 0.30288461538461536 0.7716346153846154 0.10186298076923077 0.16917067307692307
2 0.6538461538461539 0.5012019230769231 0.6923076923076923 0.7956730769230769
2 0.8725961538461539 0.5889423076923077 0.1736778846153846 0.18840144230769232
2 0.8305288461538461 0.3173076923076923 0.29086538461538464 0.35997596153846156
0 0.7463942307692307 0.5324519230769231 0.07842548076923077 0.10336538461538461
0 0.7572115384615384 0.6189903846153846 0.08623798076923077 0.11207932692307693
0 0.9098557692307693 0.8473557692307693 0.14753605769230768 0.23888221153846154
0 0.39302884615384615 0.5552884615384616 0.09945913461538461 0.11448317307692307
0 0.30408653846153844 0.6550480769230769 0.06400240384615384 0.10877403846153846
0 0.2091346153846154 0.6550480769230769 0.07091346153846154 0.10306490384615384