2 0.734375 0.4963942307692308 0.30528846153846156 0.5790264423076923
2 0.734375 0.10096153846153846 0.3245192307692308 0.20192307692307693
2 0.48677884615384615 0.32211538461538464 0.17457932692307693 0.23497596153846154
2 0.4855769230769231 0.5240384615384616 0.1875 0.18780048076923078
2 0.44591346153846156 0.7019230769230769 0.2626201923076923 0.19290865384615385
2 0.21754807692307693 0.7019230769230769 0.18900240384615385 0.16316105769230768
2 0.2620192307692308 0.40865384615384615 0.2683293269230769 0.41466346153846156
1 0.2608173076923077 0.18629807692307693 0.15084134615384615 0.06430288461538461
1 0.4951923076923077 0.1875 0.0712139423076923 0.03936298076923077
1 0.7680288461538461 0.18990384615384615 0.15655048076923078 0.05228365384615385
0 0.6466346153846154 0.13942307692307693 0.09224759615384616 0.14032451923076922
0 0.6045673076923077 0.3293269230769231 0.07962740384615384 0.09194711538461539
0 0.6105769230769231 0.6814903846153846 0.10516826923076923 0.1123798076923077
0 0.5228365384615384 0.7944711538461539 0.11388221153846154 0.20853365384615385
0 0.5072115384615384 0.6622596153846154 0.07692307692307693 0.10336538461538461
0 0.35216346153846156 0.5757211538461539 0.09405048076923077 0.12319711538461539
0 0.3389423076923077 0.6887019230769231 0.06670673076923077 0.07421875