2 0.7175480769230769 0.47475961538461536 0.32481971153846156 0.59765625
2 0.7175480769230769 0.08653846153846154 0.3293269230769231 0.17307692307692307
2 0.4651442307692308 0.296875 0.17487980769230768 0.23858173076923078
2 0.4651442307692308 0.5036057692307693 0.20462740384615385 0.2049278846153846
2 0.42427884615384615 0.6838942307692307 0.27884615384615385 0.21784855769230768
2 0.18990384615384615 0.6838942307692307 0.19651442307692307 0.17307692307692307
2 0.23677884615384615 0.38461538461538464 0.29537259615384615 0.43810096153846156
1 0.234375 0.15745192307692307 0.15174278846153846 0.044771634615384616
1 0.47475961538461536 0.15865384615384615 0.07211538461538461 0.043870192307692304
1 0.7524038461538461 0.16105769230769232 0.15895432692307693 0.05318509615384615
0 0.6286057692307693 0.109375 0.08353365384615384 0.14092548076923078
0 0.5853365384615384 0.30408653846153844 0.0751201923076923 0.08984375
0 0.5913461538461539 0.6634615384615384 0.10576923076923077 0.11478365384615384
0 0.5024038461538461 0.7788461538461539 0.11538461538461539 0.21183894230769232
0 0.4855769230769231 0.6430288461538461 0.09044471153846154 0.1123798076923077
0 0.328125 0.5552884615384616 0.10366586538461539 0.12980769230769232
0 0.31490384615384615 0.6706730769230769 0.06640625 0.0733173076923077