2 0.71875 0.49759615384615385 0.32181490384615385 0.5733173076923077
2 0.71875 0.10697115384615384 0.3121995192307692 0.2052283653846154
2 0.47836538461538464 0.328125 0.19170673076923078 0.24248798076923078
2 0.47836538461538464 0.5240384615384616 0.19170673076923078 0.19170673076923078
2 0.43990384615384615 0.6959134615384616 0.26412259615384615 0.2052283653846154
2 0.21754807692307693 0.6959134615384616 0.1856971153846154 0.16556490384615385
2 0.2620192307692308 0.41225961538461536 0.25540865384615385 0.40174278846153844
1 0.2608173076923077 0.19591346153846154 0.14423076923076922 0.06580528846153846
1 0.4879807692307692 0.19831730769230768 0.06820913461538461 0.038461538461538464
1 0.7512019230769231 0.19951923076923078 0.15114182692307693 0.05739182692307692
0 0.6334134615384616 0.15144230769230768 0.07962740384615384 0.1307091346153846
0 0.5925480769230769 0.33533653846153844 0.06460336538461539 0.08173076923076923
0 0.5985576923076923 0.6754807692307693 0.0907451923076923 0.10006009615384616
0 0.5132211538461539 0.7860576923076923 0.08924278846153846 0.2013221153846154
0 0.4987980769230769 0.6574519230769231 0.0889423076923077 0.1084735576923077
0 0.3485576923076923 0.5733173076923077 0.09164663461538461 0.12169471153846154
0 0.33653846153846156 0.6838942307692307 0.0634014423076923 0.07001201923076923