2 0.22596153846153846 0.2920673076923077 0.39453125 0.41977163461538464
2 0.10817307692307693 0.41346153846153844 0.14963942307692307 0.15895432692307693
2 0.109375 0.6213942307692307 0.14693509615384615 0.28365384615384615
2 0.375 0.16826923076923078 0.10576923076923077 0.1622596153846154
2 0.23918269230769232 0.6189903846153846 0.14753605769230768 0.2815504807692308
2 0.28365384615384615 0.7524038461538461 0.078125 0.12980769230769232
2 0.2127403846153846 0.8605769230769231 0.14603365384615385 0.17247596153846154
2 0.30649038461538464 0.8762019230769231 0.05078125 0.12259615384615384
2 0.3713942307692308 0.8834134615384616 0.08443509615384616 0.10757211538461539
2 0.3641826923076923 0.7740384615384616 0.09885817307692307 0.11538461538461539
2 0.3004807692307692 0.5276442307692307 0.08143028846153846 0.09375
2 0.35216346153846156 0.6057692307692307 0.14092548076923078 0.2400841346153846
2 0.44591346153846156 0.6069711538461539 0.060697115384615384 0.2725360576923077
2 0.6430288461538461 0.18509615384615385 0.1778846153846154 0.20733173076923078
2 0.6262019230769231 0.3894230769230769 0.11388221153846154 0.21604567307692307
2 0.7127403846153846 0.4519230769230769 0.07421875 0.08533653846153846
2 0.7632211538461539 0.38341346153846156 0.17578125 0.21844951923076922
2 0.890625 0.37259615384615385 0.125 0.2439903846153846
2 0.8990384615384616 0.16706730769230768 0.11538461538461539 0.16135817307692307
2 0.7764423076923077 0.19110576923076922 0.1307091346153846 0.18269230769230768
2 0.7091346153846154 0.4519230769230769 0.0733173076923077 0.09224759615384616
2 0.7704326923076923 0.4951923076923077 0.060396634615384616 0.14933894230769232
0 0.33653846153846156 0.15625 0.042367788461538464 0.042067307692307696
0 0.33653846153846156 0.19471153846153846 0.04807692307692308 0.04417067307692308
0 0.16346153846153846 0.37740384615384615 0.034254807692307696 0.04447115384615385
0 0.16105769230769232 0.5721153846153846 0.043870192307692304 0.048677884615384616
0 0.2668269230769231 0.6730769230769231 0.042067307692307696 0.061598557692307696
0 0.2127403846153846 0.7932692307692307 0.04176682692307692 0.06700721153846154
0 0.2620192307692308 0.8822115384615384 0.054086538461538464 0.04417067307692308
0 0.36899038461538464 0.6959134615384616 0.04537259615384615 0.055588942307692304
0 0.42908653846153844 0.6838942307692307 0.04807692307692308 0.052884615384615384
0 0.3858173076923077 0.8100961538461539 0.03125 0.04326923076923077
0 0.3088942307692308 0.6262019230769231 0.038461538461538464 0.04326923076923077
0 0.6658653846153846 0.3125 0.04417067307692308 0.05318509615384615
0 0.6899038461538461 0.24759615384615385 0.052884615384615384 0.0673076923076923
0 0.7283653846153846 0.24759615384615385 0.038161057692307696 0.053786057692307696
0 0.7271634615384616 0.3894230769230769 0.044771634615384616 0.053786057692307696
0 0.8617788461538461 0.19591346153846154 0.049879807692307696 0.045973557692307696
1 0.6165865384615384 0.09495192307692307 0.038461538461538464 0.02403846153846154
1 0.6550480769230769 0.09495192307692307 0.035757211538461536 0.017728365384615384
1 0.7608173076923077 0.0985576923076923 0.03665865384615385 0.024338942307692308
1 0.7992788461538461 0.09615384615384616 0.038461538461538464 0.010216346153846154
1 0.9435096153846154 0.3137019230769231 0.021935096153846152 0.059194711538461536
1 0.9411057692307693 0.36778846153846156 0.01201923076923077 0.052884615384615384
1 0.890625 0.25 0.04146634615384615 0.027644230769230768
1 0.5661057692307693 0.3954326923076923 0.02403846153846154 0.06911057692307693
1 0.5673076923076923 0.20673076923076922 0.013521634615384616 0.05739182692307692
1 0.41346153846153844 0.3125 0.018629807692307692 0.04296875
1 0.41346153846153844 0.3701923076923077 0.019230769230769232 0.04837740384615385
1 0.040865384615384616 0.2091346153846154 0.019230769230769232 0.052584134615384616
1 0.09014423076923077 0.09615384615384616 0.04146634615384615 0.023737980769230768
1 0.12980769230769232 0.09615384615384616 0.038161057692307696 0.019230769230769232
1 0.23317307692307693 0.09615384615384616 0.043569711538461536 0.027644230769230768
1 0.27283653846153844 0.09735576923076923 0.04326923076923077 0.028846153846153848
1 0.040865384615384616 0.39783653846153844 0.013521634615384616 0.0625
1 0.042067307692307696 0.6177884615384616 0.017127403846153848 0.052584134615384616
1 0.040865384615384616 0.6754807692307693 0.019230769230769232 0.052584134615384616
1 0.11177884615384616 0.7716346153846154 0.04026442307692308 0.02794471153846154
1 0.41346153846153844 0.875 0.020432692307692308 0.052584134615384616
1 0.4110576923076923 0.7716346153846154 0.023737980769230768 0.052884615384615384
1 0.41466346153846156 0.5757211538461539 0.021033653846153848 0.055288461538461536
1 0.26322115384615385 0.796875 0.017127403846153848 0.026141826923076924