2 0.20793269230769232 0.3004807692307692 0.3957331730769231 0.4230769230769231
2 0.08653846153846154 0.4254807692307692 0.14873798076923078 0.1580528846153846
2 0.09014423076923077 0.6382211538461539 0.18028846153846154 0.3004807692307692
2 0.3605769230769231 0.17307692307692307 0.10606971153846154 0.16286057692307693
2 0.22115384615384615 0.6358173076923077 0.16436298076923078 0.28846153846153844
2 0.2668269230769231 0.7728365384615384 0.07211538461538461 0.12800480769230768
2 0.1935096153846154 0.8834134615384616 0.15655048076923078 0.18118990384615385
2 0.28966346153846156 0.8990384615384616 0.06971153846153846 0.12980769230769232
2 0.3557692307692308 0.9074519230769231 0.08653846153846154 0.10907451923076923
2 0.3485576923076923 0.7944711538461539 0.10186298076923077 0.11868990384615384
2 0.28365384615384615 0.5420673076923077 0.08233173076923077 0.09615384615384616
2 0.33653846153846156 0.6225961538461539 0.13972355769230768 0.24519230769230768
2 0.4326923076923077 0.6237980769230769 0.11508413461538461 0.27734375
2 0.6346153846153846 0.19110576923076922 0.1541466346153846 0.19471153846153846
2 0.6177884615384616 0.40024038461538464 0.14993990384615385 0.23287259615384615
2 0.7067307692307693 0.4639423076923077 0.06640625 0.07782451923076923
2 0.7584134615384616 0.3942307692307692 0.19411057692307693 0.23046875
2 0.8894230769230769 0.38221153846153844 0.13521634615384615 0.24909855769230768
2 0.8978365384615384 0.171875 0.09825721153846154 0.15865384615384615
2 0.7716346153846154 0.1971153846153846 0.1484375 0.19651442307692307
2 0.703125 0.4651442307692308 0.07421875 0.09314903846153846
2 0.765625 0.5096153846153846 0.052884615384615384 0.15384615384615385
0 0.32091346153846156 0.16105769230769232 0.04567307692307692 0.043569711538461536
0 0.32091346153846156 0.20072115384615385 0.05078125 0.04807692307692308
0 0.14302884615384615 0.38822115384615385 0.03635817307692308 0.04657451923076923
0 0.140625 0.5877403846153846 0.04957932692307692 0.051382211538461536
0 0.24879807692307693 0.6911057692307693 0.039963942307692304 0.06009615384615385
0 0.1935096153846154 0.8149038461538461 0.046274038461538464 0.0673076923076923
0 0.2439903846153846 0.90625 0.060396634615384616 0.05228365384615385
0 0.3545673076923077 0.7139423076923077 0.041165865384615384 0.054086538461538464
0 0.41586538461538464 0.703125 0.052584134615384616 0.05498798076923077
0 0.3713942307692308 0.8317307692307693 0.036959134615384616 0.047776442307692304
0 0.2920673076923077 0.6430288461538461 0.04537259615384615 0.050180288461538464
0 0.6586538461538461 0.32211538461538464 0.05228365384615385 0.05859375
0 0.6826923076923077 0.25600961538461536 0.05318509615384615 0.06911057692307693
0 0.7223557692307693 0.2548076923076923 0.036057692307692304 0.052884615384615384
0 0.7211538461538461 0.40024038461538464 0.047475961538461536 0.059194711538461536
0 0.859375 0.20192307692307693 0.055588942307692304 0.052884615384615384
1 0.6081730769230769 0.0985576923076923 0.03876201923076923 0.024338942307692308
1 0.6478365384615384 0.0985576923076923 0.036057692307692304 0.015024038461538462
1 0.7560096153846154 0.10216346153846154 0.036959134615384616 0.022536057692307692
1 0.7956730769230769 0.09975961538461539 0.03876201923076923 0.017427884615384616
1 0.9435096153846154 0.3233173076923077 0.016526442307692308 0.06009615384615385
1 0.9411057692307693 0.3786057692307692 0.01171875 0.05498798076923077
1 0.8894230769230769 0.25721153846153844 0.04296875 0.02013221153846154
1 0.5564903846153846 0.40625 0.02403846153846154 0.0712139423076923
1 0.5576923076923077 0.21394230769230768 0.014122596153846154 0.057692307692307696
1 0.40024038461538464 0.32091346153846156 0.01201923076923077 0.04567307692307692
1 0.39903846153846156 0.38100961538461536 0.020432692307692308 0.05048076923076923
1 0.016826923076923076 0.21514423076923078 0.0234375 0.052884615384615384
1 0.0673076923076923 0.09975961538461539 0.043569711538461536 0.022235576923076924
1 0.10817307692307693 0.09975961538461539 0.038161057692307696 0.019230769230769232
1 0.21394230769230768 0.09975961538461539 0.043870192307692304 0.022536057692307692
1 0.2548076923076923 0.10096153846153846 0.043569711538461536 0.024639423076923076
1 0.018028846153846152 0.40865384615384615 0.025841346153846152 0.06610576923076923
1 0.018028846153846152 0.6346153846153846 0.017728365384615384 0.05318509615384615
1 0.016826923076923076 0.6935096153846154 0.015625 0.052884615384615384
1 0.09014423076923077 0.7920673076923077 0.041165865384615384 0.027043269230769232
1 0.39903846153846156 0.8990384615384616 0.023137019230769232 0.052884615384615384
1 0.39663461538461536 0.7932692307692307 0.024639423076923076 0.053786057692307696
1 0.4014423076923077 0.5913461538461539 0.01893028846153846 0.05739182692307692
1 0.24519230769230768 0.8185096153846154 0.01532451923076923 0.026141826923076924