2 0.21754807692307693 0.26802884615384615 0.43509615384615385 0.46875
2 0.09134615384615384 0.3954326923076923 0.15504807692307693 0.16556490384615385
2 0.09375 0.609375 0.1875 0.30528846153846156
2 0.36778846153846156 0.140625 0.09975961538461539 0.16075721153846154
2 0.22596153846153846 0.6081730769230769 0.14903846153846154 0.29296875
2 0.27283653846153844 0.7463942307692307 0.07211538461538461 0.12830528846153846
2 0.19831730769230768 0.8581730769230769 0.15384615384615385 0.18239182692307693
2 0.296875 0.8737980769230769 0.07391826923076923 0.13191105769230768
2 0.3629807692307692 0.8822115384615384 0.08263221153846154 0.11057692307692307
2 0.3557692307692308 0.7680288461538461 0.10606971153846154 0.12319711538461539
2 0.28966346153846156 0.5132211538461539 0.07481971153846154 0.08984375
2 0.34375 0.5949519230769231 0.13521634615384615 0.24759615384615385
2 0.4411057692307692 0.5961538461538461 0.07692307692307693 0.28725961538461536
2 0.6454326923076923 0.15865384615384615 0.17127403846153846 0.20703125
2 0.6274038461538461 0.3701923076923077 0.14933894230769232 0.23467548076923078
2 0.7175480769230769 0.43509615384615385 0.06580528846153846 0.07752403846153846
2 0.7704326923076923 0.3629807692307692 0.19230769230769232 0.23106971153846154
2 0.9014423076923077 0.35216346153846156 0.11087740384615384 0.24759615384615385
2 0.9110576923076923 0.13942307692307693 0.10576923076923077 0.16256009615384615
2 0.7836538461538461 0.16466346153846154 0.16256009615384615 0.2049278846153846
2 0.7139423076923077 0.43509615384615385 0.08173076923076923 0.09645432692307693
2 0.7776442307692307 0.4807692307692308 0.04026442307692308 0.15354567307692307
0 0.3269230769230769 0.12860576923076922 0.0390625 0.04056490384615385
0 0.328125 0.16826923076923078 0.04657451923076923 0.04326923076923077
0 0.14783653846153846 0.35697115384615385 0.039963942307692304 0.05048076923076923
0 0.14543269230769232 0.5600961538461539 0.04176682692307692 0.048677884615384616
0 0.2548076923076923 0.6646634615384616 0.043569711538461536 0.06400240384615384
0 0.19951923076923078 0.7896634615384616 0.043569711538461536 0.06881009615384616
0 0.25 0.8810096153846154 0.0625 0.05108173076923077
0 0.36177884615384615 0.6875 0.045072115384615384 0.05709134615384615
0 0.42427884615384615 0.6754807692307693 0.04957932692307692 0.05318509615384615
0 0.3786057692307692 0.8052884615384616 0.03635817307692308 0.04717548076923077
0 0.2980769230769231 0.6153846153846154 0.043870192307692304 0.04927884615384615
0 0.6682692307692307 0.29086538461538464 0.048677884615384616 0.057992788461538464
0 0.6935096153846154 0.22355769230769232 0.05438701923076923 0.06790865384615384
0 0.7331730769230769 0.22235576923076922 0.04417067307692308 0.057692307692307696
0 0.7319711538461539 0.3701923076923077 0.04567307692307692 0.05739182692307692
0 0.8713942307692307 0.16947115384615385 0.055288461538461536 0.05078125
1 0.6177884615384616 0.06610576923076923 0.04447115384615385 0.032151442307692304
1 0.6586538461538461 0.06490384615384616 0.03876201923076923 0.019230769230769232
1 0.7680288461538461 0.06850961538461539 0.036959134615384616 0.021935096153846152
1 0.8076923076923077 0.0673076923076923 0.03876201923076923 0.018028846153846152
1 0.9579326923076923 0.2920673076923077 0.012920673076923076 0.060396634615384616
1 0.9555288461538461 0.3473557692307692 0.017728365384615384 0.0546875
1 0.9026442307692307 0.2247596153846154 0.044771634615384616 0.02674278846153846
1 0.5661057692307693 0.3762019230769231 0.022235576923076924 0.0703125
1 0.5661057692307693 0.1814903846153846 0.020733173076923076 0.05979567307692308
1 0.4074519230769231 0.29086538461538464 0.01141826923076923 0.047776442307692304
1 0.40625 0.34975961538461536 0.019831730769230768 0.05048076923076923
1 0.020432692307692308 0.18269230769230768 0.019230769230769232 0.052884615384615384
1 0.07091346153846154 0.06610576923076923 0.04176682692307692 0.022235576923076924
1 0.11177884615384616 0.06610576923076923 0.038461538461538464 0.016826923076923076
1 0.21995192307692307 0.0673076923076923 0.045072115384615384 0.02794471153846154
1 0.2608173076923077 0.06850961538461539 0.04326923076923077 0.021935096153846152
1 0.021634615384615384 0.3786057692307692 0.019230769230769232 0.06490384615384616
1 0.021634615384615384 0.6069711538461539 0.023137019230769232 0.055588942307692304
1 0.020432692307692308 0.6670673076923077 0.021634615384615384 0.05498798076923077
1 0.09375 0.765625 0.03876201923076923 0.025841346153846152
1 0.4074519230769231 0.8737980769230769 0.017127403846153848 0.052884615384615384
1 0.4050480769230769 0.7668269230769231 0.021634615384615384 0.05348557692307692
1 0.40865384615384615 0.5637019230769231 0.02013221153846154 0.055588942307692304
1 0.2512019230769231 0.7920673076923077 0.020733173076923076 0.027043269230769232