2 0.36899038461538464 0.11298076923076923 0.5255408653846154 0.19260817307692307
2 0.5252403846153846 0.3581730769230769 0.8188100961538461 0.3707932692307692
2 0.3112980769230769 0.4891826923076923 0.3527644230769231 0.2421875
2 0.39783653846153844 0.5396634615384616 0.16075721153846154 0.10426682692307693
2 0.31009615384615385 0.6899038461538461 0.35546875 0.20673076923076922
2 0.5793269230769231 0.6430288461538461 0.24489182692307693 0.3094951923076923
2 0.8004807692307693 0.6442307692307693 0.3112980769230769 0.32752403846153844
2 0.5180288461538461 0.8834134615384616 0.2244591346153846 0.16075721153846154
2 0.6971153846153846 0.8774038461538461 0.1541466346153846 0.15294471153846154
0 0.5552884615384616 0.8293269230769231 0.11899038461538461 0.09224759615384616
0 0.578125 0.9026442307692307 0.12259615384615384 0.06911057692307693
0 0.4362980769230769 0.6225961538461539 0.1123798076923077 0.07602163461538461
0 0.5252403846153846 0.5336538461538461 0.10426682692307693 0.06760817307692307
0 0.7127403846153846 0.5829326923076923 0.11358173076923077 0.06881009615384616
0 0.5612980769230769 0.1778846153846154 0.11358173076923077 0.08203125
0 0.5240384615384616 0.42427884615384615 0.0967548076923077 0.0625
1 0.3076923076923077 0.7992788461538461 0.15504807692307693 0.04567307692307692
1 0.3581730769230769 0.20432692307692307 0.15925480769230768 0.024939903846153848
1 0.6959134615384616 0.19951923076923078 0.1084735576923077 0.019831730769230768
1 0.8185096153846154 0.20192307692307693 0.1084735576923077 0.027644230769230768
1 0.8569711538461539 0.7956730769230769 0.11748798076923077 0.023737980769230768