2 0.3389423076923077 0.11298076923076923 0.5528846153846154 0.22596153846153846
2 0.5036057692307693 0.3605769230769231 0.8584735576923077 0.4795673076923077
2 0.27884615384615385 0.49759615384615385 0.36568509615384615 0.2439903846153846
2 0.3701923076923077 0.5504807692307693 0.16856971153846154 0.11057692307692307
2 0.2776442307692308 0.7079326923076923 0.3879206730769231 0.2548076923076923
2 0.5600961538461539 0.6586538461538461 0.22025240384615385 0.3037860576923077
2 0.7920673076923077 0.6598557692307693 0.3055889423076923 0.3269230769230769
2 0.49399038461538464 0.9050480769230769 0.25240384615384615 0.18990384615384615
2 0.6826923076923077 0.9038461538461539 0.15925480769230768 0.15895432692307693
0 0.5348557692307693 0.8545673076923077 0.12319711538461539 0.09795673076923077
0 0.5588942307692307 0.9314903846153846 0.13251201923076922 0.08323317307692307
0 0.4098557692307692 0.6370192307692307 0.11057692307692307 0.06310096153846154
0 0.5036057692307693 0.5444711538461539 0.11388221153846154 0.08022836538461539
0 0.6995192307692307 0.5961538461538461 0.11989182692307693 0.07151442307692307
0 0.5408653846153846 0.16947115384615385 0.1240985576923077 0.08954326923076923
0 0.5012019230769231 0.42908653846153844 0.11057692307692307 0.08022836538461539
1 0.27524038461538464 0.8221153846153846 0.16105769230769232 0.053786057692307696
1 0.3269230769230769 0.1971153846153846 0.16466346153846154 0.061899038461538464
1 0.6826923076923077 0.1935096153846154 0.11478365384615384 0.032151442307692304
1 0.8100961538461539 0.19591346153846154 0.11538461538461539 0.03064903846153846
1 0.8509615384615384 0.8185096153846154 0.12379807692307693 0.036959134615384616