2 0.37259615384615385 0.09254807692307693 0.5330528846153846 0.17127403846153846
2 0.5336538461538461 0.3449519230769231 0.8452524038461539 0.44080528846153844
2 0.3137019230769231 0.47836538461538464 0.34945913461538464 0.21724759615384615
2 0.4026442307692308 0.53125 0.1658653846153846 0.10967548076923077
2 0.3125 0.6850961538461539 0.3801081730769231 0.25060096153846156
2 0.5889423076923077 0.6370192307692307 0.2442908653846154 0.31310096153846156
2 0.8161057692307693 0.6370192307692307 0.28365384615384615 0.30709134615384615
2 0.5252403846153846 0.8834134615384616 0.24519230769230768 0.18990384615384615
2 0.7091346153846154 0.8774038461538461 0.15865384615384615 0.15745192307692307
0 0.5637019230769231 0.828125 0.1171875 0.08924278846153846
0 0.5877403846153846 0.9038461538461539 0.12800480769230768 0.08082932692307693
0 0.4411057692307692 0.6153846153846154 0.11358173076923077 0.0772235576923077
0 0.5336538461538461 0.5240384615384616 0.11087740384615384 0.07692307692307693
0 0.7259615384615384 0.5757211538461539 0.12049278846153846 0.07962740384615384
0 0.5709134615384616 0.15865384615384615 0.11268028846153846 0.07241586538461539
0 0.53125 0.41225961538461536 0.10096153846153846 0.06460336538461539
1 0.31009615384615385 0.796875 0.16316105769230768 0.025540865384615384
1 0.3605769230769231 0.18509615384615385 0.16256009615384615 0.056790865384615384
1 0.7091346153846154 0.1814903846153846 0.10997596153846154 0.036959134615384616
1 0.8341346153846154 0.18389423076923078 0.11117788461538461 0.027043269230769232
1 0.8737980769230769 0.7932692307692307 0.1171875 0.03936298076923077