2 0.47115384615384615 0.2247596153846154 0.6201923076923077 0.4495192307692308
2 0.8605769230769231 0.3329326923076923 0.23497596153846154 0.6364182692307693
2 0.5829326923076923 0.5396634615384616 0.375 0.2764423076923077
2 0.6334134615384616 0.8064903846153846 0.46484375 0.3395432692307692
2 0.3137019230769231 0.8846153846153846 0.1697716346153846 0.14453125
2 0.22235576923076922 0.6069711538461539 0.3942307692307692 0.42007211538461536
2 0.11298076923076923 0.5396634615384616 0.14933894230769232 0.22896634615384615
0 0.36538461538461536 0.5444711538461539 0.13581730769230768 0.10366586538461539
0 0.13701923076923078 0.6850961538461539 0.09044471153846154 0.09044471153846154
0 0.1502403846153846 0.8197115384615384 0.13942307692307693 0.19591346153846154
0 0.3112980769230769 0.7896634615384616 0.07992788461538461 0.0889423076923077
0 0.453125 0.7572115384615384 0.12650240384615385 0.08653846153846154
0 0.7740384615384616 0.33774038461538464 0.21995192307692307 0.11057692307692307
1 0.765625 0.5264423076923077 0.021935096153846152 0.12980769230769232
1 0.8617788461538461 0.8064903846153846 0.02674278846153846 0.1971153846153846
1 0.7692307692307693 0.16346153846153846 0.0634014423076923 0.24939903846153846