2 0.453125 0.20793269230769232 0.5946514423076923 0.4113581730769231
2 0.8521634615384616 0.3293269230769231 0.2956730769230769 0.6538461538461539
2 0.5673076923076923 0.5420673076923077 0.36508413461538464 0.23347355769230768
2 0.6189903846153846 0.8185096153846154 0.46334134615384615 0.3173076923076923
2 0.28966346153846156 0.8978365384615384 0.18058894230769232 0.15625
2 0.20192307692307693 0.6117788461538461 0.40384615384615385 0.44471153846153844
2 0.0829326923076923 0.5420673076923077 0.15234375 0.23407451923076922
0 0.34375 0.546875 0.14813701923076922 0.11748798076923077
0 0.10697115384615384 0.6935096153846154 0.09825721153846154 0.09825721153846154
0 0.12259615384615384 0.8317307692307693 0.1541466346153846 0.203125
0 0.28725961538461536 0.8004807692307693 0.07872596153846154 0.08653846153846154
0 0.4338942307692308 0.7668269230769231 0.1268028846153846 0.0829326923076923
0 0.7644230769230769 0.33413461538461536 0.23497596153846154 0.15294471153846154
1 0.7560096153846154 0.5300480769230769 0.04026442307692308 0.1346153846153846
1 0.8545673076923077 0.8185096153846154 0.06490384615384616 0.19921875
1 0.7596153846153846 0.15504807692307693 0.056490384615384616 0.2578125