2 0.4699519230769231 0.2247596153846154 0.5946514423076923 0.43419471153846156
2 0.8533653846153846 0.3401442307692308 0.2932692307692308 0.6274038461538461
2 0.5793269230769231 0.5444711538461539 0.36568509615384615 0.2614182692307692
2 0.6298076923076923 0.8088942307692307 0.4657451923076923 0.34615384615384615
2 0.3137019230769231 0.8858173076923077 0.17157451923076922 0.15114182692307693
2 0.22355769230769232 0.6117788461538461 0.4128605769230769 0.43509615384615385
2 0.11538461538461539 0.5444711538461539 0.14423076923076922 0.22385817307692307
0 0.3641826923076923 0.5492788461538461 0.13792067307692307 0.10877403846153846
0 0.13822115384615385 0.6887019230769231 0.08954326923076923 0.08954326923076923
0 0.15264423076923078 0.8221153846153846 0.1427283653846154 0.19651442307692307
0 0.3112980769230769 0.7920673076923077 0.07992788461538461 0.08864182692307693
0 0.45072115384615385 0.7596153846153846 0.125 0.0868389423076923
0 0.7680288461538461 0.3449519230769231 0.22415865384615385 0.14573317307692307
1 0.7608173076923077 0.5324519230769231 0.026141826923076924 0.12770432692307693
1 0.8545673076923077 0.8088942307692307 0.051382211538461536 0.19230769230769232
1 0.7644230769230769 0.17307692307692307 0.06280048076923077 0.24489182692307693