2 0.875 0.43028846153846156 0.25 0.8076923076923077
2 0.5949519230769231 0.65625 0.43990384615384615 0.47025240384615385
2 0.6682692307692307 0.23557692307692307 0.30318509615384615 0.37950721153846156
2 0.4326923076923077 0.23918269230769232 0.2361778846153846 0.3683894230769231
2 0.27403846153846156 0.3545673076923077 0.1580528846153846 0.5528846153846154
2 0.27403846153846156 0.7632211538461539 0.2169471153846154 0.23858173076923078
2 0.09134615384615384 0.7644230769230769 0.18209134615384615 0.25390625
2 0.3545673076923077 0.5528846153846154 0.060396634615384616 0.15474759615384615
0 0.5769230769230769 0.3798076923076923 0.08143028846153846 0.1307091346153846
0 0.8617788461538461 0.5300480769230769 0.11748798076923077 0.14092548076923078
0 0.2127403846153846 0.8846153846153846 0.07932692307692307 0.23076923076923078
0 0.19591346153846154 0.7560096153846154 0.09915865384615384 0.12349759615384616
0 0.2920673076923077 0.3173076923076923 0.08323317307692307 0.12590144230769232
1 0.8233173076923077 0.24639423076923078 0.05438701923076923 0.14723557692307693
1 0.8269230769230769 0.7415865384615384 0.027644230769230768 0.17307692307692307
1 0.26322115384615385 0.028846153846153848 0.07421875 0.03786057692307692
1 0.39302884615384615 0.028846153846153848 0.045072115384615384 0.038461538461538464
1 0.5841346153846154 0.025240384615384616 0.043870192307692304 0.03515625