2 0.9146634615384616 0.4098557692307692 0.17067307692307693 0.8197115384615384
2 0.6189903846153846 0.6358173076923077 0.43990384615384615 0.4684495192307692
2 0.6923076923076923 0.21514423076923078 0.30799278846153844 0.38131009615384615
2 0.4579326923076923 0.21875 0.2403846153846154 0.3701923076923077
2 0.2980769230769231 0.33413461538461536 0.12920673076923078 0.5486778846153846
2 0.2980769230769231 0.7415865384615384 0.23016826923076922 0.25180288461538464
2 0.11538461538461539 0.7439903846153846 0.16346153846153846 0.24729567307692307
2 0.3786057692307692 0.5324519230769231 0.06099759615384615 0.15534855769230768
0 0.6021634615384616 0.359375 0.08924278846153846 0.13311298076923078
0 0.8858173076923077 0.5096153846153846 0.1180889423076923 0.14332932692307693
0 0.23557692307692307 0.8737980769230769 0.09134615384615384 0.25240384615384615
0 0.21995192307692307 0.7355769230769231 0.09795673076923077 0.12469951923076923
0 0.3161057692307692 0.296875 0.08383413461538461 0.12830528846153846
1 0.8473557692307693 0.22596153846153846 0.04957932692307692 0.14963942307692307
1 0.8509615384615384 0.7211538461538461 0.033052884615384616 0.17307692307692307
1 0.28725961538461536 0.015625 0.07451923076923077 0.03125
1 0.4170673076923077 0.013221153846153846 0.040865384615384616 0.026141826923076924
1 0.6069711538461539 0.01201923076923077 0.04567307692307692 0.02403846153846154