2 0.8798076923076923 0.4254807692307692 0.2403846153846154 0.7932692307692307
2 0.5973557692307693 0.6466346153846154 0.4924879807692308 0.5144230769230769
2 0.6682692307692307 0.23677884615384615 0.32241586538461536 0.38461538461538464
2 0.43990384615384615 0.2403846153846154 0.24639423076923078 0.36508413461538464
2 0.2848557692307692 0.35216346153846156 0.19561298076923078 0.5384615384615384
2 0.2848557692307692 0.75 0.24278846153846154 0.25931490384615385
2 0.10697115384615384 0.7512019230769231 0.18479567307692307 0.25
2 0.3629807692307692 0.5456730769230769 0.06790865384615384 0.1502403846153846
0 0.5805288461538461 0.37740384615384615 0.0751201923076923 0.12560096153846154
0 0.8569711538461539 0.5228365384615384 0.11388221153846154 0.13701923076923078
0 0.22355769230769232 0.8774038461538461 0.10096153846153846 0.24519230769230768
0 0.2091346153846154 0.7439903846153846 0.09254807692307693 0.12169471153846154
0 0.3016826923076923 0.3161057692307692 0.07001201923076923 0.12169471153846154
1 0.8197115384615384 0.24759615384615385 0.04807692307692308 0.14453125
1 0.8233173076923077 0.7295673076923077 0.057692307692307696 0.16526442307692307
1 0.27524038461538464 0.036057692307692304 0.07361778846153846 0.04266826923076923
1 0.4014423076923077 0.036057692307692304 0.042367788461538464 0.03786057692307692
1 0.5865384615384616 0.03125 0.047776442307692304 0.03936298076923077