2 0.171875 0.2980769230769231 0.3293269230769231 0.37109375
2 0.17067307692307693 0.6225961538461539 0.33052884615384615 0.32602163461538464
2 0.5745192307692307 0.3401442307692308 0.5186298076923077 0.4423076923076923
2 0.45913461538461536 0.6538461538461539 0.2782451923076923 0.20763221153846154
2 0.4735576923076923 0.8377403846153846 0.07301682692307693 0.1700721153846154
2 0.5721153846153846 0.8461538461538461 0.13521634615384615 0.16316105769230768
2 0.7560096153846154 0.7524038461538461 0.3290264423076923 0.3596754807692308
1 0.9194711538461539 0.7680288461538461 0.044771634615384616 0.16676682692307693
1 0.8269230769230769 0.31490384615384615 0.07602163461538461 0.2842548076923077
1 0.016826923076923076 0.6322115384615384 0.03365384615384615 0.15384615384615385
1 0.021634615384615384 0.33533653846153844 0.04326923076923077 0.18990384615384615
0 0.2932692307692308 0.5396634615384616 0.06760817307692307 0.08954326923076923
0 0.29447115384615385 0.42427884615384615 0.0655048076923077 0.0694110576923077
0 0.3737980769230769 0.41947115384615385 0.060396634615384616 0.08443509615384616
0 0.8557692307692307 0.5204326923076923 0.07271634615384616 0.08323317307692307
0 0.6274038461538461 0.6983173076923077 0.06370192307692307 0.07481971153846154
0 0.5625 0.7331730769230769 0.053786057692307696 0.08203125
0 0.47115384615384615 0.7295673076923077 0.06610576923076923 0.08443509615384616
0 0.38221153846153844 0.7752403846153846 0.08233173076923077 0.2421875