2 0.1814903846153846 0.2860576923076923 0.3194110576923077 0.36899038461538464
2 0.18028846153846154 0.6237980769230769 0.34164663461538464 0.3350360576923077
2 0.5997596153846154 0.33052884615384615 0.5606971153846154 0.48888221153846156
2 0.4795673076923077 0.65625 0.31069711538461536 0.25570913461538464
2 0.4951923076923077 0.8473557692307693 0.0673076923076923 0.17548076923076922
2 0.5973557692307693 0.8557692307692307 0.15204326923076922 0.1778846153846154
2 0.7884615384615384 0.7584134615384616 0.3362379807692308 0.3683894230769231
1 0.9579326923076923 0.7752403846153846 0.04326923076923077 0.17518028846153846
1 0.8605769230769231 0.30288461538461536 0.04807692307692308 0.30649038461538464
1 0.019230769230769232 0.6322115384615384 0.038461538461538464 0.15865384615384615
1 0.020432692307692308 0.32572115384615385 0.04056490384615385 0.1971153846153846
0 0.3076923076923077 0.5372596153846154 0.07301682692307693 0.09765625
0 0.3088942307692308 0.4182692307692308 0.0655048076923077 0.06820913461538461
0 0.3918269230769231 0.41346153846153844 0.05829326923076923 0.08623798076923077
0 0.8918269230769231 0.5180288461538461 0.06370192307692307 0.07481971153846154
0 0.6538461538461539 0.7019230769230769 0.06790865384615384 0.07782451923076923
0 0.5877403846153846 0.7391826923076923 0.06580528846153846 0.08924278846153846
0 0.49278846153846156 0.734375 0.05859375 0.08383413461538461
0 0.40024038461538464 0.7824519230769231 0.12650240384615385 0.2548076923076923