2 0.18269230769230768 0.2956730769230769 0.30799278846153844 0.3557692307692308
2 0.1814903846153846 0.6177884615384616 0.3125 0.3037860576923077
2 0.5805288461538461 0.33653846153846156 0.5399639423076923 0.47205528846153844
2 0.46634615384615385 0.6466346153846154 0.27493990384615385 0.21183894230769232
2 0.4807692307692308 0.8293269230769231 0.06790865384615384 0.16736778846153846
2 0.578125 0.8377403846153846 0.13611778846153846 0.16165865384615385
2 0.7596153846153846 0.7451923076923077 0.3173076923076923 0.3467548076923077
1 0.921875 0.7608173076923077 0.035757211538461536 0.16646634615384615
1 0.8293269230769231 0.3112980769230769 0.0634014423076923 0.2860576923076923
1 0.027644230769230768 0.625 0.041165865384615384 0.15354567307692307
1 0.028846153846153848 0.3329326923076923 0.0390625 0.1856971153846154
0 0.30288461538461536 0.5336538461538461 0.06670673076923077 0.0868389423076923
0 0.30288461538461536 0.4206730769230769 0.0625 0.06310096153846154
0 0.38221153846153844 0.41586538461538464 0.054086538461538464 0.0829326923076923
0 0.8581730769230769 0.515625 0.06670673076923077 0.07451923076923077
0 0.6322115384615384 0.6911057692307693 0.07181490384615384 0.08173076923076923
0 0.5685096153846154 0.7259615384615384 0.059495192307692304 0.08233173076923077
0 0.47836538461538464 0.7223557692307693 0.0634014423076923 0.08413461538461539
0 0.390625 0.7680288461538461 0.0889423076923077 0.2403846153846154