2 0.13942307692307693 0.20793269230769232 0.13431490384615385 0.3245192307692308
2 0.3786057692307692 0.2283653846153846 0.41616586538461536 0.390625
2 0.7427884615384616 0.234375 0.31820913461538464 0.38461538461538464
2 0.5432692307692307 0.5973557692307693 0.13341346153846154 0.37259615384615385
2 0.8112980769230769 0.7632211538461539 0.20402644230769232 0.23407451923076922
2 0.8449519230769231 0.5420673076923077 0.10877403846153846 0.21424278846153846
2 0.6947115384615384 0.5108173076923077 0.1739783653846154 0.15564903846153846
2 0.6574519230769231 0.6442307692307693 0.11298076923076923 0.1045673076923077
2 0.6622596153846154 0.7884615384615384 0.14423076923076922 0.1739783653846154
1 0.9026442307692307 0.24879807692307693 0.01201923076923077 0.12980769230769232
1 0.90625 0.546875 0.0234375 0.07211538461538461
1 0.9038461538461539 0.7572115384615384 0.019230769230769232 0.12079326923076923
1 0.17427884615384615 0.1778846153846154 0.03545673076923077 0.14453125
1 0.10096153846153846 0.20552884615384615 0.04807692307692308 0.3152043269230769