2 0.09375 0.21033653846153846 0.07151442307692307 0.3440504807692308
2 0.34615384615384615 0.23076923076923078 0.47085336538461536 0.4480168269230769
2 0.7295673076923077 0.23677884615384615 0.37650240384615385 0.43569711538461536
2 0.5192307692307693 0.6201923076923077 0.15294471153846154 0.39513221153846156
2 0.8016826923076923 0.7956730769230769 0.22385817307692307 0.25390625
2 0.8377403846153846 0.5625 0.13131009615384615 0.23167067307692307
2 0.6790865384615384 0.5300480769230769 0.20042067307692307 0.18118990384615385
2 0.6394230769230769 0.6706730769230769 0.1240985576923077 0.11177884615384616
2 0.6454326923076923 0.8221153846153846 0.13731971153846154 0.17427884615384615
1 0.8990384615384616 0.25240384615384615 0.029146634615384616 0.13521634615384615
1 0.9014423076923077 0.5685096153846154 0.01893028846153846 0.07481971153846154
1 0.9002403846153846 0.7896634615384616 0.03665865384615385 0.1268028846153846
1 0.12980769230769232 0.1778846153846154 0.024338942307692308 0.15384615384615385
1 0.052884615384615384 0.20793269230769232 0.07301682692307693 0.32361778846153844