2 0.125 0.18629807692307693 0.10126201923076923 0.33804086538461536
2 0.36899038461538464 0.21033653846153846 0.4495192307692308 0.4206730769230769
2 0.7427884615384616 0.21394230769230768 0.3798076923076923 0.42788461538461536
2 0.5384615384615384 0.5853365384615384 0.12079326923076923 0.3780048076923077
2 0.8137019230769231 0.7560096153846154 0.21484375 0.24519230769230768
2 0.8485576923076923 0.5288461538461539 0.1484375 0.22986778846153846
2 0.6947115384615384 0.49759615384615385 0.1875 0.16856971153846154
2 0.65625 0.6346153846153846 0.1201923076923077 0.11117788461538461
2 0.6610576923076923 0.78125 0.1349158653846154 0.17247596153846154
1 0.9086538461538461 0.2283653846153846 0.03395432692307692 0.13010817307692307
1 0.9110576923076923 0.5348557692307693 0.015024038461538462 0.07451923076923077
1 0.9086538461538461 0.75 0.013822115384615384 0.12530048076923078
1 0.16105769230769232 0.15625 0.03395432692307692 0.14783653846153846
1 0.08533653846153846 0.18389423076923078 0.04657451923076923 0.3206129807692308