2 0.09134615384615384 0.26802884615384615 0.16316105769230768 0.2659254807692308
2 0.2548076923076923 0.4326923076923077 0.21634615384615385 0.22175480769230768
2 0.25240384615384615 0.23677884615384615 0.18659855769230768 0.18419471153846154
2 0.39903846153846156 0.1971153846153846 0.0907451923076923 0.10606971153846154
2 0.5048076923076923 0.19471153846153846 0.12049278846153846 0.109375
2 0.5048076923076923 0.3473557692307692 0.14453125 0.2049278846153846
2 0.5060096153846154 0.49158653846153844 0.12229567307692307 0.09344951923076923
2 0.39783653846153844 0.35336538461538464 0.0985576923076923 0.20192307692307693
2 0.37259615384615385 0.49759615384615385 0.0390625 0.061598557692307696
2 0.4206730769230769 0.4891826923076923 0.047776442307692304 0.07481971153846154
2 0.41947115384615385 0.6237980769230769 0.17457932692307693 0.17638221153846154
2 0.5348557692307693 0.6213942307692307 0.08323317307692307 0.17307692307692307
2 0.7463942307692307 0.25961538461538464 0.31039663461538464 0.2698317307692308
2 0.6862980769230769 0.4579326923076923 0.1796875 0.15625
2 0.8822115384615384 0.6213942307692307 0.23557692307692307 0.2091346153846154
2 0.8004807692307693 0.45913461538461536 0.038461538461538464 0.14393028846153846
2 0.8581730769230769 0.4579326923076923 0.07211538461538461 0.1463341346153846
2 0.9242788461538461 0.33533653846153844 0.15144230769230768 0.3918269230769231
0 0.953125 0.5588942307692307 0.0546875 0.06971153846153846
0 0.6814903846153846 0.359375 0.08353365384615384 0.07001201923076923
0 0.7932692307692307 0.3641826923076923 0.034254807692307696 0.051382211538461536
0 0.8473557692307693 0.3629807692307692 0.039963942307692304 0.054086538461538464
0 0.4254807692307692 0.2764423076923077 0.05228365384615385 0.0673076923076923
0 0.4699519230769231 0.27403846153846156 0.040865384615384616 0.047776442307692304
0 0.49038461538461536 0.4699519230769231 0.047475961538461536 0.06881009615384616
0 0.49158653846153844 0.6418269230769231 0.04807692307692308 0.06129807692307692
0 0.4807692307692308 0.5564903846153846 0.043569711538461536 0.06400240384615384
0 0.37259615384615385 0.5516826923076923 0.043870192307692304 0.06400240384615384
0 0.13822115384615385 0.30528846153846156 0.06460336538461539 0.061598557692307696
0 0.3329326923076923 0.3004807692307692 0.052884615384615384 0.061598557692307696
0 0.33413461538461536 0.36778846153846156 0.04837740384615385 0.057692307692307696
0 0.3894230769230769 0.4411057692307692 0.057692307692307696 0.0546875
1 0.15865384615384615 0.453125 0.020432692307692308 0.0703125
1 0.15865384615384615 0.24278846153846154 0.023737980769230768 0.0712139423076923
1 0.5661057692307693 0.3245192307692308 0.007512019230769231 0.038161057692307696
1 0.6021634615384616 0.25961538461538464 0.028846153846153848 0.14963942307692307
1 0.6021634615384616 0.4266826923076923 0.0078125 0.06971153846153846
1 0.5649038461538461 0.22235576923076922 0.013521634615384616 0.03125