2 0.09134615384615384 0.30408653846153844 0.16736778846153846 0.2566105769230769
2 0.25 0.4651442307692308 0.19200721153846154 0.19861778846153846
2 0.24759615384615385 0.27524038461538464 0.20643028846153846 0.20402644230769232
2 0.3894230769230769 0.23677884615384615 0.1045673076923077 0.11358173076923077
2 0.49158653846153844 0.234375 0.1201923076923077 0.10877403846153846
2 0.49158653846153844 0.38100961538461536 0.14182692307692307 0.19921875
2 0.49278846153846156 0.5216346153846154 0.11538461538461539 0.08143028846153846
2 0.38822115384615385 0.38822115384615385 0.08834134615384616 0.19381009615384615
2 0.3641826923076923 0.5276442307692307 0.03515625 0.059495192307692304
2 0.4110576923076923 0.5204326923076923 0.057692307692307696 0.0790264423076923
2 0.40865384615384615 0.6502403846153846 0.16766826923076922 0.17067307692307693
2 0.5216346153846154 0.6478365384615384 0.08173076923076923 0.1700721153846154
2 0.7259615384615384 0.296875 0.3034855769230769 0.26742788461538464
2 0.6682692307692307 0.4891826923076923 0.18329326923076922 0.16496394230769232
2 0.8677884615384616 0.6478365384615384 0.23677884615384615 0.19561298076923078
2 0.7776442307692307 0.49038461538461536 0.059194711538461536 0.14002403846153846
2 0.8341346153846154 0.4891826923076923 0.06129807692307692 0.14092548076923078
2 0.9194711538461539 0.37259615384615385 0.15715144230769232 0.3792067307692308
0 0.9254807692307693 0.5865384615384616 0.052584134615384616 0.0673076923076923
0 0.6634615384615384 0.39302884615384615 0.07632211538461539 0.0625
0 0.7704326923076923 0.39783653846153844 0.03635817307692308 0.05048076923076923
0 0.8233173076923077 0.39783653846153844 0.036057692307692304 0.051382211538461536
0 0.41466346153846156 0.3125 0.05438701923076923 0.06610576923076923
0 0.4579326923076923 0.3112980769230769 0.04056490384615385 0.04567307692307692
0 0.47716346153846156 0.5 0.044771634615384616 0.06640625
0 0.4795673076923077 0.6670673076923077 0.041165865384615384 0.055588942307692304
0 0.46875 0.5841346153846154 0.048677884615384616 0.06670673076923077
0 0.3641826923076923 0.5805288461538461 0.04056490384615385 0.06009615384615385
0 0.13701923076923078 0.34134615384615385 0.05739182692307692 0.05318509615384615
0 0.32572115384615385 0.33653846153846156 0.05078125 0.05829326923076923
0 0.32572115384615385 0.4014423076923077 0.051382211538461536 0.061598557692307696
0 0.38100961538461536 0.4723557692307692 0.055588942307692304 0.051382211538461536
1 0.15625 0.484375 0.01893028846153846 0.06971153846153846
1 0.15745192307692307 0.28125 0.021334134615384616 0.06760817307692307
1 0.5516826923076923 0.3605769230769231 0.012319711538461538 0.03786057692307692
1 0.5853365384615384 0.296875 0.020733173076923076 0.14603365384615385
1 0.5865384615384616 0.4579326923076923 0.009915865384615384 0.0655048076923077
1 0.5504807692307693 0.2608173076923077 0.009915865384615384 0.030949519230769232