2 0.0829326923076923 0.29927884615384615 0.16105769230769232 0.2530048076923077
2 0.23918269230769232 0.4579326923076923 0.2052283653846154 0.21334134615384615
2 0.23798076923076922 0.2704326923076923 0.17878605769230768 0.17638221153846154
2 0.37740384615384615 0.23197115384615385 0.10126201923076923 0.11207932692307693
2 0.47836538461538464 0.22956730769230768 0.12049278846153846 0.11207932692307693
2 0.4795673076923077 0.375 0.11748798076923077 0.18810096153846154
2 0.4795673076923077 0.5144230769230769 0.11268028846153846 0.08082932692307693
2 0.3762019230769231 0.38100961538461536 0.08984375 0.19381009615384615
2 0.35216346153846156 0.5204326923076923 0.03155048076923077 0.055588942307692304
2 0.39903846153846156 0.5120192307692307 0.043569711538461536 0.07241586538461539
2 0.39663461538461536 0.640625 0.19140625 0.19080528846153846
2 0.5084134615384616 0.6382211538461539 0.07542067307692307 0.16646634615384615
2 0.7103365384615384 0.2920673076923077 0.2956730769230769 0.25631009615384615
2 0.6526442307692307 0.48197115384615385 0.17608173076923078 0.15655048076923078
2 0.8509615384615384 0.6394230769230769 0.2205528846153846 0.16856971153846154
2 0.7620192307692307 0.4831730769230769 0.052884615384615384 0.13942307692307693
2 0.8173076923076923 0.4807692307692308 0.057692307692307696 0.1388221153846154
2 0.9026442307692307 0.36658653846153844 0.11298076923076923 0.36778846153846156
0 0.9086538461538461 0.578125 0.048978365384615384 0.06460336538461539
0 0.6490384615384616 0.3870192307692308 0.0772235576923077 0.06640625
0 0.7548076923076923 0.3918269230769231 0.029146634615384616 0.047776442307692304
0 0.8076923076923077 0.390625 0.038461538461538464 0.05108173076923077
0 0.4026442307692308 0.3076923076923077 0.050180288461538464 0.06219951923076923
0 0.44471153846153844 0.30528846153846156 0.03876201923076923 0.043569711538461536
0 0.4651442307692308 0.49278846153846156 0.04146634615384615 0.06370192307692307
0 0.46634615384615385 0.6586538461538461 0.047776442307692304 0.05889423076923077
0 0.4567307692307692 0.5757211538461539 0.04717548076923077 0.06460336538461539
0 0.35336538461538464 0.5721153846153846 0.047776442307692304 0.06219951923076923
0 0.12740384615384615 0.33533653846153844 0.05859375 0.055588942307692304
0 0.31490384615384615 0.33052884615384615 0.057692307692307696 0.06400240384615384
0 0.31490384615384615 0.3954326923076923 0.047776442307692304 0.055288461538461536
0 0.36899038461538464 0.4651442307692308 0.05618990384615385 0.052884615384615384
1 0.1466346153846154 0.47716346153846156 0.023737980769230768 0.06911057692307693
1 0.14783653846153846 0.2764423076923077 0.020733173076923076 0.06760817307692307
1 0.5384615384615384 0.35336538461538464 0.013521634615384616 0.034254807692307696
1 0.5721153846153846 0.29086538461538464 0.028545673076923076 0.14332932692307693
1 0.5721153846153846 0.45072115384615385 0.008713942307692308 0.06520432692307693
1 0.5372596153846154 0.25600961538461536 0.01141826923076923 0.028846153846153848