2 0.13341346153846154 0.1658653846153846 0.18449519230769232 0.13401442307692307
2 0.3004807692307692 0.13942307692307693 0.16887019230769232 0.19170673076923078
2 0.17427884615384615 0.3317307692307692 0.28185096153846156 0.21183894230769232
2 0.1310096153846154 0.6959134615384616 0.22896634615384615 0.5552884615384616
2 0.3137019230769231 0.7463942307692307 0.17457932692307693 0.27884615384615385
2 0.31971153846153844 0.40865384615384615 0.20612980769230768 0.3512620192307692
2 0.47475961538461536 0.34134615384615385 0.21844951923076922 0.4606370192307692
2 0.5012019230769231 0.734375 0.22926682692307693 0.32211538461538464
2 0.6442307692307693 0.5865384615384616 0.20673076923076922 0.3308293269230769
2 0.6670673076923077 0.7584134615384616 0.1201923076923077 0.1180889423076923
2 0.6706730769230769 0.8942307692307693 0.11478365384615384 0.11989182692307693
2 0.84375 0.6706730769230769 0.29236778846153844 0.47115384615384615
2 0.9014423076923077 0.26802884615384615 0.14903846153846154 0.31881009615384615
2 0.7451923076923077 0.2704326923076923 0.18780048076923078 0.3055889423076923
2 0.6033653846153846 0.21995192307692307 0.12139423076923077 0.2052283653846154
2 0.6057692307692307 0.3762019230769231 0.09525240384615384 0.10817307692307693
0 0.5384615384615384 0.2247596153846154 0.057692307692307696 0.07451923076923077
0 0.3449519230769231 0.19951923076923078 0.049879807692307696 0.07632211538461539
0 0.2439903846153846 0.18629807692307693 0.0625 0.06490384615384616
0 0.2848557692307692 0.3293269230769231 0.05078125 0.06760817307692307
0 0.1778846153846154 0.28365384615384615 0.06280048076923077 0.07602163461538461
0 0.36538461538461536 0.5360576923076923 0.04837740384615385 0.08233173076923077
0 0.25240384615384615 0.7992788461538461 0.06820913461538461 0.07872596153846154
0 0.2824519230769231 0.9194711538461539 0.050180288461538464 0.08864182692307693
0 0.5348557692307693 0.47836538461538464 0.05979567307692308 0.0772235576923077
0 0.6081730769230769 0.46634615384615385 0.051682692307692304 0.078125
0 0.6814903846153846 0.4639423076923077 0.0546875 0.08263221153846154
0 0.6887019230769231 0.7415865384615384 0.05078125 0.07391826923076923
0 0.6899038461538461 0.8581730769230769 0.047776442307692304 0.0868389423076923
0 0.8725961538461539 0.4014423076923077 0.04447115384615385 0.07181490384615384
1 0.5144230769230769 0.8882211538461539 0.10096153846153846 0.03515625
1 0.49038461538461536 0.10576923076923077 0.10126201923076923 0.046875
1 0.6021634615384616 0.10576923076923077 0.049879807692307696 0.020432692307692308
1 0.71875 0.11057692307692307 0.09645432692307693 0.02013221153846154
1 0.96875 0.27524038461538464 0.03756009615384615 0.1271033653846154
1 0.9675480769230769 0.6682692307692307 0.028846153846153848 0.2980769230769231