2 0.12980769230769232 0.1658653846153846 0.18359375 0.1346153846153846
2 0.2980769230769231 0.13942307692307693 0.17848557692307693 0.1974158653846154
2 0.171875 0.3329326923076923 0.2854567307692308 0.21814903846153846
2 0.12740384615384615 0.6995192307692307 0.24909855769230768 0.5615985576923077
2 0.3112980769230769 0.75 0.19411057692307693 0.28966346153846156
2 0.3173076923076923 0.4098557692307692 0.15324519230769232 0.3428485576923077
2 0.4735576923076923 0.3425480769230769 0.24459134615384615 0.4636418269230769
2 0.5 0.7367788461538461 0.2608173076923077 0.3389423076923077
2 0.6442307692307693 0.5889423076923077 0.16436298076923078 0.32181490384615385
2 0.6670673076923077 0.7620192307692307 0.12800480769230768 0.12890625
2 0.6694711538461539 0.8990384615384616 0.11268028846153846 0.11959134615384616
2 0.8449519230769231 0.6730769230769231 0.25 0.46033653846153844
2 0.9026442307692307 0.2692307692307692 0.15174278846153846 0.3212139423076923
2 0.7451923076923077 0.27163461538461536 0.2169471153846154 0.3215144230769231
2 0.6021634615384616 0.21995192307692307 0.08473557692307693 0.19951923076923078
2 0.6045673076923077 0.37740384615384615 0.1024639423076923 0.11508413461538461
0 0.5372596153846154 0.2247596153846154 0.06009615384615385 0.0751201923076923
0 0.3425480769230769 0.19951923076923078 0.05588942307692308 0.07752403846153846
0 0.24158653846153846 0.18629807692307693 0.06490384615384616 0.0673076923076923
0 0.2824519230769231 0.33052884615384615 0.06400240384615384 0.07542067307692307
0 0.17548076923076922 0.2848557692307692 0.05709134615384615 0.07061298076923077
0 0.3629807692307692 0.5372596153846154 0.047776442307692304 0.07992788461538461
0 0.24879807692307693 0.8028846153846154 0.0625 0.07211538461538461
0 0.2800480769230769 0.9242788461538461 0.050180288461538464 0.08864182692307693
0 0.5348557692307693 0.4795673076923077 0.055588942307692304 0.0751201923076923
0 0.6069711538461539 0.46875 0.059495192307692304 0.08623798076923077
0 0.6802884615384616 0.46634615384615385 0.0625 0.08713942307692307
0 0.6887019230769231 0.7451923076923077 0.049879807692307696 0.07241586538461539
0 0.6899038461538461 0.8629807692307693 0.05198317307692308 0.09014423076923077
0 0.8737980769230769 0.4026442307692308 0.04657451923076923 0.07211538461538461
1 0.5132211538461539 0.8930288461538461 0.10276442307692307 0.036959134615384616
1 0.4879807692307692 0.10576923076923077 0.1015625 0.04927884615384615
1 0.6021634615384616 0.10576923076923077 0.049879807692307696 0.027644230769230768
1 0.71875 0.11057692307692307 0.10036057692307693 0.03275240384615385
1 0.9699519230769231 0.27524038461538464 0.04326923076923077 0.12740384615384615
1 0.96875 0.671875 0.043870192307692304 0.2998798076923077