2 0.1141826923076923 0.14543269230769232 0.20462740384615385 0.15685096153846154
2 0.29086538461538464 0.11778846153846154 0.17337740384615385 0.19651442307692307
2 0.15745192307692307 0.31971153846153844 0.28846153846153844 0.20162259615384615
2 0.1141826923076923 0.703125 0.2283653846153846 0.5841346153846154
2 0.30408653846153844 0.7584134615384616 0.22265625 0.31099759615384615
2 0.3112980769230769 0.4014423076923077 0.1778846153846154 0.36568509615384615
2 0.47475961538461536 0.33052884615384615 0.2244591346153846 0.48287259615384615
2 0.5024038461538461 0.7451923076923077 0.27403846153846156 0.3551682692307692
2 0.6538461538461539 0.5889423076923077 0.19110576923076922 0.34194711538461536
2 0.6778846153846154 0.7716346153846154 0.1307091346153846 0.13040865384615385
2 0.6814903846153846 0.9146634615384616 0.1271033653846154 0.13161057692307693
2 0.8617788461538461 0.6766826923076923 0.2764423076923077 0.4879807692307692
2 0.9194711538461539 0.25240384615384615 0.16105769230769232 0.33653846153846156
2 0.7596153846153846 0.25600961538461536 0.19801682692307693 0.3239182692307692
2 0.609375 0.20192307692307693 0.0985576923076923 0.2127403846153846
2 0.6129807692307693 0.36778846153846156 0.09164663461538461 0.10667067307692307
0 0.5408653846153846 0.20673076923076922 0.052884615384615384 0.07241586538461539
0 0.33774038461538464 0.1814903846153846 0.06009615384615385 0.08383413461538461
0 0.23076923076923078 0.16706730769230768 0.07181490384615384 0.07361778846153846
0 0.27403846153846156 0.3173076923076923 0.06640625 0.078125
0 0.16105769230769232 0.2692307692307692 0.0625 0.07632211538461539
0 0.359375 0.5360576923076923 0.05979567307692308 0.0868389423076923
0 0.23918269230769232 0.8137019230769231 0.0673076923076923 0.07962740384615384
0 0.27163461538461536 0.9411057692307693 0.047776442307692304 0.09134615384615384
0 0.5384615384615384 0.47475961538461536 0.057992788461538464 0.07872596153846154
0 0.6153846153846154 0.46274038461538464 0.05709134615384615 0.08834134615384616
0 0.6923076923076923 0.46033653846153844 0.05889423076923077 0.08864182692307693
0 0.7007211538461539 0.7536057692307693 0.05618990384615385 0.07932692307692307
0 0.7019230769230769 0.8762019230769231 0.05859375 0.09405048076923077
0 0.8954326923076923 0.39302884615384615 0.059194711538461536 0.07932692307692307
1 0.5168269230769231 0.9074519230769231 0.1063701923076923 0.04026442307692308
1 0.49038461538461536 0.08173076923076923 0.1063701923076923 0.052584134615384616
1 0.609375 0.08173076923076923 0.05048076923076923 0.01953125
1 0.7319711538461539 0.08653846153846154 0.10336538461538461 0.027644230769230768
1 0.9855769230769231 0.25961538461538464 0.028846153846153848 0.12980769230769232
1 0.9879807692307693 0.6742788461538461 0.02403846153846154 0.31490384615384615