1 0.08173076923076923 0.125 0.06700721153846154 0.1063701923076923
1 0.13701923076923078 0.2620192307692308 0.17668269230769232 0.15985576923076922
1 0.20793269230769232 0.42427884615384615 0.3350360576923077 0.2049278846153846
1 0.29447115384615385 0.2824519230769231 0.15174278846153846 0.13311298076923078
1 0.49158653846153844 0.3858173076923077 0.24669471153846154 0.2530048076923077
1 0.28725961538461536 0.14423076923076922 0.12289663461538461 0.14393028846153846
1 0.17307692307692307 0.12620192307692307 0.11478365384615384 0.11748798076923077
1 0.5252403846153846 0.16706730769230768 0.3440504807692308 0.21153846153846154
1 0.6911057692307693 0.33533653846153844 0.16496394230769232 0.16015625
1 0.6670673076923077 0.43509615384615385 0.10396634615384616 0.057992788461538464
1 0.8353365384615384 0.42427884615384615 0.20823317307692307 0.1619591346153846
1 0.828125 0.30288461538461536 0.08383413461538461 0.08623798076923077
1 0.9014423076923077 0.30288461538461536 0.06820913461538461 0.07752403846153846
1 0.8149038461538461 0.16466346153846154 0.25991586538461536 0.21875
0 0.6177884615384616 0.07692307692307693 0.061598557692307696 0.07241586538461539
0 0.24278846153846154 0.1310096153846154 0.04417067307692308 0.03635817307692308
0 0.2920673076923077 0.23677884615384615 0.04807692307692308 0.045973557692307696
0 0.07572115384615384 0.19951923076923078 0.041165865384615384 0.04296875
0 0.03125 0.31490384615384615 0.057992788461538464 0.043569711538461536
0 0.11778846153846154 0.3245192307692308 0.061598557692307696 0.05318509615384615
0 0.21754807692307693 0.31850961538461536 0.10727163461538461 0.059194711538461536
0 0.3112980769230769 0.32572115384615385 0.059194711538461536 0.059194711538461536
0 0.6310096153846154 0.3173076923076923 0.0625 0.046875
0 0.6742788461538461 0.3918269230769231 0.0673076923076923 0.061598557692307696
0 0.6730769230769231 0.4795673076923077 0.06790865384615384 0.06520432692307693
0 0.7560096153846154 0.36177884615384615 0.060396634615384616 0.050180288461538464
0 0.9026442307692307 0.3605769230769231 0.05078125 0.052884615384615384
0 0.7704326923076923 0.3076923076923077 0.06400240384615384 0.04417067307692308
0 0.7596153846153846 0.2439903846153846 0.05318509615384615 0.052884615384615384
2 0.6862980769230769 0.7908653846153846 0.3527644230769231 0.3605769230769231
2 0.2776442307692308 0.8737980769230769 0.4735576923076923 0.25240384615384615
2 0.4074519230769231 0.6971153846153846 0.20042067307692307 0.1778846153846154
2 0.09254807692307693 0.6538461538461539 0.08984375 0.08743990384615384
2 0.09014423076923077 0.7403846153846154 0.08954326923076923 0.08713942307692307
2 0.22115384615384615 0.7103365384615384 0.1775841346153846 0.16015625
1 0.25721153846153844 0.5048076923076923 0.06670673076923077 0.020432692307692308
1 0.30649038461538464 0.5048076923076923 0.036057692307692304 0.005709134615384615
1 0.45072115384615385 0.5048076923076923 0.030949519230769232 0.009915865384615384
1 0.5108173076923077 0.5060096153846154 0.08022836538461539 0.02403846153846154
1 0.7980769230769231 0.5048076923076923 0.03365384615384615 0.010516826923076924
1 0.8509615384615384 0.5048076923076923 0.06610576923076923 0.0234375
1 0.1814903846153846 0.06971153846153846 0.038461538461538464 0.009014423076923076
1 0.25721153846153844 0.07211538461538461 0.01953125 0.013521634615384616
1 0.296875 0.07091346153846154 0.0625 0.009615384615384616
1 0.4543269230769231 0.0733173076923077 0.0907451923076923 0.016826923076923076
1 0.5372596153846154 0.07211538461538461 0.08834134615384616 0.020432692307692308
1 0.796875 0.07091346153846154 0.038461538461538464 0.019230769230769232
1 0.8509615384615384 0.07211538461538461 0.06280048076923077 0.015024038461538462
1 0.41466346153846156 0.609375 0.09615384615384616 0.012319711538461538
1 0.1971153846153846 0.9735576923076923 0.10606971153846154 0.005108173076923077
1 0.46153846153846156 0.9723557692307693 0.08233173076923077 0.03064903846153846
1 0.7079326923076923 0.9723557692307693 0.10276442307692307 0.03064903846153846
1 0.18028846153846154 0.6454326923076923 0.029146634615384616 0.012920673076923076
1 0.27283653846153844 0.6466346153846154 0.03635817307692308 0.005108173076923077
0 0.22235576923076922 0.6454326923076923 0.07421875 0.11328125
0 0.2920673076923077 0.6706730769230769 0.05498798076923077 0.04266826923076923
0 0.15384615384615385 0.703125 0.07151442307692307 0.08834134615384616
0 0.18509615384615385 0.7644230769230769 0.07151442307692307 0.06219951923076923
0 0.6021634615384616 0.5805288461538461 0.14723557692307693 0.0703125
0 0.7644230769230769 0.5793269230769231 0.13371394230769232 0.07151442307692307
0 0.48677884615384615 0.9495192307692307 0.05588942307692308 0.04417067307692308
0 0.640625 0.9471153846153846 0.059194711538461536 0.043569711538461536