1 0.08774038461538461 0.13221153846153846 0.06911057692307693 0.10967548076923077
1 0.14182692307692307 0.2668269230769231 0.18209134615384615 0.16887019230769232
1 0.21153846153846154 0.4266826923076923 0.32211538461538464 0.17487980769230768
1 0.296875 0.2860576923076923 0.13671875 0.11568509615384616
1 0.49158653846153844 0.3870192307692308 0.22776442307692307 0.23527644230769232
1 0.28966346153846156 0.15144230769230768 0.11868990384615384 0.13972355769230768
1 0.17668269230769232 0.13221153846153846 0.1123798076923077 0.11538461538461539
1 0.5240384615384616 0.17307692307692307 0.34525240384615385 0.22205528846153846
1 0.6875 0.3389423076923077 0.16736778846153846 0.16316105769230768
1 0.6634615384615384 0.4362980769230769 0.10546875 0.06099759615384615
1 0.8293269230769231 0.4254807692307692 0.22626201923076922 0.19260817307692307
1 0.8221153846153846 0.30649038461538464 0.0811298076923077 0.08353365384615384
1 0.8942307692307693 0.30649038461538464 0.06820913461538461 0.07481971153846154
1 0.8088942307692307 0.17067307692307693 0.25180288461538464 0.20703125
0 0.6153846153846154 0.08413461538461539 0.06280048076923077 0.07301682692307693
0 0.24639423076923078 0.13701923076923078 0.04657451923076923 0.03786057692307692
0 0.29447115384615385 0.24158653846153846 0.05108173076923077 0.04807692307692308
0 0.08173076923076923 0.20432692307692307 0.04717548076923077 0.04447115384615385
0 0.038461538461538464 0.31850961538461536 0.05889423076923077 0.046274038461538464
0 0.12379807692307693 0.328125 0.05979567307692308 0.05498798076923077
0 0.22235576923076922 0.32211538461538464 0.09945913461538461 0.046875
0 0.3137019230769231 0.3293269230769231 0.06009615384615385 0.06129807692307692
0 0.6286057692307693 0.32091346153846156 0.06460336538461539 0.05078125
0 0.671875 0.3942307692307692 0.06099759615384615 0.05228365384615385
0 0.6694711538461539 0.4807692307692308 0.06881009615384616 0.06670673076923077
0 0.7512019230769231 0.36538461538461536 0.05618990384615385 0.039663461538461536
0 0.8954326923076923 0.3629807692307692 0.04657451923076923 0.04837740384615385
0 0.765625 0.31009615384615385 0.06009615384615385 0.04296875
0 0.7548076923076923 0.24759615384615385 0.05198317307692308 0.048978365384615384
2 0.6826923076923077 0.7872596153846154 0.3740985576923077 0.38131009615384615
2 0.28125 0.8737980769230769 0.4657451923076923 0.25210336538461536
2 0.4074519230769231 0.6947115384615384 0.2052283653846154 0.18629807692307693
2 0.0985576923076923 0.6526442307692307 0.09164663461538461 0.0889423076923077
2 0.09615384615384616 0.7367788461538461 0.09525240384615384 0.09314903846153846
2 0.2247596153846154 0.7079326923076923 0.16496394230769232 0.1424278846153846
1 0.25961538461538464 0.5048076923076923 0.06700721153846154 0.009615384615384616
1 0.3088942307692308 0.5048076923076923 0.03545673076923077 0.009915865384615384
1 0.45072115384615385 0.5060096153846154 0.030949519230769232 0.007512019230769231
1 0.5108173076923077 0.5060096153846154 0.08323317307692307 0.016826923076923076
1 0.7932692307692307 0.5060096153846154 0.03365384615384615 0.012319711538461538
1 0.8449519230769231 0.5048076923076923 0.06490384615384616 0.010817307692307692
1 0.18629807692307693 0.07692307692307693 0.038461538461538464 0.009014423076923076
1 0.2608173076923077 0.07932692307692307 0.021334134615384616 0.013521634615384616
1 0.29927884615384615 0.078125 0.060396634615384616 0.012620192307692308
1 0.4543269230769231 0.08052884615384616 0.08623798076923077 0.017427884615384616
1 0.5360576923076923 0.07932692307692307 0.0868389423076923 0.018629807692307692
1 0.7920673076923077 0.078125 0.038461538461538464 0.01622596153846154
1 0.8449519230769231 0.07932692307692307 0.06460336538461539 0.019230769230769232
1 0.41586538461538464 0.6081730769230769 0.0907451923076923 0.02794471153846154
1 0.20072115384615385 0.9663461538461539 0.10306490384615384 0.014723557692307692
1 0.46153846153846156 0.9651442307692307 0.08173076923076923 0.017427884615384616
1 0.7043269230769231 0.9651442307692307 0.10096153846153846 0.022235576923076924
1 0.18389423076923078 0.6442307692307693 0.030949519230769232 0.010516826923076924
1 0.2764423076923077 0.6454326923076923 0.034254807692307696 0.002704326923076923
0 0.22596153846153846 0.6430288461538461 0.0673076923076923 0.10787259615384616
0 0.29447115384615385 0.6682692307692307 0.05048076923076923 0.034555288461538464
0 0.15865384615384615 0.6995192307692307 0.06610576923076923 0.08263221153846154
0 0.18870192307692307 0.7608173076923077 0.07361778846153846 0.06520432692307693
0 0.6009615384615384 0.5805288461538461 0.1484375 0.07962740384615384
0 0.7596153846153846 0.5793269230769231 0.13371394230769232 0.07241586538461539
0 0.4855769230769231 0.9435096153846154 0.05739182692307692 0.04567307692307692
0 0.6382211538461539 0.9411057692307693 0.05498798076923077 0.03545673076923077