1 0.1045673076923077 0.11298076923076923 0.060396634615384616 0.1015625
1 0.15865384615384615 0.24759615384615385 0.17878605769230768 0.16796875
1 0.2283653846153846 0.4074519230769231 0.31700721153846156 0.16526442307692307
1 0.3125 0.2668269230769231 0.13521634615384615 0.11448317307692307
1 0.5060096153846154 0.36778846153846156 0.22746394230769232 0.23497596153846154
1 0.30528846153846156 0.13221153846153846 0.12530048076923078 0.14423076923076922
1 0.1935096153846154 0.1141826923076923 0.11538461538461539 0.11748798076923077
1 0.5384615384615384 0.15384615384615385 0.3362379807692308 0.20252403846153846
1 0.7007211538461539 0.31971153846153844 0.14603365384615385 0.14332932692307693
1 0.6778846153846154 0.4170673076923077 0.10096153846153846 0.0546875
1 0.8425480769230769 0.40625 0.22596153846153846 0.19290865384615385
1 0.8353365384615384 0.28725961538461536 0.0790264423076923 0.08173076923076923
1 0.90625 0.28725961538461536 0.0733173076923077 0.08323317307692307
1 0.8221153846153846 0.15264423076923078 0.2442908653846154 0.19861778846153846
0 0.6298076923076923 0.06610576923076923 0.0625 0.07451923076923077
0 0.2620192307692308 0.11899038461538461 0.047776442307692304 0.04026442307692308
0 0.31009615384615385 0.22235576923076922 0.052584134615384616 0.049879807692307696
0 0.0985576923076923 0.18629807692307693 0.043569711538461536 0.04146634615384615
0 0.055288461538461536 0.29927884615384615 0.061899038461538464 0.04807692307692308
0 0.140625 0.3088942307692308 0.0625 0.059194711538461536
0 0.23798076923076922 0.30288461538461536 0.10186298076923077 0.057692307692307696
0 0.3293269230769231 0.31009615384615385 0.061899038461538464 0.061899038461538464
0 0.6418269230769231 0.3016826923076923 0.06219951923076923 0.04657451923076923
0 0.6850961538461539 0.375 0.0634014423076923 0.057692307692307696
0 0.6826923076923077 0.46033653846153844 0.05889423076923077 0.059495192307692304
0 0.7644230769230769 0.34615384615384615 0.05709134615384615 0.0390625
0 0.9074519230769231 0.34375 0.05048076923076923 0.052584134615384616
0 0.7788461538461539 0.2920673076923077 0.057692307692307696 0.03635817307692308
0 0.7680288461538461 0.22956730769230768 0.055288461538461536 0.05438701923076923
2 0.6971153846153846 0.765625 0.34615384615384615 0.35727163461538464
2 0.296875 0.8521634615384616 0.4543269230769231 0.20402644230769232
2 0.4230769230769231 0.6742788461538461 0.2127403846153846 0.19441105769230768
2 0.11538461538461539 0.6322115384615384 0.09044471153846154 0.08623798076923077
2 0.11298076923076923 0.7151442307692307 0.08743990384615384 0.08473557692307693
2 0.2403846153846154 0.6862980769230769 0.1544471153846154 0.13311298076923078
1 0.2764423076923077 0.4855769230769231 0.0634014423076923 0.0234375
1 0.3245192307692308 0.4855769230769231 0.034254807692307696 0.008713942307692308
1 0.4651442307692308 0.4855769230769231 0.030949519230769232 0.010516826923076924
1 0.5252403846153846 0.48677884615384615 0.08383413461538461 0.0078125
1 0.8052884615384616 0.4855769230769231 0.03365384615384615 0.014723557692307692
1 0.8581730769230769 0.4855769230769231 0.06280048076923077 0.018629807692307692
1 0.203125 0.05889423076923077 0.038461538461538464 0.01141826923076923
1 0.2764423076923077 0.06129807692307692 0.02013221153846154 0.012920673076923076
1 0.31490384615384615 0.06009615384615385 0.061598557692307696 0.019831730769230768
1 0.46875 0.0625 0.08563701923076923 0.027644230769230768
1 0.5492788461538461 0.06129807692307692 0.08804086538461539 0.025841346153846152
1 0.8040865384615384 0.06009615384615385 0.038461538461538464 0.015625
1 0.8569711538461539 0.06129807692307692 0.060697115384615384 0.02403846153846154
1 0.43028846153846156 0.5877403846153846 0.09194711538461539 0.01171875
1 0.21634615384615385 0.9447115384615384 0.10126201923076923 0.024939903846153848
1 0.47596153846153844 0.9435096153846154 0.08173076923076923 0.022235576923076924
1 0.7175480769230769 0.9435096153846154 0.10336538461538461 0.014423076923076924
1 0.20072115384615385 0.6237980769230769 0.030949519230769232 0.012319711538461538
1 0.2920673076923077 0.6237980769230769 0.03545673076923077 0.007512019230769231
0 0.24278846153846154 0.6225961538461539 0.07211538461538461 0.1102764423076923
0 0.31009615384615385 0.6478365384615384 0.05709134615384615 0.044771634615384616
0 0.17548076923076922 0.6790865384615384 0.06280048076923077 0.08383413461538461
0 0.20552884615384615 0.7403846153846154 0.07001201923076923 0.0625
0 0.6141826923076923 0.5600961538461539 0.14212740384615385 0.06280048076923077
0 0.7728365384615384 0.5588942307692307 0.13611778846153846 0.08443509615384616
0 0.5 0.9206730769230769 0.05739182692307692 0.047475961538461536
0 0.6514423076923077 0.9182692307692307 0.05348557692307692 0.037259615384615384