2 0.5024038461538461 0.1045673076923077 0.8170072115384616 0.20853365384615385
2 0.26802884615384615 0.38221153846153844 0.35096153846153844 0.3662860576923077
2 0.6802884615384616 0.5348557692307693 0.4909855769230769 0.7052283653846154
2 0.23076923076923078 0.8149038461538461 0.24098557692307693 0.14002403846153846
2 0.27283653846153844 0.6634615384615384 0.34435096153846156 0.22175480769230768
0 0.5625 0.9290865384615384 0.15504807692307693 0.12229567307692307
0 0.5408653846153846 0.15745192307692307 0.15294471153846154 0.09915865384615384
0 0.38822115384615385 0.25 0.16556490384615385 0.10997596153846154
0 0.38341346153846156 0.47475961538461536 0.19050480769230768 0.08383413461538461
0 0.265625 0.7319711538461539 0.1658653846153846 0.0850360576923077
0 0.5180288461538461 0.6682692307692307 0.14723557692307693 0.10006009615384616
1 0.23557692307692307 0.18509615384615385 0.23497596153846154 0.04807692307692308
1 0.7463942307692307 0.18269230769230768 0.23347355769230768 0.07151442307692307
1 0.27884615384615385 0.8966346153846154 0.0625 0.03876201923076923