2 0.53125 0.11057692307692307 0.7923677884615384 0.15474759615384615
2 0.30408653846153844 0.38100961538461536 0.3428485576923077 0.3557692307692308
2 0.7055288461538461 0.5300480769230769 0.49759615384615385 0.6956129807692307
2 0.26802884615384615 0.8016826923076923 0.22596153846153846 0.09615384615384616
2 0.3088942307692308 0.6550480769230769 0.3434495192307692 0.2421875
0 0.5901442307692307 0.9134615384615384 0.15084134615384615 0.11989182692307693
0 0.5697115384615384 0.1622596153846154 0.14873798076923078 0.10096153846153846
0 0.4206730769230769 0.25240384615384615 0.15895432692307693 0.09254807692307693
0 0.41586538461538464 0.47115384615384615 0.1875 0.0967548076923077
0 0.3016826923076923 0.7211538461538461 0.1658653846153846 0.10006009615384616
0 0.546875 0.6598557692307693 0.13731971153846154 0.07692307692307693
1 0.27163461538461536 0.18870192307692307 0.23046875 0.04326923076923077
1 0.7692307692307693 0.18629807692307693 0.23076923076923078 0.06009615384615385
1 0.3137019230769231 0.8810096153846154 0.0625 0.04326923076923077