2 0.5084134615384616 0.10697115384615384 0.8100961538461539 0.21394230769230768
2 0.2764423076923077 0.36899038461538464 0.35006009615384615 0.36388221153846156
2 0.6875 0.5204326923076923 0.5288461538461539 0.7196514423076923
2 0.2403846153846154 0.7992788461538461 0.23557692307692307 0.11207932692307693
2 0.2824519230769231 0.6478365384615384 0.35096153846153844 0.24368990384615385
0 0.5685096153846154 0.9122596153846154 0.16496394230769232 0.13611778846153846
0 0.5480769230769231 0.14543269230769232 0.15384615384615385 0.10576923076923077
0 0.39663461538461536 0.23677884615384615 0.16706730769230768 0.10276442307692307
0 0.3918269230769231 0.46033653846153844 0.18719951923076922 0.07361778846153846
0 0.27524038461538464 0.7151442307692307 0.17037259615384615 0.10817307692307693
0 0.5252403846153846 0.6526442307692307 0.14212740384615385 0.08804086538461539
1 0.24519230769230768 0.17307692307692307 0.23046875 0.06790865384615384
1 0.7524038461538461 0.17067307692307693 0.23978365384615385 0.0390625
1 0.28725961538461536 0.8798076923076923 0.06520432692307693 0.04837740384615385