2 0.10216346153846154 0.41225961538461536 0.20432692307692307 0.7668269230769231
2 0.4098557692307692 0.6766826923076923 0.44471153846153844 0.2478966346153846
2 0.4567307692307692 0.3004807692307692 0.5441706730769231 0.5096153846153846
2 0.8473557692307693 0.2439903846153846 0.30528846153846156 0.4110576923076923
2 0.8870192307692307 0.6370192307692307 0.21183894230769232 0.40384615384615385
2 0.7043269230769231 0.6382211538461539 0.20252403846153846 0.4206730769230769
0 0.6875 0.8497596153846154 0.09525240384615384 0.2614182692307692
0 0.6610576923076923 0.6189903846153846 0.08143028846153846 0.11748798076923077
0 0.8125 0.6009615384615384 0.10186298076923077 0.15955528846153846
0 0.7584134615384616 0.3629807692307692 0.0850360576923077 0.12950721153846154
0 0.31490384615384615 0.49759615384615385 0.0829326923076923 0.14032451923076922
0 0.14903846153846154 0.4699519230769231 0.09525240384615384 0.11778846153846154
0 0.15144230769230768 0.6274038461538461 0.09014423076923077 0.10576923076923077
0 0.4014423076923077 0.6213942307692307 0.07782451923076923 0.11538461538461539
1 0.48197115384615385 0.036057692307692304 0.03665865384615385 0.03936298076923077
1 0.578125 0.036057692307692304 0.1180889423076923 0.042367788461538464
1 0.6778846153846154 0.03485576923076923 0.0390625 0.038461538461538464
1 0.9879807692307693 0.3293269230769231 0.02403846153846154 0.17307692307692307
1 0.9903846153846154 0.5528846153846154 0.019230769230769232 0.1875