2 0.10216346153846154 0.43028846153846156 0.16826923076923078 0.7346754807692307
2 0.4014423076923077 0.6826923076923077 0.44591346153846156 0.27944711538461536
2 0.44591346153846156 0.32091346153846156 0.5501802884615384 0.5174278846153846
2 0.8365384615384616 0.26802884615384615 0.27914663461538464 0.37680288461538464
2 0.8605769230769231 0.6442307692307693 0.27013221153846156 0.4131610576923077
2 0.6850961538461539 0.6454326923076923 0.20703125 0.4053485576923077
0 0.6682692307692307 0.8497596153846154 0.06820913461538461 0.2481971153846154
0 0.6430288461538461 0.6274038461538461 0.07962740384615384 0.11538461538461539
0 0.7896634615384616 0.6105769230769231 0.11207932692307693 0.1583533653846154
0 0.7379807692307693 0.38100961538461536 0.07241586538461539 0.1180889423076923
0 0.3088942307692308 0.5108173076923077 0.0703125 0.13611778846153846
0 0.1502403846153846 0.484375 0.09615384615384616 0.11748798076923077
0 0.15264423076923078 0.6358173076923077 0.09375 0.1084735576923077
0 0.39302884615384615 0.6298076923076923 0.06400240384615384 0.10667067307692307
1 0.47115384615384615 0.06610576923076923 0.03756009615384615 0.040865384615384616
1 0.5637019230769231 0.06610576923076923 0.1171875 0.06009615384615385
1 0.6586538461538461 0.06610576923076923 0.04326923076923077 0.041165865384615384
1 0.9735576923076923 0.34975961538461536 0.033052884615384616 0.17307692307692307
1 0.9723557692307693 0.5661057692307693 0.055288461538461536 0.18028846153846154