2 0.09735576923076923 0.4254807692307692 0.17067307692307693 0.7448918269230769
2 0.4014423076923077 0.6826923076923077 0.4567307692307692 0.3037860576923077
2 0.44711538461538464 0.31490384615384615 0.5715144230769231 0.5423677884615384
2 0.84375 0.2608173076923077 0.3034855769230769 0.39272836538461536
2 0.8677884615384616 0.6430288461538461 0.2265625 0.4059495192307692
2 0.6899038461538461 0.6442307692307693 0.16436298076923078 0.40414663461538464
0 0.6730769230769231 0.8509615384615384 0.1141826923076923 0.25390625
0 0.6478365384615384 0.6262019230769231 0.08954326923076923 0.1180889423076923
0 0.7956730769230769 0.6081730769230769 0.09975961538461539 0.15474759615384615
0 0.7427884615384616 0.3762019230769231 0.0829326923076923 0.1268028846153846
0 0.3088942307692308 0.5072115384615384 0.06009615384615385 0.13431490384615385
0 0.1466346153846154 0.4807692307692308 0.10006009615384616 0.1201923076923077
0 0.14903846153846154 0.6346153846153846 0.09585336538461539 0.10697115384615384
0 0.39302884615384615 0.6286057692307693 0.06490384615384616 0.10817307692307693
1 0.4723557692307692 0.055288461538461536 0.036959134615384616 0.042067307692307696
1 0.5661057692307693 0.055288461538461536 0.1180889423076923 0.05228365384615385
1 0.6634615384615384 0.055288461538461536 0.04296875 0.042367788461538464
1 0.9831730769230769 0.3425480769230769 0.03245192307692308 0.17578125
1 0.9807692307692307 0.5625 0.038461538461538464 0.1875