2 0.4266826923076923 0.20673076923076922 0.15655048076923078 0.1814903846153846
2 0.5661057692307693 0.31009615384615385 0.19981971153846154 0.38822115384615385
2 0.5757211538461539 0.5600961538461539 0.12289663461538461 0.12049278846153846
2 0.4110576923076923 0.5456730769230769 0.11568509615384616 0.14813701923076922
2 0.44591346153846156 0.7644230769230769 0.21394230769230768 0.2941706730769231
2 0.5144230769230769 0.07091346153846154 0.23948317307692307 0.09134615384615384
2 0.4254807692307692 0.3798076923076923 0.15895432692307693 0.18840144230769232
0 0.484375 0.265625 0.03635817307692308 0.04567307692307692
0 0.5336538461538461 0.1045673076923077 0.04417067307692308 0.05979567307692308
0 0.5516826923076923 0.5264423076923077 0.036057692307692304 0.04837740384615385
0 0.5180288461538461 0.5757211538461539 0.04567307692307692 0.059194711538461536
0 0.4831730769230769 0.5252403846153846 0.03936298076923077 0.04807692307692308
0 0.515625 0.6454326923076923 0.044771634615384616 0.057692307692307696
0 0.5108173076923077 0.41586538461538464 0.040865384615384616 0.04266826923076923
0 0.4206730769230769 0.3954326923076923 0.03485576923076923 0.04326923076923077
1 0.421875 0.6225961538461539 0.060396634615384616 0.023737980769230768
1 0.5841346153846154 0.6225961538461539 0.047776442307692304 0.014423076923076924
1 0.5913461538461539 0.12259615384615384 0.047776442307692304 0.010216346153846154
1 0.46153846153846156 0.12259615384615384 0.05859375 0.018329326923076924