2 0.43149038461538464 0.20673076923076922 0.15084134615384615 0.17698317307692307
2 0.5673076923076923 0.3076923076923077 0.16766826923076922 0.375
2 0.5757211538461539 0.5516826923076923 0.13671875 0.13611778846153846
2 0.41586538461538464 0.5384615384615384 0.125 0.14993990384615385
2 0.4483173076923077 0.7524038461538461 0.17938701923076922 0.27403846153846156
2 0.515625 0.0733173076923077 0.23768028846153846 0.1268028846153846
2 0.42908653846153844 0.375 0.15204326923076922 0.18269230769230768
0 0.48677884615384615 0.2644230769230769 0.038461538461538464 0.04717548076923077
0 0.5348557692307693 0.10697115384615384 0.04807692307692308 0.060697115384615384
0 0.5540865384615384 0.5204326923076923 0.036057692307692304 0.04657451923076923
0 0.5204326923076923 0.5673076923076923 0.045072115384615384 0.056490384615384616
0 0.4855769230769231 0.5180288461538461 0.034254807692307696 0.044771634615384616
0 0.5180288461538461 0.6358173076923077 0.04326923076923077 0.055588942307692304
0 0.5132211538461539 0.41225961538461536 0.040865384615384616 0.04146634615384615
0 0.42427884615384615 0.390625 0.04056490384615385 0.04537259615384615
1 0.4254807692307692 0.6141826923076923 0.061899038461538464 0.016826923076923076
1 0.5853365384615384 0.6141826923076923 0.046274038461538464 0.016826923076923076
1 0.5925480769230769 0.125 0.050180288461538464 0.009014423076923076
1 0.4651442307692308 0.12379807692307693 0.06009615384615385 0.01171875