2 0.4338942307692308 0.20673076923076922 0.15594951923076922 0.1814903846153846
2 0.5733173076923077 0.3088942307692308 0.16556490384615385 0.38221153846153844
2 0.5817307692307693 0.5588942307692307 0.13551682692307693 0.13611778846153846
2 0.4182692307692308 0.5444711538461539 0.1240985576923077 0.15174278846153846
2 0.4519230769230769 0.7632211538461539 0.2205528846153846 0.2965745192307692
2 0.5204326923076923 0.06971153846153846 0.23888221153846154 0.09014423076923077
2 0.4326923076923077 0.3786057692307692 0.15294471153846154 0.18419471153846154
0 0.49038461538461536 0.2644230769230769 0.038161057692307696 0.047475961538461536
0 0.5408653846153846 0.10336538461538461 0.048978365384615384 0.06219951923076923
0 0.5588942307692307 0.5264423076923077 0.03545673076923077 0.047776442307692304
0 0.5252403846153846 0.5745192307692307 0.046274038461538464 0.05739182692307692
0 0.4891826923076923 0.5240384615384616 0.03515625 0.043870192307692304
0 0.5216346153846154 0.6442307692307693 0.034555288461538464 0.052884615384615384
0 0.5168269230769231 0.41466346153846156 0.038461538461538464 0.040865384615384616
0 0.4266826923076923 0.3942307692307692 0.03665865384615385 0.043870192307692304
1 0.42788461538461536 0.6213942307692307 0.06219951923076923 0.017728365384615384
1 0.5913461538461539 0.6213942307692307 0.04837740384615385 0.007211538461538462
1 0.5985576923076923 0.12139423076923077 0.04837740384615385 0.01201923076923077
1 0.46875 0.12139423076923077 0.06219951923076923 0.00811298076923077