2 0.1622596153846154 0.6141826923076923 0.1856971153846154 0.5222355769230769
2 0.4651442307692308 0.4411057692307692 0.5793269230769231 0.8822115384615384
2 0.8245192307692307 0.6742788461538461 0.2824519230769231 0.39663461538461536
2 0.8173076923076923 0.24639423076923078 0.25931490384615385 0.47415865384615385
0 0.6201923076923077 0.8762019230769231 0.04837740384615385 0.2283653846153846
0 0.21875 0.41947115384615385 0.12980769230769232 0.12650240384615385
0 0.5817307692307693 0.4014423076923077 0.07151442307692307 0.11538461538461539
0 0.7355769230769231 0.4230769230769231 0.06850961538461539 0.09735576923076923
0 0.7367788461538461 0.8076923076923077 0.08173076923076923 0.10576923076923077
1 0.9435096153846154 0.24158653846153846 0.017427884615384616 0.24248798076923078
1 0.9435096153846154 0.7211538461538461 0.020733173076923076 0.23978365384615385
1 0.21754807692307693 0.19230769230769232 0.07872596153846154 0.26352163461538464
1 0.21995192307692307 0.6754807692307693 0.10096153846153846 0.35006009615384615