2 0.15504807692307693 0.5997596153846154 0.1661658653846154 0.5405649038461539
2 0.4675480769230769 0.4362980769230769 0.5745192307692307 0.8725961538461539
2 0.8365384615384616 0.6598557692307693 0.2893629807692308 0.40865384615384615
2 0.828125 0.23076923076923078 0.25240384615384615 0.46153846153846156
0 0.6262019230769231 0.8677884615384616 0.09435096153846154 0.23167067307692307
0 0.21394230769230768 0.39903846153846156 0.13431490384615385 0.12950721153846154
0 0.5865384615384616 0.3798076923076923 0.07181490384615384 0.11959134615384616
0 0.7451923076923077 0.40384615384615385 0.07602163461538461 0.1015625
0 0.7463942307692307 0.796875 0.08413461538461539 0.10817307692307693
1 0.9579326923076923 0.21634615384615385 0.014423076923076924 0.24939903846153846
1 0.9579326923076923 0.7091346153846154 0.07001201923076923 0.23527644230769232
1 0.2127403846153846 0.16706730769230768 0.04567307692307692 0.2803485576923077
1 0.21514423076923078 0.6622596153846154 0.07211538461538461 0.3674879807692308