2 0.16706730769230768 0.6069711538461539 0.15204326923076922 0.5222355769230769
2 0.46875 0.4326923076923077 0.47506009615384615 0.8377403846153846
2 0.8233173076923077 0.6658653846153846 0.2403846153846154 0.37950721153846156
2 0.8137019230769231 0.24278846153846154 0.31971153846153844 0.4855769230769231
0 0.6201923076923077 0.8653846153846154 0.0868389423076923 0.22536057692307693
0 0.22355769230769232 0.41346153846153844 0.12590144230769232 0.12379807692307693
0 0.5829326923076923 0.3954326923076923 0.07061298076923077 0.11328125
0 0.734375 0.4170673076923077 0.06881009615384616 0.09765625
0 0.7355769230769231 0.796875 0.0859375 0.10727163461538461
1 0.9399038461538461 0.23677884615384615 0.03485576923076923 0.23768028846153846
1 0.9399038461538461 0.7127403846153846 0.053786057692307696 0.23076923076923078
1 0.22355769230769232 0.18870192307692307 0.05228365384615385 0.26772836538461536
1 0.22596153846153846 0.6670673076923077 0.06790865384615384 0.3557692307692308