2 0.4963942307692308 0.22355769230769232 0.8722956730769231 0.39903846153846156
2 0.21514423076923078 0.6189903846153846 0.3386418269230769 0.46153846153846156
2 0.39663461538461536 0.7860576923076923 0.06760817307692307 0.09164663461538461
2 0.4567307692307692 0.9038461538461539 0.20703125 0.1346153846153846
2 0.6442307692307693 0.7451923076923077 0.1932091346153846 0.19290865384615385
2 0.8317307692307693 0.7451923076923077 0.19110576923076922 0.19110576923076922
2 0.49278846153846156 0.7860576923076923 0.10126201923076923 0.09555288461538461
2 0.4495192307692308 0.6550480769230769 0.20552884615384615 0.17938701923076922
2 0.43028846153846156 0.484375 0.1502403846153846 0.17097355769230768
2 0.5528846153846154 0.48197115384615385 0.0967548076923077 0.17578125
2 0.6490384615384616 0.44711538461538464 0.1015625 0.10697115384615384
2 0.6502403846153846 0.5384615384615384 0.09765625 0.07662259615384616
2 0.8149038461538461 0.4831730769230769 0.2361778846153846 0.2010216346153846
2 0.6730769230769231 0.6129807692307693 0.25991586538461536 0.10126201923076923
1 0.14903846153846154 0.8377403846153846 0.08143028846153846 0.017127403846153848
1 0.31009615384615385 0.8377403846153846 0.038161057692307696 0.009615384615384616
1 0.6622596153846154 0.8401442307692307 0.08984375 0.028846153846153848
1 0.8401442307692307 0.8377403846153846 0.0889423076923077 0.017728365384615384
1 0.8245192307692307 0.3954326923076923 0.08173076923076923 0.021935096153846152
1 0.6598557692307693 0.39663461538461536 0.04026442307692308 0.019230769230769232
1 0.5637019230769231 0.3942307692307692 0.035757211538461536 0.014723557692307692
1 0.11538461538461539 0.39783653846153844 0.04807692307692308 0.02403846153846154
1 0.16105769230769232 0.39783653846153844 0.03365384615384615 0.01622596153846154
1 0.20793269230769232 0.39903846153846156 0.040865384615384616 0.010516826923076924
0 0.30649038461538464 0.3762019230769231 0.06460336538461539 0.06911057692307693
0 0.43149038461538464 0.3786057692307692 0.059194711538461536 0.055288461538461536
0 0.43149038461538464 0.5949519230769231 0.06490384615384616 0.06881009615384616
0 0.40384615384615385 0.7151442307692307 0.0625 0.06430288461538461
0 0.47836538461538464 0.8641826923076923 0.05859375 0.05979567307692308
0 0.47836538461538464 0.7584134615384616 0.05709134615384615 0.0673076923076923
0 0.5612980769230769 0.59375 0.0546875 0.05859375
0 0.6694711538461539 0.5925480769230769 0.07451923076923077 0.055288461538461536
0 0.6658653846153846 0.6790865384615384 0.06790865384615384 0.06099759615384615
0 0.7728365384615384 0.6730769230769231 0.055288461538461536 0.06280048076923077
0 0.7740384615384616 0.5528846153846154 0.05889423076923077 0.05889423076923077
0 0.8245192307692307 0.5973557692307693 0.0625 0.050180288461538464