2 0.47836538461538464 0.23197115384615385 0.8990384615384616 0.4639423076923077
2 0.19230769230769232 0.6057692307692307 0.36658653846153844 0.4807692307692308
2 0.3786057692307692 0.7764423076923077 0.07481971153846154 0.09615384615384616
2 0.43990384615384615 0.8978365384615384 0.20703125 0.13161057692307693
2 0.6298076923076923 0.734375 0.203125 0.20402644230769232
2 0.8221153846153846 0.734375 0.18780048076923078 0.1896033653846154
2 0.47596153846153844 0.7776442307692307 0.11508413461538461 0.11057692307692307
2 0.43149038461538464 0.6430288461538461 0.20192307692307693 0.17307692307692307
2 0.41225961538461536 0.46875 0.1505408653846154 0.16887019230769232
2 0.5384615384615384 0.46634615384615385 0.11538461538461539 0.18329326923076922
2 0.6358173076923077 0.43028846153846156 0.10396634615384616 0.10967548076923077
2 0.6370192307692307 0.5240384615384616 0.10096153846153846 0.08173076923076923
2 0.8040865384615384 0.4675480769230769 0.23377403846153846 0.19471153846153846
2 0.6598557692307693 0.5997596153846154 0.2659254807692308 0.09405048076923077
1 0.125 0.8293269230769231 0.08263221153846154 0.024939903846153848
1 0.28846153846153844 0.8305288461538461 0.038161057692307696 0.01201923076923077
1 0.6490384615384616 0.8317307692307693 0.09555288461538461 0.013822115384615384
1 0.8305288461538461 0.8305288461538461 0.09134615384615384 0.021634615384615384
1 0.8149038461538461 0.37740384615384615 0.08233173076923077 0.023137019230769232
1 0.6466346153846154 0.3786057692307692 0.038461538461538464 0.017427884615384616
1 0.5480769230769231 0.3762019230769231 0.037259615384615384 0.015925480769230768
1 0.09014423076923077 0.3798076923076923 0.050180288461538464 0.02403846153846154
1 0.13701923076923078 0.3798076923076923 0.03365384615384615 0.014423076923076924
1 0.18509615384615385 0.38100961538461536 0.04296875 0.019230769230769232
0 0.2860576923076923 0.3581730769230769 0.057692307692307696 0.0634014423076923
0 0.41225961538461536 0.3605769230769231 0.06430288461538461 0.061598557692307696
0 0.41346153846153844 0.5817307692307693 0.057992788461538464 0.06280048076923077
0 0.3858173076923077 0.7043269230769231 0.06099759615384615 0.06280048076923077
0 0.46153846153846156 0.8569711538461539 0.061899038461538464 0.060697115384615384
0 0.46033653846153844 0.7487980769230769 0.060396634615384616 0.07001201923076923
0 0.5456730769230769 0.5805288461538461 0.06219951923076923 0.0673076923076923
0 0.65625 0.5793269230769231 0.07632211538461539 0.05318509615384615
0 0.6526442307692307 0.6682692307692307 0.0694110576923077 0.0625
0 0.7620192307692307 0.6622596153846154 0.05739182692307692 0.06430288461538461
0 0.7632211538461539 0.5384615384615384 0.05618990384615385 0.056790865384615384
0 0.8149038461538461 0.5841346153846154 0.06370192307692307 0.051682692307692304