2 0.5012019230769231 0.19831730769230768 0.8870192307692307 0.39663461538461536
2 0.21394230769230768 0.6009615384615384 0.3563701923076923 0.4765625
2 0.39903846153846156 0.7716346153846154 0.08623798076923077 0.1015625
2 0.46153846153846156 0.8930288461538461 0.20703125 0.13161057692307693
2 0.6514423076923077 0.7307692307692307 0.1971153846153846 0.19681490384615385
2 0.84375 0.7307692307692307 0.20703125 0.20703125
2 0.4963942307692308 0.7728365384615384 0.11688701923076923 0.1123798076923077
2 0.453125 0.6394230769230769 0.20973557692307693 0.18689903846153846
2 0.4326923076923077 0.4639423076923077 0.16736778846153846 0.18269230769230768
2 0.5588942307692307 0.46274038461538464 0.11057692307692307 0.18449519230769232
2 0.6574519230769231 0.4254807692307692 0.10576923076923077 0.1102764423076923
2 0.6586538461538461 0.5192307692307693 0.09555288461538461 0.07151442307692307
2 0.8257211538461539 0.4639423076923077 0.24338942307692307 0.20793269230769232
2 0.6814903846153846 0.5949519230769231 0.2629206730769231 0.12770432692307693
1 0.14543269230769232 0.8257211538461539 0.08323317307692307 0.021334134615384616
1 0.31009615384615385 0.8257211538461539 0.038161057692307696 0.01201923076923077
1 0.6706730769230769 0.828125 0.0907451923076923 0.028846153846153848
1 0.8521634615384616 0.8257211538461539 0.08954326923076923 0.02403846153846154
1 0.8365384615384616 0.3737980769230769 0.08533653846153846 0.025540865384615384
1 0.6682692307692307 0.3737980769230769 0.038461538461538464 0.01622596153846154
1 0.5697115384615384 0.37259615384615385 0.034254807692307696 0.009915865384615384
1 0.11177884615384616 0.375 0.050180288461538464 0.019230769230769232
1 0.15865384615384615 0.375 0.03365384615384615 0.015024038461538462
1 0.20552884615384615 0.37740384615384615 0.041165865384615384 0.014423076923076924
0 0.30649038461538464 0.35336538461538464 0.0625 0.06760817307692307
0 0.4338942307692308 0.3557692307692308 0.06009615384615385 0.05739182692307692
0 0.43509615384615385 0.5769230769230769 0.06219951923076923 0.06700721153846154
0 0.40625 0.6995192307692307 0.061598557692307696 0.06219951923076923
0 0.4831730769230769 0.8521634615384616 0.0625 0.0625
0 0.48197115384615385 0.7451923076923077 0.06460336538461539 0.07301682692307693
0 0.5673076923076923 0.5757211538461539 0.06280048076923077 0.06911057692307693
0 0.6778846153846154 0.5745192307692307 0.07692307692307693 0.057992788461538464
0 0.6742788461538461 0.6634615384615384 0.07842548076923077 0.07271634615384616
0 0.7824519230769231 0.6574519230769231 0.055588942307692304 0.0625
0 0.7848557692307693 0.5336538461538461 0.06099759615384615 0.06219951923076923
0 0.8365384615384616 0.5805288461538461 0.05889423076923077 0.04567307692307692