2 0.08533653846153846 0.03125 0.0985576923076923 0.0625
2 0.08653846153846154 0.09975961538461539 0.0967548076923077 0.06009615384615385
2 0.1622596153846154 0.25600961538461536 0.27584134615384615 0.26622596153846156
2 0.21033653846153846 0.07211538461538461 0.15625 0.14423076923076922
2 0.3581730769230769 0.10096153846153846 0.13942307692307693 0.20192307692307693
2 0.41346153846153844 0.29086538461538464 0.2551081730769231 0.19170673076923078
2 0.5877403846153846 0.11538461538461539 0.3389423076923077 0.23076923076923078
2 0.6262019230769231 0.25841346153846156 0.15594951923076922 0.23557692307692307
2 0.7716346153846154 0.3245192307692308 0.22175480769230768 0.3792067307692308
2 0.7379807692307693 0.5673076923076923 0.08233173076923077 0.11448317307692307
2 0.7391826923076923 0.6598557692307693 0.08834134615384616 0.06490384615384616
2 0.8497596153846154 0.7800480769230769 0.3004807692307692 0.31490384615384615
2 0.9567307692307693 0.6394230769230769 0.08653846153846154 0.11538461538461539
2 0.9627403846153846 0.5264423076923077 0.07451923076923077 0.10576923076923077
2 0.8509615384615384 0.5456730769230769 0.1385216346153846 0.15985576923076922
2 0.9375 0.41225961538461536 0.125 0.11298076923076923
2 0.9158653846153846 0.24639423076923078 0.16826923076923078 0.23798076923076922
2 0.8786057692307693 0.07451923076923077 0.24278846153846154 0.14903846153846154
0 0.7596153846153846 0.9567307692307693 0.056790865384615384 0.05859375
0 0.5973557692307693 0.4014423076923077 0.06430288461538461 0.06700721153846154
0 0.8653846153846154 0.2848557692307692 0.057992788461538464 0.05498798076923077
0 0.9074519230769231 0.15264423076923078 0.04176682692307692 0.04657451923076923
0 0.9471153846153846 0.3401442307692308 0.039663461538461536 0.049879807692307696
0 0.9050480769230769 0.5456730769230769 0.051382211538461536 0.03786057692307692
0 0.7740384615384616 0.5444711538461539 0.05198317307692308 0.04146634615384615
0 0.7175480769230769 0.6129807692307693 0.036959134615384616 0.043569711538461536
0 0.5540865384615384 0.3293269230769231 0.052884615384615384 0.04296875
0 0.15264423076923078 0.019230769230769232 0.055288461538461536 0.038461538461538464
0 0.15384615384615385 0.09254807692307693 0.04927884615384615 0.030348557692307692
0 0.17067307692307693 0.11538461538461539 0.053786057692307696 0.052884615384615384
1 0.9110576923076923 0.9387019230769231 0.12950721153846154 0.019230769230769232
1 0.15625 0.3798076923076923 0.20763221153846154 0.0625