2 0.04927884615384615 0.046875 0.0985576923076923 0.09375
2 0.04927884615384615 0.13221153846153846 0.09765625 0.06219951923076923
2 0.12740384615384615 0.2860576923076923 0.2548076923076923 0.25
2 0.171875 0.08413461538461539 0.1466346153846154 0.16826923076923078
2 0.31850961538461536 0.11778846153846154 0.14182692307692307 0.23557692307692307
2 0.375 0.32211538461538464 0.2644230769230769 0.21123798076923078
2 0.5456730769230769 0.12259615384615384 0.32211538461538464 0.24519230769230768
2 0.5865384615384616 0.28966346153846156 0.18689903846153846 0.25150240384615385
2 0.7307692307692307 0.3557692307692308 0.17337740384615385 0.3737980769230769
2 0.6971153846153846 0.5961538461538461 0.09495192307692307 0.11989182692307693
2 0.6995192307692307 0.6887019230769231 0.0829326923076923 0.05588942307692308
2 0.8233173076923077 0.8100961538461539 0.3293269230769231 0.31820913461538464
2 0.9290865384615384 0.6694711538461539 0.09825721153846154 0.10787259615384616
2 0.9338942307692307 0.5564903846153846 0.09314903846153846 0.10757211538461539
2 0.8100961538461539 0.5757211538461539 0.14993990384615385 0.17037259615384615
2 0.9098557692307693 0.44350961538461536 0.1466346153846154 0.10877403846153846
2 0.8930288461538461 0.27884615384615385 0.1658653846153846 0.21634615384615385
2 0.8521634615384616 0.09014423076923077 0.2764423076923077 0.18028846153846154
0 0.7175480769230769 0.9771634615384616 0.05048076923076923 0.04567307692307692
0 0.5576923076923077 0.43149038461538464 0.061598557692307696 0.06520432692307693
0 0.8245192307692307 0.31490384615384615 0.057692307692307696 0.053786057692307696
0 0.8653846153846154 0.18509615384615385 0.04417067307692308 0.04837740384615385
0 0.9050480769230769 0.3713942307692308 0.04326923076923077 0.05048076923076923
0 0.8641826923076923 0.5745192307692307 0.05108173076923077 0.03786057692307692
0 0.7331730769230769 0.5733173076923077 0.04837740384615385 0.038461538461538464
0 0.6766826923076923 0.6418269230769231 0.036959134615384616 0.043569711538461536
0 0.5144230769230769 0.3605769230769231 0.052584134615384616 0.04417067307692308
0 0.11778846153846154 0.05048076923076923 0.056790865384615384 0.043569711538461536
0 0.11658653846153846 0.12379807692307693 0.050180288461538464 0.02734375
0 0.13221153846153846 0.1466346153846154 0.048677884615384616 0.04447115384615385
1 0.8701923076923077 0.9651442307692307 0.12950721153846154 0.031850961538461536
1 0.11778846153846154 0.4098557692307692 0.21574519230769232 0.025841346153846152