2 0.0625 0.04567307692307692 0.10096153846153846 0.09134615384615384
2 0.06370192307692307 0.12860576923076922 0.09375 0.055288461538461536
2 0.13822115384615385 0.28125 0.24849759615384615 0.23948317307692307
2 0.18269230769230768 0.0829326923076923 0.14903846153846154 0.1658653846153846
2 0.3269230769230769 0.11899038461538461 0.1778846153846154 0.23798076923076922
2 0.38221153846153844 0.31490384615384615 0.23978365384615385 0.16887019230769232
2 0.5492788461538461 0.12259615384615384 0.31971153846153844 0.24519230769230768
2 0.5889423076923077 0.28365384615384615 0.1580528846153846 0.23167067307692307
2 0.7307692307692307 0.3473557692307692 0.18299278846153846 0.3671875
2 0.6971153846153846 0.5829326923076923 0.07662259615384616 0.10787259615384616
2 0.6995192307692307 0.6742788461538461 0.0859375 0.060396634615384616
2 0.8209134615384616 0.7920673076923077 0.35336538461538464 0.3446514423076923
2 0.9254807692307693 0.6550480769230769 0.109375 0.11748798076923077
2 0.9290865384615384 0.5444711538461539 0.0985576923076923 0.11057692307692307
2 0.8076923076923077 0.5637019230769231 0.13431490384615385 0.15685096153846154
2 0.90625 0.4338942307692308 0.14513221153846154 0.11268028846153846
2 0.8894230769230769 0.27283653846153844 0.17878605769230768 0.22355769230769232
2 0.8485576923076923 0.09014423076923077 0.27403846153846156 0.18028846153846154
0 0.71875 0.9627403846153846 0.051682692307692304 0.05498798076923077
0 0.5612980769230769 0.421875 0.0546875 0.059495192307692304
0 0.8221153846153846 0.3088942307692308 0.052884615384615384 0.049879807692307696
0 0.8629807692307693 0.18028846153846154 0.04717548076923077 0.048677884615384616
0 0.9014423076923077 0.3629807692307692 0.043569711538461536 0.05198317307692308
0 0.8605769230769231 0.5625 0.052884615384615384 0.04266826923076923
0 0.7319711538461539 0.5612980769230769 0.04807692307692308 0.04026442307692308
0 0.6778846153846154 0.6286057692307693 0.04326923076923077 0.04567307692307692
0 0.5192307692307693 0.35216346153846156 0.05318509615384615 0.04567307692307692
0 0.1310096153846154 0.04927884615384615 0.0546875 0.044771634615384616
0 0.12980769230769232 0.12139423076923077 0.04837740384615385 0.026442307692307692
0 0.14543269230769232 0.14423076923076922 0.05108173076923077 0.04837740384615385
1 0.8665865384615384 0.9447115384615384 0.12319711538461539 0.038461538461538464
1 0.1310096153846154 0.4014423076923077 0.20673076923076922 0.03876201923076923