2 0.35096153846153844 0.109375 0.5048076923076923 0.21875
2 0.25841346153846156 0.30408653846153844 0.3194110576923077 0.22596153846153846
2 0.18269230769230768 0.4182692307692308 0.16856971153846154 0.078125
2 0.27884615384615385 0.5348557692307693 0.3644831730769231 0.2578125
2 0.6117788461538461 0.45072115384615385 0.46424278846153844 0.57421875
2 0.2800480769230769 0.7379807692307693 0.37319711538461536 0.22145432692307693
2 0.6514423076923077 0.7596153846153846 0.37109375 0.13942307692307693
2 0.19110576923076922 0.8858173076923077 0.17578125 0.12770432692307693
0 0.3786057692307692 0.35096153846153844 0.11358173076923077 0.07211538461538461
0 0.20192307692307693 0.3581730769230769 0.11448317307692307 0.0712139423076923
0 0.22355769230769232 0.5408653846153846 0.10486778846153846 0.06310096153846154
0 0.4951923076923077 0.48677884615384615 0.10546875 0.057692307692307696
0 0.5 0.6069711538461539 0.11989182692307693 0.07061298076923077
0 0.40865384615384615 0.734375 0.11989182692307693 0.0655048076923077
0 0.5216346153846154 0.84375 0.11177884615384616 0.0712139423076923
0 0.75 0.84375 0.1063701923076923 0.06700721153846154
0 0.33052884615384615 0.8725961538461539 0.1180889423076923 0.04326923076923077
0 0.5300480769230769 0.15384615384615385 0.11358173076923077 0.07241586538461539
1 0.6983173076923077 0.1814903846153846 0.17487980769230768 0.049879807692307696
1 0.34375 0.18028846153846154 0.1201923076923077 0.042067307692307696
1 0.8401442307692307 0.265625 0.052884615384615384 0.10396634615384616
1 0.8413461538461539 0.46274038461538464 0.034555288461538464 0.0850360576923077