2 0.3557692307692308 0.10576923076923077 0.50390625 0.18329326923076922
2 0.26322115384615385 0.3076923076923077 0.34765625 0.27884615384615385
2 0.18870192307692307 0.4206730769230769 0.1658653846153846 0.07241586538461539
2 0.28365384615384615 0.5360576923076923 0.34194711538461536 0.22716346153846154
2 0.6129807692307693 0.4519230769230769 0.42367788461538464 0.5486778846153846
2 0.28365384615384615 0.7355769230769231 0.3662860576923077 0.18810096153846154
2 0.6526442307692307 0.7572115384615384 0.36778846153846156 0.12469951923076923
2 0.19591346153846154 0.8834134615384616 0.18088942307692307 0.13701923076923078
0 0.38221153846153844 0.35336538461538464 0.10967548076923077 0.061598557692307696
0 0.20673076923076922 0.36177884615384615 0.10997596153846154 0.06911057692307693
0 0.2283653846153846 0.5408653846153846 0.10216346153846154 0.06310096153846154
0 0.4963942307692308 0.4891826923076923 0.10576923076923077 0.06460336538461539
0 0.5024038461538461 0.6069711538461539 0.11598557692307693 0.06490384615384616
0 0.41225961538461536 0.7319711538461539 0.11748798076923077 0.06099759615384615
0 0.5228365384615384 0.8413461538461539 0.11207932692307693 0.06850961538461539
0 0.7487980769230769 0.8413461538461539 0.10787259615384616 0.06790865384615384
0 0.33413461538461536 0.8701923076923077 0.12079326923076923 0.048978365384615384
0 0.5324519230769231 0.15865384615384615 0.11328125 0.07572115384615384
1 0.6983173076923077 0.18629807692307693 0.17457932692307693 0.04326923076923077
1 0.3473557692307692 0.18509615384615385 0.12229567307692307 0.03245192307692308
1 0.8389423076923077 0.2692307692307692 0.038461538461538464 0.10186298076923077
1 0.8401442307692307 0.4639423076923077 0.04537259615384615 0.0859375