2 0.35096153846153844 0.09495192307692307 0.5201322115384616 0.18479567307692307
2 0.2548076923076923 0.30408653846153844 0.3596754807692308 0.28575721153846156
2 0.1778846153846154 0.421875 0.17277644230769232 0.07542067307692307
2 0.2764423076923077 0.5420673076923077 0.38431490384615385 0.2863581730769231
2 0.6177884615384616 0.4543269230769231 0.48677884615384615 0.5958533653846154
2 0.2764423076923077 0.75 0.3759014423076923 0.17728365384615385
2 0.6586538461538461 0.7716346153846154 0.3798076923076923 0.12139423076923077
2 0.18509615384615385 0.9026442307692307 0.18659855769230768 0.13701923076923078
0 0.3786057692307692 0.35216346153846156 0.11057692307692307 0.055588942307692304
0 0.19591346153846154 0.3605769230769231 0.1219951923076923 0.0859375
0 0.21995192307692307 0.546875 0.10426682692307693 0.05438701923076923
0 0.49759615384615385 0.49278846153846156 0.109375 0.053786057692307696
0 0.5036057692307693 0.6153846153846154 0.11748798076923077 0.05228365384615385
0 0.4098557692307692 0.7463942307692307 0.11778846153846154 0.051382211538461536
0 0.5252403846153846 0.8581730769230769 0.12169471153846154 0.0829326923076923
0 0.7596153846153846 0.8581730769230769 0.1063701923076923 0.06310096153846154
0 0.3293269230769231 0.8882211538461539 0.125 0.059495192307692304
0 0.5336538461538461 0.1502403846153846 0.11598557692307693 0.07692307692307693
1 0.7067307692307693 0.17908653846153846 0.18269230769230768 0.028846153846153848
1 0.34375 0.1778846153846154 0.12469951923076923 0.042367788461538464
1 0.8533653846153846 0.2644230769230769 0.05198317307692308 0.10697115384615384
1 0.8533653846153846 0.4675480769230769 0.051682692307692304 0.08984375