2 0.7175480769230769 0.1141826923076923 0.5072115384615384 0.2283653846153846
2 0.8040865384615384 0.3173076923076923 0.3194110576923077 0.24128605769230768
2 0.8870192307692307 0.4387019230769231 0.1778846153846154 0.08173076923076923
2 0.41947115384615385 0.4699519230769231 0.4059495192307692 0.5558894230769231
2 0.31009615384615385 0.7932692307692307 0.15354567307692307 0.10126201923076923
2 0.4987980769230769 0.7956730769230769 0.21814903846153846 0.12980769230769232
2 0.6213942307692307 0.9098557692307693 0.3043870192307692 0.15865384615384615
2 0.8786057692307693 0.9242788461538461 0.18509615384615385 0.15084134615384615
2 0.7872596153846154 0.765625 0.34915865384615385 0.15144230769230768
2 0.7019230769230769 0.6298076923076923 0.17247596153846154 0.1162860576923077
2 0.796875 0.5612980769230769 0.3870192307692308 0.2995793269230769
0 0.5384615384615384 0.16947115384615385 0.10667067307692307 0.0790264423076923
0 0.6850961538461539 0.36899038461538464 0.11598557692307693 0.06911057692307693
0 0.8641826923076923 0.3798076923076923 0.10576923076923077 0.08263221153846154
0 0.5625 0.5060096153846154 0.12980769230769232 0.060697115384615384
0 0.8473557692307693 0.5661057692307693 0.08323317307692307 0.05438701923076923
0 0.5685096153846154 0.6298076923076923 0.11358173076923077 0.07602163461538461
0 0.6538461538461539 0.765625 0.1102764423076923 0.057692307692307696
0 0.7415865384615384 0.9110576923076923 0.12229567307692307 0.0673076923076923
0 0.5456730769230769 0.8713942307692307 0.10516826923076923 0.07001201923076923
0 0.3112980769230769 0.8725961538461539 0.10576923076923077 0.0625
1 0.22115384615384615 0.27884615384615385 0.0390625 0.11057692307692307
1 0.21995192307692307 0.4855769230769231 0.0546875 0.10036057692307693
1 0.3713942307692308 0.18870192307692307 0.18900240384615385 0.04176682692307692
1 0.7247596153846154 0.1935096153846154 0.1171875 0.03365384615384615
1 0.6959134615384616 0.8521634615384616 0.1180889423076923 0.039963942307692304