2 0.7139423076923077 0.10817307692307693 0.5 0.21634615384615385
2 0.8004807692307693 0.3137019230769231 0.3323317307692308 0.2665264423076923
2 0.8810096153846154 0.4326923076923077 0.17548076923076922 0.08143028846153846
2 0.4230769230769231 0.4639423076923077 0.40955528846153844 0.5525841346153846
2 0.3161057692307692 0.7800480769230769 0.14693509615384615 0.09435096153846154
2 0.5012019230769231 0.7824519230769231 0.21334134615384615 0.1268028846153846
2 0.6201923076923077 0.8942307692307693 0.296875 0.15324519230769232
2 0.8737980769230769 0.9074519230769231 0.17638221153846154 0.14122596153846154
2 0.7836538461538461 0.7524038461538461 0.3473557692307692 0.16796875
2 0.6995192307692307 0.6201923076923077 0.1739783653846154 0.12890625
2 0.7932692307692307 0.5528846153846154 0.37439903846153844 0.2839543269230769
0 0.5396634615384616 0.16826923076923078 0.09915865384615384 0.0625
0 0.6838942307692307 0.3641826923076923 0.11298076923076923 0.06099759615384615
0 0.859375 0.375 0.10366586538461539 0.08173076923076923
0 0.5637019230769231 0.4987980769230769 0.12800480769230768 0.06009615384615385
0 0.84375 0.5576923076923077 0.08203125 0.05829326923076923
0 0.5685096153846154 0.6201923076923077 0.10757211538461539 0.061899038461538464
0 0.6538461538461539 0.7536057692307693 0.10667067307692307 0.0546875
0 0.7391826923076923 0.8954326923076923 0.11748798076923077 0.06460336538461539
0 0.546875 0.8569711538461539 0.1024639423076923 0.0673076923076923
0 0.3173076923076923 0.8581730769230769 0.11117788461538461 0.08143028846153846
1 0.22956730769230768 0.2764423076923077 0.039963942307692304 0.10997596153846154
1 0.22716346153846154 0.47836538461538464 0.060697115384615384 0.0967548076923077
1 0.3762019230769231 0.18870192307692307 0.18028846153846154 0.05979567307692308
1 0.7223557692307693 0.19230769230769232 0.11298076923076923 0.039663461538461536
1 0.6935096153846154 0.8377403846153846 0.11748798076923077 0.04056490384615385