2 0.6983173076923077 0.11899038461538461 0.47896634615384615 0.15204326923076922
2 0.7824519230769231 0.32091346153846156 0.3290264423076923 0.2665264423076923
2 0.8617788461538461 0.4375 0.16676682692307693 0.06610576923076923
2 0.41346153846153844 0.4675480769230769 0.3996394230769231 0.5405649038461539
2 0.3088942307692308 0.7776442307692307 0.15564903846153846 0.1123798076923077
2 0.4891826923076923 0.7800480769230769 0.20342548076923078 0.10877403846153846
2 0.6069711538461539 0.8894230769230769 0.29056490384615385 0.11568509615384616
2 0.8533653846153846 0.9026442307692307 0.1736778846153846 0.13762019230769232
2 0.7668269230769231 0.7512019230769231 0.34615384615384615 0.19441105769230768
2 0.6838942307692307 0.6213942307692307 0.17157451923076922 0.1271033653846154
2 0.7752403846153846 0.5552884615384616 0.3701923076923077 0.2842548076923077
0 0.5264423076923077 0.17908653846153846 0.09615384615384616 0.05979567307692308
0 0.6682692307692307 0.3701923076923077 0.1141826923076923 0.07151442307692307
0 0.8401442307692307 0.38221153846153844 0.0946514423076923 0.06760817307692307
0 0.5504807692307693 0.5024038461538461 0.12139423076923077 0.04837740384615385
0 0.8245192307692307 0.5600961538461539 0.08173076923076923 0.05739182692307692
0 0.5564903846153846 0.6213942307692307 0.10877403846153846 0.07001201923076923
0 0.6382211538461539 0.7512019230769231 0.10727163461538461 0.059194711538461536
0 0.7223557692307693 0.890625 0.11328125 0.055288461538461536
0 0.5348557692307693 0.8533653846153846 0.09825721153846154 0.06700721153846154
0 0.3088942307692308 0.8533653846153846 0.10757211538461539 0.07271634615384616
1 0.22355769230769232 0.2848557692307692 0.057992788461538464 0.10817307692307693
1 0.22115384615384615 0.48197115384615385 0.06219951923076923 0.09765625
1 0.36658653846153844 0.19831730769230768 0.18058894230769232 0.035757211538461536
1 0.7067307692307693 0.20192307692307693 0.11057692307692307 0.038461538461538464
1 0.6778846153846154 0.8341346153846154 0.11448317307692307 0.043870192307692304