2 0.49759615384615385 0.3641826923076923 0.4098557692307692 0.6682692307692307
2 0.39302884615384615 0.7415865384615384 0.12770432692307693 0.10576923076923077
2 0.5576923076923077 0.7391826923076923 0.19651442307692307 0.11057692307692307
2 0.8245192307692307 0.7055288461538461 0.32271634615384615 0.22746394230769232
2 0.9038461538461539 0.8858173076923077 0.17217548076923078 0.15594951923076922
2 0.8377403846153846 0.18389423076923078 0.29537259615384615 0.28515625
2 0.90625 0.3245192307692308 0.15354567307692307 0.08233173076923077
2 0.8137019230769231 0.4639423076923077 0.3049879807692308 0.26953125
2 0.18389423076923078 0.2512019230769231 0.2569110576923077 0.3674879807692308
2 0.6586538461538461 0.8737980769230769 0.2842548076923077 0.15594951923076922
0 0.39783653846153844 0.8329326923076923 0.0889423076923077 0.07932692307692307
0 0.6045673076923077 0.8329326923076923 0.10306490384615384 0.0985576923076923
0 0.7728365384615384 0.8689903846153846 0.09825721153846154 0.06099759615384615
0 0.7067307692307693 0.703125 0.10486778846153846 0.07872596153846154
0 0.625 0.5492788461538461 0.09224759615384616 0.06460336538461539
0 0.6298076923076923 0.40625 0.1006610576923077 0.07752403846153846
0 0.734375 0.24519230769230768 0.09615384615384616 0.06850961538461539
0 0.8894230769230769 0.2536057692307692 0.09104567307692307 0.07481971153846154
0 0.2692307692307692 0.2764423076923077 0.1201923076923077 0.06370192307692307
0 0.8725961538461539 0.4723557692307692 0.07602163461538461 0.06400240384615384
1 0.3137019230769231 0.140625 0.04146634615384615 0.12800480769230768
1 0.3125 0.375 0.052584134615384616 0.10697115384615384
1 0.4483173076923077 0.040865384615384616 0.1697716346153846 0.06310096153846154
1 0.765625 0.038461538461538464 0.1084735576923077 0.04717548076923077
1 0.7463942307692307 0.8028846153846154 0.11388221153846154 0.034555288461538464