2 0.4987980769230769 0.36177884615384615 0.36268028846153844 0.6556490384615384
2 0.3942307692307692 0.7403846153846154 0.13972355769230768 0.11989182692307693
2 0.5588942307692307 0.7379807692307693 0.19921875 0.11177884615384616
2 0.8269230769230769 0.7043269230769231 0.31700721153846156 0.20612980769230768
2 0.90625 0.8858173076923077 0.1775841346153846 0.16135817307692307
2 0.8389423076923077 0.1814903846153846 0.28365384615384615 0.27163461538461536
2 0.9086538461538461 0.32091346153846156 0.14993990384615385 0.0703125
2 0.8161057692307693 0.46153846153846156 0.32992788461538464 0.29927884615384615
2 0.18269230769230768 0.24879807692307693 0.29236778846153844 0.38461538461538464
2 0.6598557692307693 0.8737980769230769 0.28695913461538464 0.16556490384615385
0 0.39903846153846156 0.8317307692307693 0.08774038461538461 0.07692307692307693
0 0.6057692307692307 0.8317307692307693 0.09585336538461539 0.0907451923076923
0 0.7740384615384616 0.8677884615384616 0.09585336538461539 0.061598557692307696
0 0.7079326923076923 0.7019230769230769 0.10426682692307693 0.07692307692307693
0 0.6262019230769231 0.5480769230769231 0.09765625 0.07271634615384616
0 0.6310096153846154 0.40384615384615385 0.1024639423076923 0.08143028846153846
0 0.7355769230769231 0.24158653846153846 0.10096153846153846 0.07451923076923077
0 0.8918269230769231 0.2512019230769231 0.09104567307692307 0.07481971153846154
0 0.2692307692307692 0.27403846153846156 0.11959134615384616 0.06310096153846154
0 0.875 0.4699519230769231 0.07782451923076923 0.0694110576923077
1 0.3137019230769231 0.13701923076923078 0.049879807692307696 0.13010817307692307
1 0.3125 0.3713942307692308 0.06280048076923077 0.10877403846153846
1 0.4495192307692308 0.037259615384615384 0.17307692307692307 0.036959134615384616
1 0.7668269230769231 0.03485576923076923 0.10997596153846154 0.04657451923076923
1 0.7475961538461539 0.8016826923076923 0.11598557692307693 0.036959134615384616