2 0.5 0.34134615384615385 0.4375 0.6826923076923077
2 0.39302884615384615 0.7271634615384616 0.13762019230769232 0.11748798076923077
2 0.5625 0.7247596153846154 0.20282451923076922 0.11868990384615384
2 0.8377403846153846 0.6899038461538461 0.3191105769230769 0.19591346153846154
2 0.9122596153846154 0.8762019230769231 0.17548076923076922 0.17548076923076922
2 0.8485576923076923 0.15144230769230768 0.30288461538461536 0.2980769230769231
2 0.921875 0.296875 0.15594951923076922 0.07872596153846154
2 0.8257211538461539 0.4423076923076923 0.3434495192307692 0.3125
2 0.17668269230769232 0.22235576923076922 0.2578125 0.37319711538461536
2 0.6658653846153846 0.8641826923076923 0.2971754807692308 0.18088942307692307
0 0.39783653846153844 0.8221153846153846 0.08653846153846154 0.07572115384615384
0 0.6105769230769231 0.8221153846153846 0.09705528846153846 0.09495192307692307
0 0.7836538461538461 0.859375 0.10186298076923077 0.07361778846153846
0 0.7151442307692307 0.6887019230769231 0.10787259615384616 0.07992788461538461
0 0.6322115384615384 0.5300480769230769 0.09705528846153846 0.07361778846153846
0 0.6358173076923077 0.38100961538461536 0.09825721153846154 0.07391826923076923
0 0.7439903846153846 0.21514423076923078 0.10576923076923077 0.08413461538461539
0 0.9050480769230769 0.2247596153846154 0.09405048076923077 0.07872596153846154
0 0.265625 0.24879807692307693 0.12650240384615385 0.06911057692307693
0 0.8870192307692307 0.4495192307692308 0.07782451923076923 0.06790865384615384
1 0.3112980769230769 0.10817307692307693 0.04537259615384615 0.1307091346153846
1 0.31009615384615385 0.34975961538461536 0.052884615384615384 0.11207932692307693
1 0.4483173076923077 0.014423076923076924 0.17548076923076922 0.028846153846153848
1 0.7752403846153846 0.013221153846153846 0.10817307692307693 0.026442307692307692
1 0.7560096153846154 0.7908653846153846 0.11778846153846154 0.038161057692307696