2 0.328125 0.109375 0.5739182692307693 0.15655048076923078
2 0.22956730769230768 0.30649038461538464 0.37830528846153844 0.27163461538461536
2 0.6430288461538461 0.453125 0.5213341346153846 0.5694110576923077
2 0.35697115384615385 0.6045673076923077 0.18900240384615385 0.10576923076923077
2 0.14543269230769232 0.4206730769230769 0.20342548076923078 0.09224759615384616
2 0.24158653846153846 0.5396634615384616 0.41556490384615385 0.29507211538461536
2 0.24639423076923078 0.734375 0.40564903846153844 0.21784855769230768
2 0.1502403846153846 0.8846153846153846 0.22806490384615385 0.15895432692307693
2 0.5745192307692307 0.7548076923076923 0.2400841346153846 0.10997596153846154
2 0.7860576923076923 0.7632211538461539 0.16706730769230768 0.1084735576923077
2 0.4567307692307692 0.8701923076923077 0.3753004807692308 0.16316105769230768
0 0.30528846153846156 0.8713942307692307 0.13401442307692307 0.0751201923076923
0 0.5288461538461539 0.8389423076923077 0.125 0.09044471153846154
0 0.78125 0.8353365384615384 0.11057692307692307 0.057692307692307696
0 0.4014423076923077 0.7331730769230769 0.13401442307692307 0.07602163461538461
0 0.4987980769230769 0.6069711538461539 0.13251201923076922 0.0703125
0 0.4963942307692308 0.4891826923076923 0.12289663461538461 0.0546875
0 0.3605769230769231 0.35697115384615385 0.11147836538461539 0.05438701923076923
0 0.15865384615384615 0.3641826923076923 0.12980769230769232 0.07421875
0 0.19230769230769232 0.5420673076923077 0.1102764423076923 0.05979567307692308
0 0.53125 0.15625 0.11989182692307693 0.06640625
1 0.32091346153846156 0.18509615384615385 0.13191105769230768 0.01893028846153846
1 0.71875 0.1875 0.2010216346153846 0.034555288461538464
1 0.8918269230769231 0.27403846153846156 0.05739182692307692 0.10486778846153846
1 0.8894230769230769 0.46274038461538464 0.05318509615384615 0.08954326923076923
1 0.3473557692307692 0.8137019230769231 0.1427283653846154 0.04176682692307692