2 0.3269230769230769 0.10216346153846154 0.5817307692307693 0.15865384615384615
2 0.22716346153846154 0.3016826923076923 0.38461538461538464 0.2725360576923077
2 0.6478365384615384 0.45072115384615385 0.48257211538461536 0.5321514423076923
2 0.35697115384615385 0.6045673076923077 0.19891826923076922 0.12800480769230768
2 0.14182692307692307 0.4170673076923077 0.20733173076923078 0.06971153846153846
2 0.2403846153846154 0.5384615384615384 0.40294471153846156 0.25450721153846156
2 0.2439903846153846 0.7367788461538461 0.40564903846153844 0.17518028846153846
2 0.1466346153846154 0.8894230769230769 0.23497596153846154 0.17217548076923078
2 0.578125 0.7572115384615384 0.24759615384615385 0.12560096153846154
2 0.7932692307692307 0.765625 0.17728365384615385 0.13131009615384615
2 0.45913461538461536 0.875 0.3798076923076923 0.18299278846153846
0 0.30408653846153844 0.875 0.1346153846153846 0.07241586538461539
0 0.53125 0.8425480769230769 0.1201923076923077 0.06971153846153846
0 0.7884615384615384 0.8389423076923077 0.11508413461538461 0.06820913461538461
0 0.4026442307692308 0.734375 0.1346153846153846 0.07421875
0 0.5 0.6069711538461539 0.13371394230769232 0.06881009615384616
0 0.4987980769230769 0.4879807692307692 0.12830528846153846 0.061899038461538464
0 0.3605769230769231 0.35336538461538464 0.1141826923076923 0.05709134615384615
0 0.15625 0.3605769230769231 0.1310096153846154 0.06790865384615384
0 0.18990384615384615 0.5408653846153846 0.11478365384615384 0.07091346153846154
0 0.5336538461538461 0.14903846153846154 0.1201923076923077 0.06640625
1 0.31971153846153844 0.17908653846153846 0.13010817307692307 0.04146634615384615
1 0.7247596153846154 0.18028846153846154 0.20192307692307693 0.043569711538461536
1 0.9014423076923077 0.26802884615384615 0.05318509615384615 0.10336538461538461
1 0.8990384615384616 0.46033653846153844 0.047776442307692304 0.08924278846153846
1 0.3473557692307692 0.8173076923076923 0.1463341346153846 0.029747596153846152