2 0.3233173076923077 0.0985576923076923 0.5835336538461539 0.15865384615384615
2 0.22355769230769232 0.2980769230769231 0.37439903846153844 0.25390625
2 0.6442307692307693 0.44711538461538464 0.5 0.5489783653846154
2 0.35336538461538464 0.6009615384615384 0.19651442307692307 0.11959134615384616
2 0.13822115384615385 0.41346153846153844 0.20853365384615385 0.07692307692307693
2 0.23677884615384615 0.5348557692307693 0.41556490384615385 0.27674278846153844
2 0.2403846153846154 0.7331730769230769 0.40805288461538464 0.18359375
2 0.14302884615384615 0.8858173076923077 0.22596153846153846 0.14753605769230768
2 0.5745192307692307 0.7536057692307693 0.24459134615384615 0.11057692307692307
2 0.7896634615384616 0.7620192307692307 0.17548076923076922 0.12530048076923078
2 0.45552884615384615 0.8713942307692307 0.3816105769230769 0.14092548076923078
0 0.3004807692307692 0.8713942307692307 0.13040865384615385 0.059194711538461536
0 0.5288461538461539 0.8401442307692307 0.12379807692307693 0.0751201923076923
0 0.7848557692307693 0.8353365384615384 0.11268028846153846 0.06400240384615384
0 0.39903846153846156 0.7319711538461539 0.13040865384615385 0.06460336538461539
0 0.49759615384615385 0.6033653846153846 0.1349158653846154 0.07782451923076923
0 0.4951923076923077 0.484375 0.12950721153846154 0.0655048076923077
0 0.35697115384615385 0.34975961538461536 0.11538461538461539 0.06971153846153846
0 0.15264423076923078 0.35697115384615385 0.1328125 0.07932692307692307
0 0.18629807692307693 0.5372596153846154 0.11057692307692307 0.057692307692307696
0 0.53125 0.14543269230769232 0.12139423076923077 0.06881009615384616
1 0.3161057692307692 0.17548076923076922 0.13251201923076922 0.028245192307692308
1 0.7211538461538461 0.1778846153846154 0.19771634615384615 0.052584134615384616
1 0.8978365384615384 0.2644230769230769 0.059194711538461536 0.10516826923076923
1 0.8954326923076923 0.4567307692307692 0.04657451923076923 0.09044471153846154
1 0.34375 0.8137019230769231 0.14873798076923078 0.021334134615384616