2 0.6838942307692307 0.11778846153846154 0.6081730769230769 0.23557692307692307
2 0.3233173076923077 0.4735576923076923 0.5129206730769231 0.5811298076923077
2 0.7608173076923077 0.7644230769230769 0.4245793269230769 0.22175480769230768
2 0.8774038461538461 0.9194711538461539 0.22115384615384615 0.16105769230769232
2 0.5516826923076923 0.9122596153846154 0.39272836538461536 0.13641826923076922
2 0.19230769230769232 0.7992788461538461 0.1775841346153846 0.12770432692307693
2 0.4230769230769231 0.796875 0.2605168269230769 0.09435096153846154
2 0.6646634615384616 0.6322115384615384 0.2052283653846154 0.11087740384615384
2 0.7716346153846154 0.5588942307692307 0.43209134615384615 0.2965745192307692
2 0.8762019230769231 0.43990384615384615 0.19230769230769232 0.06820913461538461
2 0.7584134615384616 0.3269230769230769 0.44471153846153844 0.3076923076923077
0 0.2091346153846154 0.8725961538461539 0.11057692307692307 0.07211538461538461
0 0.4651442307692308 0.8774038461538461 0.10877403846153846 0.07692307692307693
0 0.609375 0.7632211538461539 0.12289663461538461 0.055588942307692304
0 0.7019230769230769 0.9086538461538461 0.1388221153846154 0.07632211538461539
0 0.8317307692307693 0.5697115384615384 0.11508413461538461 0.06760817307692307
0 0.8641826923076923 0.3858173076923077 0.13251201923076922 0.07692307692307693
0 0.6514423076923077 0.37740384615384615 0.1349158653846154 0.07632211538461539
0 0.5036057692307693 0.5084134615384616 0.12289663461538461 0.07451923076923077
0 0.5084134615384616 0.6370192307692307 0.13221153846153846 0.07181490384615384
0 0.47475961538461536 0.17548076923076922 0.13161057692307693 0.08173076923076923
1 0.65625 0.8497596153846154 0.15384615384615385 0.021334134615384616
1 0.2644230769230769 0.19591346153846154 0.22986778846153846 0.06099759615384615
1 0.0889423076923077 0.2860576923076923 0.04326923076923077 0.10546875
1 0.0889423076923077 0.4891826923076923 0.061899038461538464 0.09765625
1 0.6875 0.19951923076923078 0.14483173076923078 0.028545673076923076
1 0.65625 0.8509615384615384 0.1346153846153846 0.046875