2 0.6838942307692307 0.12379807692307693 0.6081730769230769 0.24759615384615385
2 0.3245192307692308 0.4735576923076923 0.4561298076923077 0.5342548076923077
2 0.7608173076923077 0.7632211538461539 0.41075721153846156 0.16135817307692307
2 0.875 0.9158653846153846 0.22115384615384615 0.16826923076923078
2 0.5528846153846154 0.9098557692307693 0.3903245192307692 0.14152644230769232
2 0.19591346153846154 0.7980769230769231 0.1700721153846154 0.1102764423076923
2 0.4254807692307692 0.7956730769230769 0.26382211538461536 0.10486778846153846
2 0.6646634615384616 0.6310096153846154 0.1971153846153846 0.09344951923076923
2 0.7716346153846154 0.5588942307692307 0.4284855769230769 0.2998798076923077
2 0.875 0.4411057692307692 0.19200721153846154 0.08443509615384616
2 0.7584134615384616 0.328125 0.4441105769230769 0.31039663461538464
0 0.21153846153846154 0.8713942307692307 0.11478365384615384 0.08323317307692307
0 0.46634615384615385 0.8762019230769231 0.11538461538461539 0.0889423076923077
0 0.6105769230769231 0.7632211538461539 0.12469951923076923 0.055588942307692304
0 0.7019230769230769 0.90625 0.13521634615384615 0.06310096153846154
0 0.8317307692307693 0.5697115384615384 0.1102764423076923 0.048978365384615384
0 0.8629807692307693 0.3870192307692308 0.1307091346153846 0.06700721153846154
0 0.6514423076923077 0.3786057692307692 0.1307091346153846 0.05588942307692308
0 0.5048076923076923 0.5096153846153846 0.1240985576923077 0.06700721153846154
0 0.5096153846153846 0.6370192307692307 0.12620192307692307 0.05739182692307692
0 0.47596153846153844 0.1778846153846154 0.13341346153846154 0.08774038461538461
1 0.65625 0.8485576923076923 0.15354567307692307 0.029747596153846152
1 0.2668269230769231 0.19831730769230768 0.23076923076923078 0.04026442307692308
1 0.09254807692307693 0.28846153846153844 0.049879807692307696 0.10667067307692307
1 0.09254807692307693 0.4891826923076923 0.06009615384615385 0.09615384615384616
1 0.6887019230769231 0.20192307692307693 0.14603365384615385 0.04296875
1 0.65625 0.8485576923076923 0.13822115384615385 0.029447115384615384