2 0.6947115384615384 0.0985576923076923 0.6105769230769231 0.1971153846153846
2 0.3317307692307692 0.4567307692307692 0.5009014423076923 0.5814302884615384
2 0.7836538461538461 0.7584134615384616 0.4326923076923077 0.23798076923076922
2 0.9002403846153846 0.9230769230769231 0.19951923076923078 0.14903846153846154
2 0.5709134615384616 0.9134615384615384 0.41075721153846156 0.17307692307692307
2 0.19591346153846154 0.7956730769230769 0.18419471153846154 0.12890625
2 0.4362980769230769 0.7932692307692307 0.27163461538461536 0.09585336538461539
2 0.6887019230769231 0.6213942307692307 0.21634615384615385 0.13191105769230768
2 0.7860576923076923 0.5444711538461539 0.42788461538461536 0.31009615384615385
2 0.9038461538461539 0.41947115384615385 0.19230769230769232 0.07451923076923077
2 0.7752403846153846 0.3004807692307692 0.4495192307692308 0.3173076923076923
0 0.2127403846153846 0.8725961538461539 0.11538461538461539 0.07692307692307693
0 0.4807692307692308 0.8774038461538461 0.1201923076923077 0.09104567307692307
0 0.6310096153846154 0.7584134615384616 0.13641826923076922 0.07962740384615384
0 0.7259615384615384 0.9098557692307693 0.13972355769230768 0.0625
0 0.8629807692307693 0.5564903846153846 0.11508413461538461 0.051382211538461536
0 0.8954326923076923 0.36538461538461536 0.14122596153846154 0.08533653846153846
0 0.6742788461538461 0.35697115384615385 0.14122596153846154 0.07932692307692307
0 0.5204326923076923 0.49278846153846156 0.1271033653846154 0.0673076923076923
0 0.5252403846153846 0.6274038461538461 0.13611778846153846 0.06640625
0 0.49038461538461536 0.14543269230769232 0.1349158653846154 0.07872596153846154
1 0.6790865384615384 0.8485576923076923 0.16015625 0.0390625
1 0.2704326923076923 0.16706730769230768 0.24278846153846154 0.04657451923076923
1 0.08774038461538461 0.2608173076923077 0.049879807692307696 0.10907451923076923
1 0.08774038461538461 0.4723557692307692 0.059495192307692304 0.09915865384615384
1 0.7127403846153846 0.17067307692307693 0.15384615384615385 0.034254807692307696
1 0.6790865384615384 0.8497596153846154 0.14212740384615385 0.026141826923076924