2 0.4855769230769231 0.1310096153846154 0.8701923076923077 0.2620192307692308
2 0.1814903846153846 0.4170673076923077 0.2569110576923077 0.3975360576923077
2 0.578125 0.5336538461538461 0.6950120192307693 0.6526442307692307
2 0.23918269230769232 0.7271634615384616 0.3479567307692308 0.2626201923076923
1 0.15144230769230768 0.8449519230769231 0.14423076923076922 0.038461538461538464
1 0.7704326923076923 0.8449519230769231 0.15084134615384615 0.045072115384615384
1 0.17067307692307693 0.21514423076923078 0.06640625 0.038461538461538464
1 0.4098557692307692 0.21394230769230768 0.10096153846153846 0.019831730769230768
1 0.7007211538461539 0.21514423076923078 0.10366586538461539 0.02734375
1 0.8112980769230769 0.21634615384615385 0.09825721153846154 0.028846153846153848
0 0.5408653846153846 0.18629807692307693 0.12469951923076923 0.1024639423076923
0 0.16826923076923078 0.33774038461538464 0.09525240384615384 0.06460336538461539
0 0.2536057692307692 0.34134615384615385 0.11057692307692307 0.07602163461538461
0 0.17548076923076922 0.4651442307692308 0.10216346153846154 0.07361778846153846
0 0.6274038461538461 0.65625 0.10516826923076923 0.06790865384615384
0 0.7896634615384616 0.6550480769230769 0.0946514423076923 0.07061298076923077
0 0.5408653846153846 0.5637019230769231 0.109375 0.07542067307692307
0 0.3557692307692308 0.6478365384615384 0.10997596153846154 0.07391826923076923
0 0.53125 0.7584134615384616 0.10216346153846154 0.07542067307692307
0 0.53125 0.875 0.10486778846153846 0.0868389423076923
2 0.4879807692307692 0.9146634615384616 0.24609375 0.10787259615384616