2 0.47475961538461536 0.1045673076923077 0.9014423076923077 0.2091346153846154
2 0.15745192307692307 0.39903846153846156 0.26111778846153844 0.41256009615384615
2 0.5709134615384616 0.5216346153846154 0.7469951923076923 0.7025240384615384
2 0.21754807692307693 0.7235576923076923 0.35727163461538464 0.2644230769230769
1 0.12620192307692307 0.8449519230769231 0.15114182692307693 0.03665865384615385
1 0.7716346153846154 0.8449519230769231 0.15925480769230768 0.021334134615384616
1 0.1466346153846154 0.18990384615384615 0.06760817307692307 0.034555288461538464
1 0.3954326923076923 0.18870192307692307 0.10366586538461539 0.035757211538461536
1 0.6983173076923077 0.18870192307692307 0.1084735576923077 0.04326923076923077
1 0.8137019230769231 0.18990384615384615 0.10276442307692307 0.03876201923076923
0 0.53125 0.15865384615384615 0.12950721153846154 0.10576923076923077
0 0.14423076923076922 0.3173076923076923 0.10516826923076923 0.07782451923076923
0 0.23317307692307693 0.32091346153846156 0.11448317307692307 0.07542067307692307
0 0.1502403846153846 0.4495192307692308 0.1123798076923077 0.07782451923076923
0 0.6213942307692307 0.6490384615384616 0.11328125 0.07782451923076923
0 0.7908653846153846 0.6478365384615384 0.09645432692307693 0.06400240384615384
0 0.5324519230769231 0.5528846153846154 0.10877403846153846 0.07181490384615384
0 0.3401442307692308 0.640625 0.1201923076923077 0.08984375
0 0.5216346153846154 0.7548076923076923 0.1162860576923077 0.09525240384615384
0 0.5228365384615384 0.8774038461538461 0.10306490384615384 0.0811298076923077
2 0.47716346153846156 0.9182692307692307 0.2644230769230769 0.12620192307692307