2 0.5048076923076923 0.12980769230769232 0.8894230769230769 0.25961538461538464
2 0.18870192307692307 0.390625 0.2527043269230769 0.41015625
2 0.6021634615384616 0.5120192307692307 0.7578125 0.7163461538461539
2 0.25 0.7139423076923077 0.3410456730769231 0.23978365384615385
1 0.15865384615384615 0.8365384615384616 0.14933894230769232 0.034254807692307696
1 0.8028846153846154 0.8365384615384616 0.15865384615384615 0.05198317307692308
1 0.1778846153846154 0.18028846153846154 0.06820913461538461 0.03756009615384615
1 0.42788461538461536 0.17908653846153846 0.10546875 0.021935096153846152
1 0.7295673076923077 0.18028846153846154 0.1084735576923077 0.042067307692307696
1 0.8461538461538461 0.1814903846153846 0.10096153846153846 0.03155048076923077
0 0.5625 0.1502403846153846 0.12469951923076923 0.09915865384615384
0 0.17548076923076922 0.3076923076923077 0.1015625 0.07241586538461539
0 0.2644230769230769 0.3125 0.11147836538461539 0.07241586538461539
0 0.18269230769230768 0.4411057692307692 0.11658653846153846 0.09344951923076923
0 0.6538461538461539 0.6394230769230769 0.10667067307692307 0.0712139423076923
0 0.8221153846153846 0.6382211538461539 0.09585336538461539 0.06099759615384615
0 0.5637019230769231 0.5444711538461539 0.11538461538461539 0.08323317307692307
0 0.3713942307692308 0.6322115384615384 0.11057692307692307 0.07181490384615384
0 0.5540865384615384 0.7463942307692307 0.11688701923076923 0.08924278846153846
0 0.5540865384615384 0.8689903846153846 0.10366586538461539 0.08173076923076923
2 0.5084134615384616 0.9086538461538461 0.2614182692307692 0.11658653846153846