2 0.25 0.15384615384615385 0.40294471153846156 0.29747596153846156
2 0.25600961538461536 0.44350961538461536 0.3816105769230769 0.3284254807692308
2 0.25961538461538464 0.7548076923076923 0.36147836538461536 0.3641826923076923
2 0.6971153846153846 0.23677884615384615 0.38070913461538464 0.17638221153846154
2 0.7067307692307693 0.6153846153846154 0.46724759615384615 0.6628605769230769
1 0.17067307692307693 0.2980769230769231 0.1484375 0.039663461538461536
1 0.2932692307692308 0.3016826923076923 0.07692307692307693 0.03125
1 0.5180288461538461 0.3942307692307692 0.052884615384615384 0.12980769230769232
1 0.6610576923076923 0.3016826923076923 0.2208533653846154 0.03665865384615385
1 0.5168269230769231 0.5540865384615384 0.01953125 0.036959134615384616
1 0.06971153846153846 0.5576923076923077 0.029747596153846152 0.03395432692307692
1 0.06971153846153846 0.8605769230769231 0.034555288461538464 0.11658653846153846
1 0.12860576923076922 0.9387019230769231 0.051382211538461536 0.021634615384615384
1 0.34975961538461536 0.9387019230769231 0.07451923076923077 0.021634615384615384
1 0.5733173076923077 0.9399038461538461 0.05078125 0.02283653846153846
1 0.5180288461538461 0.8557692307692307 0.04146634615384615 0.11117788461538461
1 0.7487980769230769 0.9375 0.17518028846153846 0.034555288461538464
0 0.36899038461538464 0.2764423076923077 0.08653846153846154 0.0634014423076923
0 0.20673076923076922 0.5012019230769231 0.08713942307692307 0.0673076923076923
0 0.18990384615384615 0.5877403846153846 0.0772235576923077 0.055288461538461536
0 0.29086538461538464 0.5540865384615384 0.09014423076923077 0.05618990384615385
0 0.21634615384615385 0.6887019230769231 0.07662259615384616 0.06580528846153846
0 0.34375 0.6790865384615384 0.07271634615384616 0.06400240384615384
0 0.20192307692307693 0.8233173076923077 0.08082932692307693 0.060396634615384616
0 0.20072115384615385 0.9627403846153846 0.09375 0.07451923076923077
0 0.6502403846153846 0.7608173076923077 0.10276442307692307 0.13762019230769232
0 0.8245192307692307 0.27884615384615385 0.08203125 0.07241586538461539