2 0.2548076923076923 0.15745192307692307 0.40775240384615385 0.3004807692307692
2 0.2620192307692308 0.45072115384615385 0.3566706730769231 0.29116586538461536
2 0.265625 0.765625 0.3542668269230769 0.3557692307692308
2 0.7079326923076923 0.24158653846153846 0.39122596153846156 0.14723557692307693
2 0.7175480769230769 0.6237980769230769 0.47445913461538464 0.6712740384615384
1 0.17548076923076922 0.30288461538461536 0.14933894230769232 0.029747596153846152
1 0.29927884615384615 0.30649038461538464 0.0751201923076923 0.028846153846153848
1 0.5276442307692307 0.4014423076923077 0.040865384615384616 0.1307091346153846
1 0.6706730769230769 0.30649038461538464 0.21724759615384615 0.060697115384615384
1 0.5252403846153846 0.5625 0.021634615384615384 0.03876201923076923
1 0.0733173076923077 0.5661057692307693 0.032151442307692304 0.03545673076923077
1 0.0733173076923077 0.8713942307692307 0.04056490384615385 0.11868990384615384
1 0.13341346153846154 0.9507211538461539 0.052884615384615384 0.021033653846153848
1 0.35697115384615385 0.9519230769230769 0.07542067307692307 0.028846153846153848
1 0.5817307692307693 0.9519230769230769 0.052884615384615384 0.018629807692307692
1 0.5276442307692307 0.8677884615384616 0.027043269230769232 0.11087740384615384
1 0.7608173076923077 0.9495192307692307 0.1778846153846154 0.014723557692307692
0 0.3762019230769231 0.2824519230769231 0.08984375 0.07211538461538461
0 0.2127403846153846 0.5084134615384616 0.08864182692307693 0.06911057692307693
0 0.19471153846153846 0.5961538461538461 0.07602163461538461 0.04807692307692308
0 0.296875 0.5625 0.09344951923076923 0.06219951923076923
0 0.22115384615384615 0.6983173076923077 0.07572115384615384 0.06099759615384615
0 0.34975961538461536 0.6887019230769231 0.07361778846153846 0.06430288461538461
0 0.20793269230769232 0.8341346153846154 0.08443509615384616 0.0673076923076923
0 0.20793269230769232 0.9699519230769231 0.0889423076923077 0.06009615384615385
0 0.6598557692307693 0.7716346153846154 0.09314903846153846 0.13551682692307693
0 0.8365384615384616 0.28365384615384615 0.09615384615384616 0.0868389423076923