2 0.23798076923076922 0.15625 0.40865384615384615 0.3016826923076923
2 0.24519230769230768 0.4543269230769231 0.36147836538461536 0.2977764423076923
2 0.24879807692307693 0.7740384615384616 0.37289663461538464 0.375
2 0.6983173076923077 0.24158653846153846 0.39693509615384615 0.15564903846153846
2 0.7079326923076923 0.6298076923076923 0.41977163461538464 0.6628605769230769
1 0.15745192307692307 0.30408653846153844 0.15174278846153846 0.03635817307692308
1 0.28365384615384615 0.3076923076923077 0.07662259615384616 0.02403846153846154
1 0.5144230769230769 0.40384615384615385 0.048978365384615384 0.13431490384615385
1 0.6610576923076923 0.3076923076923077 0.22115384615384615 0.06280048076923077
1 0.5132211538461539 0.5673076923076923 0.022235576923076924 0.0390625
1 0.054086538461538464 0.5709134615384616 0.03545673076923077 0.036057692307692304
1 0.054086538461538464 0.8810096153846154 0.044771634615384616 0.1219951923076923
1 0.1141826923076923 0.9615384615384616 0.0546875 0.02794471153846154
1 0.34134615384615385 0.9627403846153846 0.07692307692307693 0.03125
1 0.5709134615384616 0.9639423076923077 0.052884615384615384 0.024639423076923076
1 0.5144230769230769 0.8774038461538461 0.048677884615384616 0.11508413461538461
1 0.7512019230769231 0.9615384615384616 0.17998798076923078 0.033353365384615384
0 0.3605769230769231 0.2824519230769231 0.08653846153846154 0.06009615384615385
0 0.19471153846153846 0.5132211538461539 0.09134615384615384 0.07061298076923077
0 0.17668269230769232 0.6021634615384616 0.07992788461538461 0.059194711538461536
0 0.28125 0.5673076923076923 0.09134615384615384 0.05348557692307692
0 0.20432692307692307 0.7055288461538461 0.0772235576923077 0.06490384615384616
0 0.33533653846153844 0.6959134615384616 0.0751201923076923 0.06430288461538461
0 0.18990384615384615 0.84375 0.08713942307692307 0.07091346153846154
0 0.18870192307692307 0.9735576923076923 0.0889423076923077 0.052884615384615384
0 0.6502403846153846 0.7800480769230769 0.10336538461538461 0.14152644230769232
0 0.828125 0.2848557692307692 0.0946514423076923 0.08834134615384616