2 0.2439903846153846 0.13822115384615385 0.41586538461538464 0.2764423076923077
2 0.7211538461538461 0.19591346153846154 0.39993990384615385 0.15384615384615385
2 0.15384615384615385 0.4026442307692308 0.2509014423076923 0.33653846153846156
2 0.1502403846153846 0.6923076923076923 0.20462740384615385 0.28455528846153844
2 0.13221153846153846 0.8725961538461539 0.14483173076923078 0.1006610576923077
2 0.24879807692307693 0.5889423076923077 0.3957331730769231 0.6721754807692307
0 0.2860576923076923 0.46634615384615385 0.07602163461538461 0.061899038461538464
2 0.7115384615384616 0.59375 0.3759014423076923 0.6721754807692307
2 0.6394230769230769 0.7079326923076923 0.20643028846153846 0.1180889423076923
2 0.6790865384615384 0.8365384615384616 0.2860576923076923 0.1817908653846154
2 0.33052884615384615 0.375 0.18058894230769232 0.24939903846153846
0 0.6009615384615384 0.22716346153846154 0.08774038461538461 0.0703125
0 0.12620192307692307 0.2283653846153846 0.0985576923076923 0.0673076923076923
0 0.20432692307692307 0.5216346153846154 0.10216346153846154 0.07752403846153846
0 0.15625 0.6538461538461539 0.0772235576923077 0.06640625
0 0.16105769230769232 0.796875 0.07632211538461539 0.06400240384615384
0 0.28365384615384615 0.671875 0.08563701923076923 0.07061298076923077
0 0.3088942307692308 0.5612980769230769 0.07962740384615384 0.060697115384615384
0 0.2980769230769231 0.8064903846153846 0.07602163461538461 0.06520432692307693
0 0.29927884615384615 0.9567307692307693 0.07692307692307693 0.06760817307692307
0 0.7680288461538461 0.7475961538461539 0.10727163461538461 0.13371394230769232
1 0.20192307692307693 0.24879807692307693 0.06700721153846154 0.016826923076923076
1 0.32211538461538464 0.25240384615384615 0.14933894230769232 0.023737980769230768
1 0.7632211538461539 0.25240384615384615 0.22596153846153846 0.03756009615384615
1 0.9086538461538461 0.359375 0.039663461538461536 0.13311298076923078
1 0.9086538461538461 0.5288461538461539 0.03365384615384615 0.03936298076923077
1 0.9074519230769231 0.8485576923076923 0.045072115384615384 0.13040865384615385
1 0.8509615384615384 0.9338942307692307 0.057992788461538464 0.02734375
1 0.6706730769230769 0.9362980769230769 0.18299278846153846 0.04146634615384615
1 0.1466346153846154 0.9302884615384616 0.08623798076923077 0.033353365384615384
1 0.3786057692307692 0.9278846153846154 0.05078125 0.0234375