2 0.23076923076923078 0.13581730769230768 0.4375 0.27163461538461536
2 0.7355769230769231 0.19110576923076922 0.4221754807692308 0.15534855769230768
2 0.13581730769230768 0.4098557692307692 0.23317307692307693 0.34134615384615385
2 0.13221153846153846 0.7151442307692307 0.18719951923076922 0.2815504807692308
2 0.1141826923076923 0.90625 0.16045673076923078 0.11929086538461539
2 0.23557692307692307 0.6045673076923077 0.47115384615384615 0.7331730769230769
0 0.27524038461538464 0.47716346153846156 0.08323317307692307 0.06520432692307693
2 0.7247596153846154 0.6105769230769231 0.4011418269230769 0.7121394230769231
2 0.6478365384615384 0.7319711538461539 0.21814903846153846 0.13131009615384615
2 0.6911057692307693 0.8677884615384616 0.3043870192307692 0.1932091346153846
2 0.32211538461538464 0.38100961538461536 0.20162259615384615 0.26772836538461536
0 0.6081730769230769 0.2247596153846154 0.09705528846153846 0.08383413461538461
0 0.10697115384615384 0.22596153846153846 0.10877403846153846 0.08203125
0 0.18990384615384615 0.5360576923076923 0.10126201923076923 0.06760817307692307
0 0.13942307692307693 0.6742788461538461 0.08563701923076923 0.07391826923076923
0 0.14423076923076922 0.8257211538461539 0.078125 0.0655048076923077
0 0.27403846153846156 0.6935096153846154 0.07752403846153846 0.06430288461538461
0 0.3004807692307692 0.5769230769230769 0.08653846153846154 0.06670673076923077
0 0.28846153846153844 0.8365384615384616 0.07572115384615384 0.06640625
0 0.28846153846153844 0.9771634615384616 0.08173076923076923 0.04567307692307692
0 0.7836538461538461 0.7728365384615384 0.10486778846153846 0.13671875
1 0.1875 0.24759615384615385 0.06790865384615384 0.024639423076923076
1 0.3137019230769231 0.2512019230769231 0.15564903846153846 0.04146634615384615
1 0.7788461538461539 0.2512019230769231 0.23557692307692307 0.06009615384615385
1 0.9326923076923077 0.3641826923076923 0.042367788461538464 0.14212740384615385
1 0.9326923076923077 0.5432692307692307 0.033353365384615384 0.042367788461538464
1 0.9314903846153846 0.8798076923076923 0.04657451923076923 0.13942307692307693
1 0.8725961538461539 0.9699519230769231 0.061899038461538464 0.026442307692307692
1 0.6814903846153846 0.9735576923076923 0.19441105769230768 0.029747596153846152
1 0.12860576923076922 0.9663461538461539 0.08924278846153846 0.034254807692307696
1 0.37259615384615385 0.9639423076923077 0.053786057692307696 0.029146634615384616