2 0.24519230769230768 0.11778846153846154 0.4182692307692308 0.23557692307692307
2 0.7451923076923077 0.17427884615384615 0.41856971153846156 0.1796875
2 0.14903846153846154 0.3918269230769231 0.23587740384615385 0.3407451923076923
2 0.14543269230769232 0.6959134615384616 0.2091346153846154 0.2956730769230769
2 0.12740384615384615 0.8846153846153846 0.15745192307692307 0.1102764423076923
2 0.24879807692307693 0.5865384615384616 0.45913461538461536 0.7253605769230769
0 0.28846153846153844 0.4579326923076923 0.07692307692307693 0.06009615384615385
2 0.734375 0.5913461538461539 0.5081129807692307 0.7403846153846154
2 0.6586538461538461 0.7115384615384616 0.21243990384615385 0.10576923076923077
2 0.7007211538461539 0.8461538461538461 0.31881009615384615 0.22956730769230768
2 0.33413461538461536 0.3629807692307692 0.20192307692307693 0.2686298076923077
0 0.6177884615384616 0.20673076923076922 0.09525240384615384 0.0772235576923077
0 0.1201923076923077 0.2091346153846154 0.10606971153846154 0.07752403846153846
0 0.203125 0.5168269230769231 0.10877403846153846 0.08563701923076923
0 0.15264423076923078 0.6550480769230769 0.08353365384615384 0.0703125
0 0.15745192307692307 0.8052884615384616 0.07962740384615384 0.06700721153846154
0 0.2860576923076923 0.6730769230769231 0.08713942307692307 0.07271634615384616
0 0.3125 0.5576923076923077 0.08533653846153846 0.06610576923076923
0 0.3016826923076923 0.8149038461538461 0.0694110576923077 0.05739182692307692
0 0.3004807692307692 0.9675480769230769 0.08173076923076923 0.06490384615384616
0 0.7932692307692307 0.7524038461538461 0.10516826923076923 0.1388221153846154
1 0.20072115384615385 0.23076923076923078 0.07001201923076923 0.028245192307692308
1 0.32572115384615385 0.23317307692307693 0.15594951923076922 0.033052884615384616
1 0.7884615384615384 0.234375 0.23587740384615385 0.025841346153846152
1 0.9411057692307693 0.34615384615384615 0.05498798076923077 0.13972355769230768
1 0.9411057692307693 0.5240384615384616 0.03155048076923077 0.03936298076923077
1 0.9399038461538461 0.8581730769230769 0.028545673076923076 0.13912259615384615
1 0.8810096153846154 0.9483173076923077 0.06099759615384615 0.036057692307692304
1 0.6911057692307693 0.9507211538461539 0.19230769230769232 0.030949519230769232
1 0.14182692307692307 0.9447115384615384 0.0907451923076923 0.028245192307692308
1 0.38461538461538464 0.9423076923076923 0.056790865384615384 0.033353365384615384