2 0.5985576923076923 0.2247596153846154 0.6974158653846154 0.4456129807692308
2 0.20673076923076922 0.21634615384615385 0.1349158653846154 0.39453125
2 0.17668269230769232 0.6658653846153846 0.1953125 0.40024038461538464
2 0.41586538461538464 0.5901442307692307 0.31820913461538464 0.23828125
2 0.6033653846153846 0.5901442307692307 0.0811298076923077 0.19471153846153846
2 0.7872596153846154 0.59375 0.2965745192307692 0.20793269230769232
2 0.8076923076923077 0.7752403846153846 0.2542067307692308 0.17127403846153846
2 0.5516826923076923 0.8112980769230769 0.15625 0.0946514423076923
2 0.453125 0.7608173076923077 0.3780048076923077 0.2244591346153846
2 0.8569711538461539 0.9350961538461539 0.15144230769230768 0.12980769230769232
0 0.8858173076923077 0.8978365384615384 0.07872596153846154 0.09825721153846154
0 0.5456730769230769 0.8882211538461539 0.054086538461538464 0.07992788461538461
0 0.453125 0.7307692307692307 0.0703125 0.08563701923076923
0 0.5108173076923077 0.6466346153846154 0.060396634615384616 0.0859375
0 0.5456730769230769 0.7355769230769231 0.0625 0.07662259615384616
0 0.6550480769230769 0.7403846153846154 0.059495192307692304 0.07211538461538461
0 0.7091346153846154 0.7283653846153846 0.06640625 0.08653846153846154
0 0.8052884615384616 0.5925480769230769 0.052584134615384616 0.06400240384615384
0 0.6682692307692307 0.5901442307692307 0.06760817307692307 0.0751201923076923
0 0.234375 0.5456730769230769 0.06520432692307693 0.0868389423076923
0 0.2439903846153846 0.10576923076923077 0.06881009615384616 0.08173076923076923
0 0.7512019230769231 0.28725961538461536 0.12259615384615384 0.0889423076923077
1 0.36778846153846156 0.8617788461538461 0.12980769230769232 0.04537259615384615
1 0.8221153846153846 0.8569711538461539 0.06760817307692307 0.032151442307692304
1 0.9387019230769231 0.765625 0.04807692307692308 0.12800480769230768
1 0.9375 0.5853365384615384 0.03275240384615385 0.08022836538461539
1 0.9350961538461539 0.3629807692307692 0.02283653846153846 0.04837740384615385
1 0.9350961538461539 0.18870192307692307 0.05348557692307692 0.1658653846153846
1 0.8497596153846154 0.4182692307692308 0.12770432692307693 0.03936298076923077
1 0.5552884615384616 0.41466346153846156 0.04266826923076923 0.03635817307692308
1 0.3701923076923077 0.41947115384615385 0.13521634615384615 0.0546875
1 0.47475961538461536 0.038461538461538464 0.045072115384615384 0.04296875