2 0.5793269230769231 0.21033653846153846 0.7019230769230769 0.4206730769230769
2 0.18509615384615385 0.1935096153846154 0.125 0.3870192307692308
2 0.15625 0.6430288461538461 0.19651442307692307 0.40564903846153844
2 0.39663461538461536 0.5673076923076923 0.30859375 0.21033653846153846
2 0.5841346153846154 0.5673076923076923 0.10997596153846154 0.19801682692307693
2 0.7692307692307693 0.5697115384615384 0.30859375 0.22566105769230768
2 0.7896634615384616 0.7536057692307693 0.2569110576923077 0.17998798076923078
2 0.5336538461538461 0.7896634615384616 0.1580528846153846 0.10276442307692307
2 0.4338942307692308 0.7391826923076923 0.3780048076923077 0.21875
2 0.8413461538461539 0.921875 0.15865384615384615 0.15114182692307693
0 0.8689903846153846 0.8762019230769231 0.07001201923076923 0.09435096153846154
0 0.5276442307692307 0.8677884615384616 0.06911057692307693 0.08713942307692307
0 0.4338942307692308 0.7091346153846154 0.0703125 0.08563701923076923
0 0.49158653846153844 0.6237980769230769 0.051382211538461536 0.07992788461538461
0 0.5276442307692307 0.7127403846153846 0.07211538461538461 0.08473557692307693
0 0.6370192307692307 0.7175480769230769 0.05348557692307692 0.06911057692307693
0 0.6911057692307693 0.7067307692307693 0.05618990384615385 0.078125
0 0.7884615384615384 0.5697115384615384 0.05348557692307692 0.06640625
0 0.6490384615384616 0.5661057692307693 0.06820913461538461 0.07842548076923077
0 0.2127403846153846 0.5216346153846154 0.0694110576923077 0.08743990384615384
0 0.22355769230769232 0.07932692307692307 0.061598557692307696 0.0733173076923077
0 0.734375 0.26322115384615385 0.11838942307692307 0.08413461538461539
1 0.3485576923076923 0.8401442307692307 0.12980769230769232 0.045973557692307696
1 0.8052884615384616 0.8353365384615384 0.06700721153846154 0.03125
1 0.921875 0.7439903846153846 0.049879807692307696 0.12800480769230768
1 0.9206730769230769 0.5612980769230769 0.038161057692307696 0.08022836538461539
1 0.9194711538461539 0.33774038461538464 0.022235576923076924 0.05078125
1 0.9182692307692307 0.16346153846153846 0.033052884615384616 0.16856971153846154
1 0.8317307692307693 0.3942307692307692 0.12620192307692307 0.048677884615384616
1 0.5360576923076923 0.3894230769230769 0.04266826923076923 0.034555288461538464
1 0.34975961538461536 0.3954326923076923 0.1328125 0.04326923076923077
1 0.453125 0.015625 0.04567307692307692 0.03125