2 0.5733173076923077 0.21754807692307693 0.6850961538461539 0.43509615384615385
2 0.19110576923076922 0.20793269230769232 0.1619591346153846 0.3879206730769231
2 0.16105769230769232 0.6478365384615384 0.20763221153846154 0.39693509615384615
2 0.3954326923076923 0.5733173076923077 0.3076923076923077 0.21875
2 0.578125 0.5733173076923077 0.10306490384615384 0.19501201923076922
2 0.7584134615384616 0.5769230769230769 0.29086538461538464 0.20282451923076922
2 0.7788461538461539 0.7548076923076923 0.2503004807692308 0.1739783653846154
2 0.5288461538461539 0.7896634615384616 0.14813701923076922 0.08173076923076923
2 0.43149038461538464 0.7403846153846154 0.37259615384615385 0.23918269230769232
2 0.828125 0.9182692307692307 0.1427283653846154 0.13521634615384615
0 0.8557692307692307 0.8737980769230769 0.0772235576923077 0.09795673076923077
0 0.5228365384615384 0.8653846153846154 0.06520432692307693 0.08563701923076923
0 0.43149038461538464 0.7115384615384616 0.0694110576923077 0.08203125
0 0.4879807692307692 0.6286057692307693 0.06129807692307692 0.08383413461538461
0 0.5228365384615384 0.7151442307692307 0.06520432692307693 0.07872596153846154
0 0.6298076923076923 0.7199519230769231 0.048978365384615384 0.06580528846153846
0 0.6814903846153846 0.7091346153846154 0.05588942307692308 0.08082932692307693
0 0.7764423076923077 0.5757211538461539 0.051682692307692304 0.0625
0 0.6418269230769231 0.5733173076923077 0.05709134615384615 0.06881009615384616
0 0.21634615384615385 0.5300480769230769 0.0673076923076923 0.0850360576923077
0 0.22716346153846154 0.0985576923076923 0.06009615384615385 0.07271634615384616
0 0.7235576923076923 0.2776442307692308 0.1240985576923077 0.09435096153846154
1 0.3485576923076923 0.8389423076923077 0.12950721153846154 0.023737980769230768
1 0.7932692307692307 0.8341346153846154 0.0673076923076923 0.034555288461538464
1 0.9074519230769231 0.7451923076923077 0.026442307692307692 0.12560096153846154
1 0.9050480769230769 0.5685096153846154 0.04056490384615385 0.07962740384615384
1 0.9038461538461539 0.35096153846153844 0.018629807692307692 0.04807692307692308
1 0.9038461538461539 0.18028846153846154 0.048677884615384616 0.16316105769230768
1 0.8197115384615384 0.4050480769230769 0.12530048076923078 0.05078125
1 0.53125 0.4014423076923077 0.038161057692307696 0.028846153846153848
1 0.34975961538461536 0.40625 0.13131009615384615 0.048978365384615384
1 0.453125 0.03365384615384615 0.04567307692307692 0.043870192307692304