2 0.2668269230769231 0.10697115384615384 0.4326923076923077 0.21394230769230768
2 0.7415865384615384 0.13221153846153846 0.4182692307692308 0.13401442307692307
2 0.7487980769230769 0.4483173076923077 0.41646634615384615 0.5306490384615384
2 0.8425480769230769 0.6610576923076923 0.20973557692307693 0.09975961538461539
2 0.6069711538461539 0.7319711538461539 0.09945913461538461 0.3173076923076923
2 0.7956730769230769 0.7896634615384616 0.29867788461538464 0.2088341346153846
2 0.17067307692307693 0.3245192307692308 0.1778846153846154 0.2403846153846154
2 0.3605769230769231 0.3581730769230769 0.1932091346153846 0.30228365384615385
2 0.22235576923076922 0.6237980769230769 0.1619591346153846 0.3557692307692308
2 0.36538461538461536 0.6177884615384616 0.21574519230769232 0.23948317307692307
2 0.3713942307692308 0.8040865384615384 0.19981971153846154 0.16556490384615385
2 0.12139423076923077 0.6298076923076923 0.12980769230769232 0.3740985576923077
2 0.1875 0.8377403846153846 0.23197115384615385 0.1271033653846154
2 0.20432692307692307 0.9338942307692307 0.2361778846153846 0.08653846153846154
1 0.06610576923076923 0.7764423076923077 0.04056490384615385 0.07632211538461539
1 0.06850961538461539 0.8401442307692307 0.04056490384615385 0.059194711538461536
1 0.06850961538461539 0.47716346153846156 0.026141826923076924 0.038461538461538464
1 0.18389423076923078 0.19831730769230768 0.15685096153846154 0.05048076923076923
1 0.3016826923076923 0.19471153846153846 0.07962740384615384 0.025240384615384616
1 0.7079326923076923 0.1935096153846154 0.25 0.052884615384615384
1 0.5552884615384616 0.30408653846153844 0.03756009615384615 0.14212740384615385
1 0.5492788461538461 0.47716346153846156 0.03125 0.035757211538461536
1 0.5504807692307693 0.8028846153846154 0.048677884615384616 0.13551682692307693
1 0.6105769230769231 0.8942307692307693 0.05859375 0.029146634615384616
1 0.8028846153846154 0.8954326923076923 0.19140625 0.06430288461538461
1 0.3629807692307692 0.8918269230769231 0.08713942307692307 0.029146634615384616
1 0.12860576923076922 0.8930288461538461 0.0546875 0.022235576923076924
0 0.8737980769230769 0.16947115384615385 0.09344951923076923 0.0889423076923077
0 0.3858173076923077 0.16947115384615385 0.08864182692307693 0.07872596153846154
0 0.2247596153846154 0.4170673076923077 0.08323317307692307 0.07481971153846154
0 0.20192307692307693 0.5168269230769231 0.078125 0.048677884615384616
0 0.3112980769230769 0.4795673076923077 0.10096153846153846 0.07481971153846154
0 0.23317307692307693 0.6262019230769231 0.0829326923076923 0.07001201923076923
0 0.3581730769230769 0.609375 0.08173076923076923 0.059194711538461536
0 0.21394230769230768 0.7680288461538461 0.08173076923076923 0.05588942307692308
0 0.3545673076923077 0.7524038461538461 0.07962740384615384 0.07091346153846154
0 0.20552884615384615 0.921875 0.08173076923076923 0.060396634615384616
0 0.6911057692307693 0.6983173076923077 0.08413461538461539 0.1219951923076923