2 0.2668269230769231 0.09975961538461539 0.4326923076923077 0.19951923076923078
2 0.7463942307692307 0.12740384615384615 0.4215745192307692 0.14993990384615385
2 0.7548076923076923 0.44711538461538464 0.4035456730769231 0.5204326923076923
2 0.8485576923076923 0.6610576923076923 0.21574519230769232 0.12950721153846154
2 0.6105769230769231 0.734375 0.08653846153846154 0.3173076923076923
2 0.8016826923076923 0.7920673076923077 0.3097956730769231 0.22355769230769232
2 0.16947115384615385 0.32211538461538464 0.20853365384615385 0.26021634615384615
2 0.36177884615384615 0.3557692307692308 0.20402644230769232 0.3076923076923077
2 0.22235576923076922 0.6237980769230769 0.17307692307692307 0.35787259615384615
2 0.36658653846153844 0.6189903846153846 0.21935096153846154 0.24248798076923078
2 0.37259615384615385 0.8064903846153846 0.1974158653846154 0.16045673076923078
2 0.1201923076923077 0.6298076923076923 0.08743990384615384 0.37439903846153844
2 0.18629807692307693 0.8413461538461539 0.23377403846153846 0.10606971153846154
2 0.203125 0.9375 0.23798076923076922 0.07662259615384616
1 0.06370192307692307 0.7788461538461539 0.04537259615384615 0.07752403846153846
1 0.06610576923076923 0.8425480769230769 0.03635817307692308 0.057692307692307696
1 0.06610576923076923 0.47716346153846156 0.03125 0.040865384615384616
1 0.18269230769230768 0.19471153846153846 0.1622596153846154 0.05198317307692308
1 0.3016826923076923 0.19110576923076922 0.08173076923076923 0.031850961538461536
1 0.7127403846153846 0.18990384615384615 0.25240384615384615 0.05228365384615385
1 0.5576923076923077 0.3016826923076923 0.05739182692307692 0.14603365384615385
1 0.5528846153846154 0.47596153846153844 0.033052884615384616 0.03756009615384615
1 0.5528846153846154 0.8052884615384616 0.05318509615384615 0.13972355769230768
1 0.6141826923076923 0.8978365384615384 0.05979567307692308 0.021334134615384616
1 0.8088942307692307 0.8978365384615384 0.1953125 0.045072115384615384
1 0.3641826923076923 0.8954326923076923 0.08864182692307693 0.026141826923076924
1 0.12740384615384615 0.8966346153846154 0.05318509615384615 0.015625
0 0.8798076923076923 0.1658653846153846 0.08563701923076923 0.08263221153846154
0 0.3870192307692308 0.1658653846153846 0.08653846153846154 0.07271634615384616
0 0.2247596153846154 0.41586538461538464 0.08323317307692307 0.0733173076923077
0 0.20072115384615385 0.515625 0.08413461538461539 0.06009615384615385
0 0.3112980769230769 0.4795673076923077 0.10096153846153846 0.07481971153846154
0 0.23197115384615385 0.6274038461538461 0.08383413461538461 0.06700721153846154
0 0.3581730769230769 0.6105769230769231 0.08653846153846154 0.0673076923076923
0 0.2127403846153846 0.7692307692307693 0.0850360576923077 0.06700721153846154
0 0.3557692307692308 0.7536057692307693 0.07662259615384616 0.06490384615384616
0 0.20552884615384615 0.9254807692307693 0.08804086538461539 0.06670673076923077
0 0.6959134615384616 0.6995192307692307 0.09945913461538461 0.13010817307692307