2 0.2668269230769231 0.0985576923076923 0.4326923076923077 0.1971153846153846
2 0.7487980769230769 0.12620192307692307 0.42578125 0.16676682692307693
2 0.7572115384615384 0.44711538461538464 0.46634615384615385 0.5621995192307693
2 0.8521634615384616 0.6634615384615384 0.21844951923076922 0.12109375
2 0.6129807692307693 0.7367788461538461 0.1502403846153846 0.32211538461538464
2 0.8040865384615384 0.7956730769230769 0.31971153846153844 0.24609375
2 0.16947115384615385 0.3233173076923077 0.19230769230769232 0.25210336538461536
2 0.36177884615384615 0.35697115384615385 0.2088341346153846 0.31430288461538464
2 0.22235576923076922 0.6262019230769231 0.14723557692307693 0.3623798076923077
2 0.36778846153846156 0.6201923076923077 0.2247596153846154 0.24579326923076922
2 0.37259615384615385 0.8100961538461539 0.19621394230769232 0.15775240384615385
2 0.1201923076923077 0.6322115384615384 0.13371394230769232 0.3798076923076923
2 0.18629807692307693 0.84375 0.23707932692307693 0.11538461538461539
2 0.20432692307692307 0.9411057692307693 0.2400841346153846 0.0928485576923077
1 0.0625 0.78125 0.03395432692307692 0.07662259615384616
1 0.06490384615384616 0.8461538461538461 0.03786057692307692 0.05829326923076923
1 0.06610576923076923 0.47836538461538464 0.031850961538461536 0.042067307692307696
1 0.18269230769230768 0.1935096153846154 0.16286057692307693 0.02734375
1 0.30288461538461536 0.18990384615384615 0.08173076923076923 0.029747596153846152
1 0.7151442307692307 0.18870192307692307 0.25631009615384615 0.04657451923076923
1 0.5600961538461539 0.3016826923076923 0.052584134615384616 0.14693509615384615
1 0.5540865384615384 0.47716346153846156 0.026442307692307692 0.03365384615384615
1 0.5540865384615384 0.8076923076923077 0.035757211538461536 0.13912259615384615
1 0.6165865384615384 0.9014423076923077 0.060396634615384616 0.023737980769230768
1 0.8112980769230769 0.9014423076923077 0.19441105769230768 0.06310096153846154
1 0.36538461538461536 0.8990384615384616 0.08713942307692307 0.024338942307692308
1 0.12740384615384615 0.8990384615384616 0.053786057692307696 0.024639423076923076
0 0.8834134615384616 0.16466346153846154 0.09435096153846154 0.0928485576923077
0 0.38822115384615385 0.16466346153846154 0.08173076923076923 0.07001201923076923
0 0.2247596153846154 0.4170673076923077 0.07481971153846154 0.0673076923076923
0 0.20072115384615385 0.5168269230769231 0.08022836538461539 0.052584134615384616
0 0.3125 0.4795673076923077 0.09705528846153846 0.06490384615384616
0 0.23197115384615385 0.6286057692307693 0.08323317307692307 0.06490384615384616
0 0.359375 0.6117788461538461 0.07962740384615384 0.059495192307692304
0 0.21394230769230768 0.7728365384615384 0.08263221153846154 0.05979567307692308
0 0.3557692307692308 0.7560096153846154 0.07782451923076923 0.06881009615384616
0 0.20552884615384615 0.9290865384615384 0.0850360576923077 0.0625
0 0.6983173076923077 0.7019230769230769 0.09765625 0.12980769230769232