2 0.12860576923076922 0.17067307692307693 0.2527043269230769 0.33263221153846156
2 0.2764423076923077 0.1310096153846154 0.10667067307692307 0.22806490384615385
2 0.5576923076923077 0.21995192307692307 0.46664663461538464 0.4071514423076923
2 0.19831730769230768 0.3762019230769231 0.3434495192307692 0.08864182692307693
2 0.8665865384615384 0.22235576923076922 0.20853365384615385 0.4293870192307692
2 0.8822115384615384 0.6875 0.23557692307692307 0.4423076923076923
2 0.6141826923076923 0.5829326923076923 0.3620793269230769 0.2626201923076923
2 0.23557692307692307 0.5865384615384616 0.4423076923076923 0.26502403846153844
2 0.31850961538461536 0.7427884615384616 0.3957331730769231 0.10997596153846154
2 0.6502403846153846 0.7860576923076923 0.2707331730769231 0.19651442307692307
2 0.0733173076923077 0.7932692307692307 0.11268028846153846 0.17728365384615385
2 0.30649038461538464 0.8413461538461539 0.4152644230769231 0.1102764423076923
1 0.7884615384615384 0.640625 0.02013221153846154 0.08653846153846154
1 0.7932692307692307 0.7752403846153846 0.047776442307692304 0.16015625
1 0.018028846153846152 0.7836538461538461 0.036057692307692304 0.14423076923076922
1 0.014423076923076924 0.5793269230769231 0.01893028846153846 0.08203125
1 0.018028846153846152 0.16826923076923078 0.036057692307692304 0.1875
1 0.016826923076923076 0.3737980769230769 0.03365384615384615 0.07932692307692307
1 0.11298076923076923 0.43028846153846156 0.14903846153846154 0.04417067307692308
1 0.4807692307692308 0.43028846153846156 0.056490384615384616 0.038161057692307696
1 0.6778846153846154 0.42908653846153844 0.15264423076923078 0.05498798076923077
1 0.796875 0.26802884615384615 0.017427884615384616 0.25
1 0.10576923076923077 0.9519230769230769 0.17277644230769232 0.09615384615384616
0 0.0733173076923077 0.9314903846153846 0.08323317307692307 0.10787259615384616
0 0.15625 0.7463942307692307 0.07752403846153846 0.08804086538461539
0 0.3161057692307692 0.7283653846153846 0.07481971153846154 0.10216346153846154
0 0.4338942307692308 0.7524038461538461 0.06580528846153846 0.08653846153846154
0 0.5492788461538461 0.734375 0.07692307692307693 0.08173076923076923
0 0.4795673076923077 0.6466346153846154 0.07361778846153846 0.09224759615384616
0 0.3293269230769231 0.5913461538461539 0.07241586538461539 0.0868389423076923
0 0.16466346153846154 0.5913461538461539 0.0625 0.07692307692307693
0 0.20192307692307693 0.28365384615384615 0.07181490384615384 0.10006009615384616
0 0.26802884615384615 0.2848557692307692 0.0655048076923077 0.08653846153846154
0 0.8257211538461539 0.09495192307692307 0.08353365384615384 0.08473557692307693
0 0.8149038461538461 0.5540865384615384 0.0868389423076923 0.09885817307692307
1 0.14783653846153846 0.8942307692307693 0.07451923076923077 0.024338942307692308
1 0.47836538461538464 0.8918269230769231 0.03936298076923077 0.03756009615384615
1 0.7956730769230769 0.6382211538461539 0.028545673076923076 0.07451923076923077
1 0.7908653846153846 0.7704326923076923 0.03365384615384615 0.16135817307692307