2 0.13221153846153846 0.15745192307692307 0.24519230769230768 0.31490384615384615
2 0.2860576923076923 0.11057692307692307 0.125 0.22115384615384615
2 0.5769230769230769 0.20793269230769232 0.5 0.41586538461538464
2 0.20552884615384615 0.359375 0.3605769230769231 0.12980769230769232
2 0.8990384615384616 0.21153846153846154 0.1778846153846154 0.4230769230769231
2 0.9158653846153846 0.6826923076923077 0.16826923076923078 0.44711538461538464
2 0.6370192307692307 0.5733173076923077 0.3786057692307692 0.2770432692307692
2 0.2439903846153846 0.578125 0.43539663461538464 0.20402644230769232
2 0.33052884615384615 0.7391826923076923 0.4071514423076923 0.10787259615384616
2 0.6754807692307693 0.7848557692307693 0.29447115384615385 0.22596153846153846
2 0.07572115384615384 0.7920673076923077 0.14603365384615385 0.1971153846153846
2 0.31850961538461536 0.8425480769230769 0.4299879807692308 0.12259615384615384
1 0.8197115384615384 0.6334134615384616 0.023137019230769232 0.0889423076923077
1 0.8233173076923077 0.7740384615384616 0.045072115384615384 0.1640625
1 0.018028846153846152 0.7824519230769231 0.036057692307692304 0.15144230769230768
1 0.014423076923076924 0.5697115384615384 0.028245192307692308 0.0859375
1 0.015625 0.14543269230769232 0.026442307692307692 0.19921875
1 0.016826923076923076 0.3557692307692308 0.03365384615384615 0.08173076923076923
1 0.11778846153846154 0.41586538461538464 0.14963942307692307 0.061899038461538464
1 0.5 0.41466346153846156 0.05889423076923077 0.040865384615384616
1 0.7043269230769231 0.41466346153846156 0.1580528846153846 0.046274038461538464
1 0.8269230769230769 0.24639423076923078 0.06640625 0.2530048076923077
1 0.10817307692307693 0.953125 0.1778846153846154 0.09375
0 0.07692307692307693 0.9362980769230769 0.0712139423076923 0.10576923076923077
0 0.1622596153846154 0.7439903846153846 0.07421875 0.08413461538461539
0 0.328125 0.7247596153846154 0.08804086538461539 0.11207932692307693
0 0.45072115384615385 0.75 0.0694110576923077 0.09104567307692307
0 0.5697115384615384 0.7307692307692307 0.0829326923076923 0.08713942307692307
0 0.49759615384615385 0.6394230769230769 0.08143028846153846 0.10036057692307693
0 0.3425480769230769 0.5829326923076923 0.09314903846153846 0.10336538461538461
0 0.17067307692307693 0.5829326923076923 0.06670673076923077 0.08022836538461539
0 0.2091346153846154 0.26322115384615385 0.07662259615384616 0.10336538461538461
0 0.2776442307692308 0.26322115384615385 0.07692307692307693 0.09435096153846154
0 0.8569711538461539 0.0673076923076923 0.08353365384615384 0.0868389423076923
0 0.8461538461538461 0.5444711538461539 0.08563701923076923 0.0985576923076923
1 0.15264423076923078 0.8966346153846154 0.0790264423076923 0.042067307692307696
1 0.4963942307692308 0.8954326923076923 0.038461538461538464 0.036057692307692304
1 0.8257211538461539 0.6310096153846154 0.025841346153846152 0.07692307692307693
1 0.8209134615384616 0.7692307692307693 0.02674278846153846 0.16826923076923078