2 0.12860576923076922 0.16346153846153846 0.21484375 0.3134014423076923
2 0.2764423076923077 0.12259615384615384 0.1240985576923077 0.23046875
2 0.5564903846153846 0.21394230769230768 0.4879807692307692 0.42788461538461536
2 0.19831730769230768 0.36778846153846156 0.34825721153846156 0.12469951923076923
2 0.8653846153846154 0.21394230769230768 0.20192307692307693 0.42788461538461536
2 0.9002403846153846 0.6814903846153846 0.18900240384615385 0.42638221153846156
2 0.6141826923076923 0.5745192307692307 0.35727163461538464 0.24639423076923078
2 0.23557692307692307 0.5793269230769231 0.4411057692307692 0.24579326923076922
2 0.31850961538461536 0.734375 0.3957331730769231 0.11057692307692307
2 0.6502403846153846 0.7776442307692307 0.27193509615384615 0.19891826923076922
2 0.0733173076923077 0.7860576923076923 0.13311298076923078 0.18810096153846154
2 0.30649038461538464 0.8341346153846154 0.41346153846153844 0.14393028846153846
1 0.7884615384615384 0.6322115384615384 0.028545673076923076 0.08653846153846154
1 0.7932692307692307 0.7680288461538461 0.043569711538461536 0.16075721153846154
1 0.016826923076923076 0.7752403846153846 0.03365384615384615 0.1466346153846154
1 0.014423076923076924 0.5709134615384616 0.01893028846153846 0.08383413461538461
1 0.019230769230769232 0.16105769230769232 0.038461538461538464 0.1875
1 0.015625 0.36658653846153844 0.03125 0.07932692307692307
1 0.11298076923076923 0.4230769230769231 0.1484375 0.048978365384615384
1 0.4807692307692308 0.421875 0.056490384615384616 0.036959134615384616
1 0.6778846153846154 0.421875 0.15324519230769232 0.03635817307692308
1 0.796875 0.25961538461538464 0.04146634615384615 0.24939903846153846
1 0.10576923076923077 0.9447115384615384 0.16917067307692307 0.0907451923076923
0 0.0733173076923077 0.9242788461538461 0.07542067307692307 0.10426682692307693
0 0.15625 0.7379807692307693 0.0733173076923077 0.08263221153846154
0 0.3161057692307692 0.7199519230769231 0.07481971153846154 0.10096153846153846
0 0.4338942307692308 0.7439903846153846 0.07061298076923077 0.0889423076923077
0 0.5492788461538461 0.7259615384615384 0.07992788461538461 0.08533653846153846
0 0.4795673076923077 0.6382211538461539 0.07001201923076923 0.0928485576923077
0 0.3293269230769231 0.5841346153846154 0.08143028846153846 0.09525240384615384
0 0.16466346153846154 0.5829326923076923 0.0625 0.07692307692307693
0 0.20192307692307693 0.27524038461538464 0.06820913461538461 0.0946514423076923
0 0.26802884615384615 0.2764423076923077 0.07211538461538461 0.09134615384615384
0 0.8257211538461539 0.08653846153846154 0.0751201923076923 0.07752403846153846
0 0.8149038461538461 0.546875 0.09044471153846154 0.09945913461538461
1 0.14783653846153846 0.8858173076923077 0.07451923076923077 0.026141826923076924
1 0.47836538461538464 0.8834134615384616 0.03936298076923077 0.039963942307692304
1 0.7956730769230769 0.6298076923076923 0.023737980769230768 0.07632211538461539
1 0.7908653846153846 0.7632211538461539 0.05709134615384615 0.15715144230769232