2 0.14903846153846154 0.21153846153846154 0.2980769230769231 0.4182692307692308
2 0.43990384615384615 0.21875 0.38882211538461536 0.4332932692307692
2 0.7367788461538461 0.21754807692307693 0.3200120192307692 0.42007211538461536
2 0.11057692307692307 0.4831730769230769 0.1739783653846154 0.13010817307692307
2 0.12259615384615384 0.6153846153846154 0.13972355769230768 0.13341346153846154
2 0.109375 0.78125 0.1796875 0.2010216346153846
2 0.29086538461538464 0.6490384615384616 0.2205528846153846 0.44741586538461536
2 0.6286057692307693 0.6526442307692307 0.4855769230769231 0.48257211538461536
2 0.9146634615384616 0.6478365384615384 0.17067307692307693 0.4543269230769231
1 0.15144230769230768 0.018028846153846152 0.14903846153846154 0.036057692307692304
1 0.36177884615384615 0.019230769230769232 0.07001201923076923 0.019831730769230768
1 0.5300480769230769 0.019230769230769232 0.14182692307692307 0.038461538461538464
1 0.8677884615384616 0.22355769230769232 0.04717548076923077 0.22205528846153846
1 0.8677884615384616 0.7139423076923077 0.014423076923076924 0.25
0 0.22956730769230768 0.3762019230769231 0.07061298076923077 0.11057692307692307
0 0.3557692307692308 0.3798076923076923 0.07752403846153846 0.1141826923076923
0 0.6418269230769231 0.3545673076923077 0.09044471153846154 0.11057692307692307
0 0.4170673076923077 0.4795673076923077 0.08383413461538461 0.10757211538461539
0 0.8954326923076923 0.53125 0.09765625 0.11147836538461539
0 0.21394230769230768 0.5048076923076923 0.07211538461538461 0.07752403846153846
0 0.21394230769230768 0.6069711538461539 0.06640625 0.09435096153846154
0 0.21634615384615385 0.8221153846153846 0.09044471153846154 0.1063701923076923
0 0.2848557692307692 0.921875 0.07391826923076923 0.11538461538461539