2 0.14302884615384615 0.234375 0.25 0.38221153846153844
2 0.4266826923076923 0.2403846153846154 0.3620793269230769 0.40865384615384615
2 0.7139423076923077 0.23918269230769232 0.2692307692307692 0.3876201923076923
2 0.109375 0.4963942307692308 0.17127403846153846 0.13191105769230768
2 0.12139423076923077 0.6225961538461539 0.12229567307692307 0.11508413461538461
2 0.10817307692307693 0.78125 0.15925480769230768 0.18239182692307693
2 0.28365384615384615 0.65625 0.18840144230769232 0.42247596153846156
2 0.609375 0.6586538461538461 0.45853365384615385 0.45252403846153844
2 0.9026442307692307 0.6550480769230769 0.14122596153846154 0.43960336538461536
1 0.1502403846153846 0.04447115384615385 0.14122596153846154 0.0546875
1 0.35216346153846156 0.04807692307692308 0.07001201923076923 0.029146634615384616
1 0.515625 0.04927884615384615 0.13611778846153846 0.045072115384615384
1 0.8401442307692307 0.24639423076923078 0.0546875 0.21153846153846154
1 0.8401442307692307 0.7175480769230769 0.05048076923076923 0.23557692307692307
0 0.2247596153846154 0.3918269230769231 0.07842548076923077 0.10967548076923077
0 0.34615384615384615 0.3954326923076923 0.07692307692307693 0.10907451923076923
0 0.6225961538461539 0.3713942307692308 0.08563701923076923 0.10727163461538461
0 0.40625 0.49158653846153844 0.07782451923076923 0.09945913461538461
0 0.8665865384615384 0.5408653846153846 0.09615384615384616 0.11057692307692307
0 0.2091346153846154 0.515625 0.06820913461538461 0.0751201923076923
0 0.2091346153846154 0.6141826923076923 0.07662259615384616 0.09825721153846154
0 0.21153846153846154 0.8221153846153846 0.08713942307692307 0.10546875
0 0.2776442307692308 0.9182692307692307 0.08173076923076923 0.1162860576923077