2 0.12740384615384615 0.24519230769230768 0.2548076923076923 0.3894230769230769
2 0.41586538461538464 0.2512019230769231 0.32632211538461536 0.3831129807692308
2 0.7091346153846154 0.25 0.28846153846153844 0.40414663461538464
2 0.09134615384615384 0.5120192307692307 0.1739783653846154 0.13371394230769232
2 0.10336538461538461 0.6418269230769231 0.1307091346153846 0.12139423076923077
2 0.09014423076923077 0.8040865384615384 0.17127403846153846 0.19441105769230768
2 0.2692307692307692 0.6754807692307693 0.2608173076923077 0.44681490384615385
2 0.6021634615384616 0.6790865384615384 0.5144230769230769 0.5114182692307693
2 0.8990384615384616 0.6730769230769231 0.20192307692307693 0.44711538461538464
1 0.13221153846153846 0.051682692307692304 0.14423076923076922 0.036959134615384616
1 0.3389423076923077 0.055288461538461536 0.07211538461538461 0.028245192307692308
1 0.5060096153846154 0.056490384615384616 0.13731971153846154 0.021935096153846152
1 0.8377403846153846 0.25721153846153844 0.050180288461538464 0.2205528846153846
1 0.8377403846153846 0.7391826923076923 0.057692307692307696 0.24188701923076922
0 0.2091346153846154 0.40625 0.07211538461538461 0.1102764423076923
0 0.3329326923076923 0.4098557692307692 0.07542067307692307 0.11268028846153846
0 0.6153846153846154 0.3858173076923077 0.1015625 0.11868990384615384
0 0.3942307692307692 0.5084134615384616 0.08653846153846154 0.10787259615384616
0 0.8653846153846154 0.5588942307692307 0.1015625 0.11538461538461539
0 0.1935096153846154 0.5336538461538461 0.0673076923076923 0.07301682692307693
0 0.1935096153846154 0.6334134615384616 0.06971153846153846 0.09765625
0 0.19591346153846154 0.8449519230769231 0.08954326923076923 0.10787259615384616
0 0.2620192307692308 0.9423076923076923 0.07692307692307693 0.11538461538461539