2 0.5985576923076923 0.10216346153846154 0.7836538461538461 0.20432692307692307
2 0.5997596153846154 0.33653846153846156 0.7788461538461539 0.46033653846153844
2 0.8293269230769231 0.5805288461538461 0.3233173076923077 0.18599759615384615
2 0.8040865384615384 0.7896634615384616 0.3825120192307692 0.2566105769230769
2 0.09735576923076923 0.4074519230769231 0.19471153846153846 0.4543269230769231
2 0.09735576923076923 0.7608173076923077 0.19471153846153846 0.2620192307692308
2 0.4375 0.5817307692307693 0.4609375 0.24609375
2 0.41346153846153844 0.7932692307692307 0.41796875 0.2734375
0 0.36778846153846156 0.21033653846153846 0.24909855769230768 0.12289663461538461
0 0.7824519230769231 0.21754807692307693 0.16676682692307693 0.125
0 0.4723557692307692 0.953125 0.19471153846153846 0.09375