2 0.5841346153846154 0.0985576923076923 0.7836538461538461 0.1971153846153846
2 0.5841346153846154 0.3112980769230769 0.7650240384615384 0.3440504807692308
2 0.8173076923076923 0.5576923076923077 0.34615384615384615 0.23046875
2 0.7920673076923077 0.7704326923076923 0.3828125 0.2530048076923077
2 0.08052884615384616 0.38341346153846156 0.16105769230769232 0.4543269230769231
2 0.08774038461538461 0.7403846153846154 0.17548076923076922 0.2692307692307692
2 0.4206730769230769 0.5588942307692307 0.4522235576923077 0.1896033653846154
2 0.39663461538461536 0.7740384615384616 0.41796875 0.25540865384615385
0 0.35096153846153844 0.18389423076923078 0.2542067307692308 0.10727163461538461
0 0.7704326923076923 0.19110576923076922 0.15685096153846154 0.09945913461538461
0 0.45552884615384615 0.9507211538461539 0.18990384615384615 0.08984375