2 0.5889423076923077 0.08533653846153846 0.7884615384615384 0.17067307692307693
2 0.5901442307692307 0.3161057692307692 0.7788461538461539 0.4423076923076923
2 0.8197115384615384 0.5600961538461539 0.34134615384615385 0.22686298076923078
2 0.7944711538461539 0.7704326923076923 0.3825120192307692 0.2566105769230769
2 0.10336538461538461 0.38822115384615385 0.20673076923076922 0.4543269230769231
2 0.09134615384615384 0.7427884615384616 0.18269230769230768 0.25961538461538464
2 0.42788461538461536 0.5625 0.4519230769230769 0.20763221153846154
2 0.4050480769230769 0.7740384615384616 0.4065504807692308 0.24098557692307693
0 0.359375 0.18990384615384615 0.24729567307692307 0.11989182692307693
0 0.7728365384615384 0.19831730769230768 0.16075721153846154 0.10396634615384616
0 0.46274038461538464 0.9483173076923077 0.1893028846153846 0.09134615384615384