2 0.25600961538461536 0.21514423076923078 0.4831730769230769 0.43028846153846156
2 0.6454326923076923 0.14783653846153846 0.37740384615384615 0.2956730769230769
2 0.8942307692307693 0.12620192307692307 0.12980769230769232 0.25240384615384615
2 0.7632211538461539 0.4326923076923077 0.34825721153846156 0.3034855769230769
2 0.5516826923076923 0.3473557692307692 0.11268028846153846 0.13221153846153846
2 0.25721153846153844 0.6201923076923077 0.4912860576923077 0.4753605769230769
2 0.5336538461538461 0.49399038461538464 0.15354567307692307 0.17157451923076922
2 0.296875 0.7223557692307693 0.13641826923076922 0.19921875
0 0.5336538461538461 0.44350961538461536 0.0634014423076923 0.07481971153846154
0 0.5661057692307693 0.4651442307692308 0.08954326923076923 0.11268028846153846
0 0.8341346153846154 0.21033653846153846 0.1640625 0.10276442307692307
0 0.4951923076923077 0.23798076923076922 0.0811298076923077 0.08203125
0 0.38341346153846156 0.7175480769230769 0.07421875 0.08323317307692307
0 0.42908653846153844 0.8221153846153846 0.09915865384615384 0.20703125
1 0.03245192307692308 0.20072115384615385 0.055588942307692304 0.3284254807692308
1 0.03245192307692308 0.5180288461538461 0.03515625 0.11328125
1 0.12740384615384615 0.8293269230769231 0.0634014423076923 0.043870192307692304
1 0.9314903846153846 0.44591346153846156 0.030348557692307692 0.1896033653846154
1 0.8317307692307693 0.08052884615384616 0.04837740384615385 0.15534855769230768