2 0.27283653846153844 0.21754807692307693 0.43028846153846156 0.4104567307692308
2 0.6526442307692307 0.15985576923076922 0.3590745192307692 0.2932692307692308
2 0.8954326923076923 0.1466346153846154 0.12830528846153846 0.24969951923076922
2 0.765625 0.44591346153846156 0.35336538461538464 0.3155048076923077
2 0.5588942307692307 0.3629807692307692 0.09885817307692307 0.12439903846153846
2 0.27283653846153844 0.6286057692307693 0.4582331730769231 0.43599759615384615
2 0.5420673076923077 0.5048076923076923 0.16105769230769232 0.17728365384615385
2 0.3112980769230769 0.7283653846153846 0.12259615384615384 0.18719951923076922
0 0.5420673076923077 0.45552884615384615 0.060697115384615384 0.07361778846153846
0 0.5733173076923077 0.47716346153846156 0.07391826923076923 0.09945913461538461
0 0.8353365384615384 0.22956730769230768 0.16496394230769232 0.10757211538461539
0 0.5048076923076923 0.25721153846153844 0.08563701923076923 0.08713942307692307
0 0.3954326923076923 0.7223557692307693 0.06490384615384616 0.07421875
0 0.43990384615384615 0.8245192307692307 0.1063701923076923 0.20552884615384615
1 0.052884615384615384 0.21995192307692307 0.09224759615384616 0.3076923076923077
1 0.052884615384615384 0.5288461538461539 0.038461538461538464 0.1102764423076923
1 0.14543269230769232 0.8317307692307693 0.06430288461538461 0.04417067307692308
1 0.9302884615384616 0.4579326923076923 0.03936298076923077 0.18479567307692307
1 0.8329326923076923 0.10216346153846154 0.036959134615384616 0.15564903846153846