2 0.28125 0.21514423076923078 0.4855769230769231 0.43028846153846156
2 0.6742788461538461 0.14423076923076922 0.37259615384615385 0.28846153846153844
2 0.9230769230769231 0.12620192307692307 0.14903846153846154 0.25240384615384615
2 0.7908653846153846 0.43149038461538464 0.35997596153846156 0.31580528846153844
2 0.578125 0.34615384615384615 0.09405048076923077 0.12049278846153846
2 0.2824519230769231 0.6201923076923077 0.4855769230769231 0.4660456730769231
2 0.5600961538461539 0.49278846153846156 0.16766826923076922 0.18209134615384615
2 0.32211538461538464 0.7223557692307693 0.13912259615384615 0.19981971153846154
0 0.5600961538461539 0.4423076923076923 0.05739182692307692 0.07181490384615384
0 0.5925480769230769 0.4639423076923077 0.08954326923076923 0.11087740384615384
0 0.8629807692307693 0.2091346153846154 0.17217548076923078 0.12049278846153846
0 0.5216346153846154 0.23677884615384615 0.08563701923076923 0.08834134615384616
0 0.40865384615384615 0.7163461538461539 0.07271634615384616 0.08143028846153846
0 0.45552884615384615 0.8221153846153846 0.08924278846153846 0.20222355769230768
1 0.056490384615384616 0.19831730769230768 0.09375 0.3191105769230769
1 0.055288461538461536 0.5168269230769231 0.038161057692307696 0.11478365384615384
1 0.15144230769230768 0.8293269230769231 0.0673076923076923 0.048677884615384616
1 0.9603365384615384 0.44471153846153844 0.02734375 0.18780048076923078
1 0.859375 0.07932692307692307 0.04176682692307692 0.15474759615384615