2 0.1502403846153846 0.2620192307692308 0.21905048076923078 0.32241586538461536
2 0.37259615384615385 0.25721153846153844 0.26021634615384615 0.32241586538461536
2 0.7920673076923077 0.2608173076923077 0.2959735576923077 0.33984375
2 0.5757211538461539 0.21875 0.14753605769230768 0.22686298076923078
2 0.359375 0.5769230769230769 0.6268028846153846 0.40444711538461536
2 0.5745192307692307 0.38461538461538464 0.14903846153846154 0.10997596153846154
2 0.7235576923076923 0.5829326923076923 0.12980769230769232 0.30018028846153844
2 0.3954326923076923 0.8521634615384616 0.3683894230769231 0.2629206730769231
2 0.1310096153846154 0.8737980769230769 0.17037259615384615 0.2421875
1 0.04326923076923077 0.6165865384615384 0.06280048076923077 0.23317307692307693
1 0.1778846153846154 0.09375 0.12439903846153846 0.05318509615384615
1 0.4254807692307692 0.0889423076923077 0.11117788461538461 0.04447115384615385
1 0.5504807692307693 0.09375 0.04807692307692308 0.033052884615384616
1 0.9278846153846154 0.3233173076923077 0.03876201923076923 0.14212740384615385
1 0.21754807692307693 0.8269230769230769 0.03515625 0.1063701923076923
1 0.04447115384615385 0.609375 0.049879807692307696 0.22896634615384615
0 0.16105769230769232 0.7487980769230769 0.09044471153846154 0.1427283653846154
0 0.5324519230769231 0.7668269230769231 0.07692307692307693 0.09134615384615384
0 0.6189903846153846 0.7067307692307693 0.0703125 0.08563701923076923
0 0.6262019230769231 0.6370192307692307 0.0625 0.054086538461538464
0 0.6862980769230769 0.5829326923076923 0.04326923076923077 0.052884615384615384
0 0.6838942307692307 0.3786057692307692 0.08864182692307693 0.08413461538461539
0 0.5552884615384616 0.3605769230769231 0.05739182692307692 0.0634014423076923
0 0.46153846153846156 0.3786057692307692 0.08233173076923077 0.07692307692307693
0 0.47115384615384615 0.1971153846153846 0.07241586538461539 0.06670673076923077