2 0.16346153846153846 0.24879807692307693 0.2364783653846154 0.32992788461538464
2 0.3870192307692308 0.24519230769230768 0.28455528846153844 0.3407451923076923
2 0.8076923076923077 0.24879807692307693 0.2890625 0.33653846153846156
2 0.5901442307692307 0.20673076923076922 0.18990384615384615 0.25
2 0.37259615384615385 0.5673076923076923 0.6204927884615384 0.36087740384615385
2 0.5889423076923077 0.37259615384615385 0.15474759615384615 0.11899038461538461
2 0.7391826923076923 0.5721153846153846 0.17608173076923078 0.30859375
2 0.4098557692307692 0.8425480769230769 0.35306490384615385 0.2325721153846154
2 0.14302884615384615 0.8641826923076923 0.19981971153846154 0.2581129807692308
1 0.056490384615384616 0.6069711538461539 0.04957932692307692 0.23768028846153846
1 0.19110576923076922 0.08052884615384616 0.12319711538461539 0.04537259615384615
1 0.4387019230769231 0.07572115384615384 0.1123798076923077 0.040865384615384616
1 0.5661057692307693 0.08052884615384616 0.05048076923076923 0.036057692307692304
1 0.9435096153846154 0.3112980769230769 0.04657451923076923 0.14182692307692307
1 0.23076923076923078 0.8185096153846154 0.033353365384615384 0.10817307692307693
1 0.056490384615384616 0.5997596153846154 0.03665865384615385 0.2286658653846154
0 0.17307692307692307 0.7391826923076923 0.07241586538461539 0.13792067307692307
0 0.546875 0.7572115384615384 0.07872596153846154 0.09525240384615384
0 0.6334134615384616 0.6971153846153846 0.07872596153846154 0.08743990384615384
0 0.6418269230769231 0.6262019230769231 0.06280048076923077 0.055288461538461536
0 0.7019230769230769 0.5721153846153846 0.043870192307692304 0.052884615384615384
0 0.6995192307692307 0.36658653846153844 0.08743990384615384 0.08323317307692307
0 0.5697115384615384 0.34975961538461536 0.052584134615384616 0.05979567307692308
0 0.47596153846153844 0.36658653846153844 0.07752403846153846 0.07211538461538461
0 0.4855769230769231 0.18509615384615385 0.07301682692307693 0.06820913461538461