2 0.16706730769230768 0.25961538461538464 0.20402644230769232 0.31189903846153844
2 0.3870192307692308 0.25600961538461536 0.2734375 0.3293269230769231
2 0.8004807692307693 0.25841346153846156 0.28455528846153844 0.3317307692307692
2 0.5877403846153846 0.21754807692307693 0.14723557692307693 0.2244591346153846
2 0.37259615384615385 0.5721153846153846 0.6156850961538461 0.3740985576923077
2 0.5865384615384616 0.38100961538461536 0.14993990384615385 0.11328125
2 0.734375 0.5769230769230769 0.13701923076923078 0.29867788461538464
2 0.4098557692307692 0.8425480769230769 0.3434495192307692 0.21905048076923078
2 0.14783653846153846 0.8641826923076923 0.17457932692307693 0.24248798076923078
1 0.06129807692307692 0.6105769230769231 0.04567307692307692 0.23137019230769232
1 0.19471153846153846 0.09254807692307693 0.12079326923076923 0.04537259615384615
1 0.4387019230769231 0.0889423076923077 0.10907451923076923 0.038461538461538464
1 0.5625 0.09375 0.05198317307692308 0.03786057692307692
1 0.9350961538461539 0.31971153846153844 0.048677884615384616 0.1388221153846154
1 0.234375 0.8185096153846154 0.04146634615384615 0.10426682692307693
1 0.0625 0.6033653846153846 0.038461538461538464 0.22596153846153846
0 0.17668269230769232 0.7415865384615384 0.08954326923076923 0.14092548076923078
0 0.5444711538461539 0.7584134615384616 0.07842548076923077 0.0928485576923077
0 0.6298076923076923 0.6995192307692307 0.0772235576923077 0.09014423076923077
0 0.6382211538461539 0.6310096153846154 0.0625 0.05438701923076923
0 0.6971153846153846 0.5769230769230769 0.05198317307692308 0.057992788461538464
0 0.6947115384615384 0.375 0.08173076923076923 0.07692307692307693
0 0.5673076923076923 0.3581730769230769 0.05198317307692308 0.057692307692307696
0 0.47475961538461536 0.375 0.08924278846153846 0.08563701923076923
0 0.484375 0.19591346153846154 0.06971153846153846 0.0655048076923077