1 0.11298076923076923 0.03245192307692308 0.08713942307692307 0.045072115384615384
1 0.38461538461538464 0.03365384615384615 0.15324519230769232 0.033052884615384616
1 0.609375 0.23557692307692307 0.13701923076923078 0.05829326923076923
2 0.3401442307692308 0.390625 0.2956730769230769 0.6538461538461539
2 0.6117788461538461 0.49399038461538464 0.32361778846153844 0.49038461538461536
2 0.6045673076923077 0.1201923076923077 0.24248798076923078 0.2166466346153846
2 0.11538461538461539 0.6935096153846154 0.1739783653846154 0.3245192307692308
2 0.11778846153846154 0.3737980769230769 0.1580528846153846 0.2980769230769231
2 0.11658653846153846 0.13942307692307693 0.15174278846153846 0.16766826923076922
0 0.1141826923076923 0.9134615384615384 0.1024639423076923 0.14453125
0 0.14903846153846154 0.5733173076923077 0.0712139423076923 0.10907451923076923
0 0.1466346153846154 0.27403846153846156 0.08143028846153846 0.11658653846153846
0 0.5516826923076923 0.15625 0.1268028846153846 0.1201923076923077
0 0.5216346153846154 0.3173076923076923 0.09555288461538461 0.09735576923076923