1 0.09134615384615384 0.04447115384615385 0.08774038461538461 0.04146634615384615
1 0.36899038461538464 0.04447115384615385 0.15204326923076922 0.05498798076923077
1 0.5985576923076923 0.2512019230769231 0.13942307692307693 0.04657451923076923
2 0.3233173076923077 0.4098557692307692 0.33924278846153844 0.6844951923076923
2 0.5997596153846154 0.515625 0.25330528846153844 0.48227163461538464
2 0.5925480769230769 0.13341346153846154 0.2527043269230769 0.2283653846153846
2 0.09375 0.7199519230769231 0.1875 0.33413461538461536
2 0.09735576923076923 0.39302884615384615 0.19471153846153846 0.31490384615384615
2 0.09495192307692307 0.15384615384615385 0.1619591346153846 0.1775841346153846
0 0.09134615384615384 0.9350961538461539 0.10096153846153846 0.12980769230769232
0 0.12740384615384615 0.5961538461538461 0.07632211538461539 0.11568509615384616
0 0.12620192307692307 0.2920673076923077 0.08954326923076923 0.12259615384615384
0 0.5396634615384616 0.17067307692307693 0.12800480769230768 0.12439903846153846
0 0.5096153846153846 0.33653846153846156 0.08774038461538461 0.09134615384615384