1 0.0985576923076923 0.015625 0.09134615384615384 0.03125
1 0.37740384615384615 0.020432692307692308 0.15384615384615385 0.040865384615384616
1 0.6081730769230769 0.21995192307692307 0.13972355769230768 0.05078125
2 0.3329326923076923 0.3798076923076923 0.38671875 0.7010216346153846
2 0.6105769230769231 0.48677884615384615 0.2746394230769231 0.4930889423076923
2 0.6021634615384616 0.1045673076923077 0.24278846153846154 0.2091346153846154
2 0.10216346153846154 0.6923076923076923 0.20342548076923078 0.3371394230769231
2 0.1045673076923077 0.3629807692307692 0.19861778846153846 0.3176081730769231
2 0.10336538461538461 0.12259615384615384 0.15384615384615385 0.16947115384615385
0 0.09975961538461539 0.9170673076923077 0.11868990384615384 0.15625
0 0.13581730769230768 0.5673076923076923 0.0703125 0.11538461538461539
0 0.1346153846153846 0.2608173076923077 0.09645432692307693 0.1271033653846154
0 0.5504807692307693 0.13942307692307693 0.11959134615384616 0.11508413461538461
0 0.5192307692307693 0.30528846153846156 0.08653846153846154 0.09164663461538461