2 0.7932692307692307 0.4326923076923077 0.41346153846153844 0.7932692307692307
2 0.921875 0.6189903846153846 0.15625 0.4110576923076923
2 0.28125 0.18990384615384615 0.5234375 0.2890625
2 0.46153846153846156 0.33774038461538464 0.1640625 0.11057692307692307
2 0.20072115384615385 0.5745192307692307 0.4014423076923077 0.5096153846153846
2 0.4519230769230769 0.7307692307692307 0.18389423076923078 0.19140625
2 0.3293269230769231 0.49038461538461536 0.11177884615384616 0.28846153846153844
0 0.41947115384615385 0.24639423076923078 0.06460336538461539 0.09885817307692307
0 0.3137019230769231 0.6887019230769231 0.060396634615384616 0.11057692307692307
0 0.5096153846153846 0.7788461538461539 0.05889423076923077 0.078125
0 0.5072115384615384 0.9338942307692307 0.06760817307692307 0.09825721153846154
0 0.9254807692307693 0.36177884615384615 0.08082932692307693 0.10336538461538461
1 0.2403846153846154 0.828125 0.11568509615384616 0.04176682692307692
1 0.41586538461538464 0.8269230769230769 0.06760817307692307 0.030048076923076924
1 0.7572115384615384 0.038461538461538464 0.047776442307692304 0.015024038461538462
1 0.8076923076923077 0.040865384615384616 0.047776442307692304 0.03756009615384615
1 0.859375 0.040865384615384616 0.049879807692307696 0.023737980769230768
1 0.2439903846153846 0.040865384615384616 0.11538461538461539 0.04717548076923077