2 0.7860576923076923 0.4254807692307692 0.37439903846153844 0.7593149038461539
2 0.9134615384615384 0.6045673076923077 0.10697115384615384 0.4011418269230769
2 0.28725961538461536 0.18870192307692307 0.5303485576923077 0.3488581730769231
2 0.46153846153846156 0.3317307692307692 0.1622596153846154 0.10576923076923077
2 0.20793269230769232 0.5625 0.3909254807692308 0.4894831730769231
2 0.453125 0.7115384615384616 0.17487980769230768 0.1778846153846154
2 0.3329326923076923 0.4795673076923077 0.12259615384615384 0.2815504807692308
0 0.421875 0.24278846153846154 0.07211538461538461 0.1015625
0 0.31850961538461536 0.6706730769230769 0.0703125 0.11087740384615384
0 0.5084134615384616 0.7596153846153846 0.06430288461538461 0.08173076923076923
0 0.5060096153846154 0.9086538461538461 0.06971153846153846 0.09555288461538461
0 0.9122596153846154 0.3545673076923077 0.07842548076923077 0.10096153846153846
1 0.24759615384615385 0.8064903846153846 0.11177884615384616 0.05048076923076923
1 0.4170673076923077 0.8052884615384616 0.06460336538461539 0.0234375
1 0.7487980769230769 0.042067307692307696 0.04567307692307692 0.017427884615384616
1 0.7980769230769231 0.04567307692307692 0.046875 0.03365384615384615
1 0.8473557692307693 0.04567307692307692 0.04657451923076923 0.028245192307692308
1 0.2512019230769231 0.04567307692307692 0.1084735576923077 0.034254807692307696