2 0.7788461538461539 0.4170673076923077 0.4423076923076923 0.7908653846153846
2 0.9098557692307693 0.6009615384615384 0.13611778846153846 0.40805288461538464
2 0.27403846153846156 0.17908653846153846 0.5288461538461539 0.3125
2 0.4519230769230769 0.3233173076923077 0.16346153846153846 0.11268028846153846
2 0.20072115384615385 0.5564903846153846 0.4014423076923077 0.5072115384615384
2 0.4423076923076923 0.7103365384615384 0.18269230769230768 0.18900240384615385
2 0.32091346153846156 0.4735576923076923 0.11868990384615384 0.2842548076923077
0 0.4098557692307692 0.23317307692307693 0.07932692307692307 0.10546875
0 0.30528846153846156 0.6682692307692307 0.07782451923076923 0.11478365384615384
0 0.4987980769230769 0.7584134615384616 0.055588942307692304 0.07542067307692307
0 0.4963942307692308 0.9098557692307693 0.07211538461538461 0.09765625
0 0.9086538461538461 0.3473557692307692 0.078125 0.1024639423076923
1 0.234375 0.8064903846153846 0.11328125 0.057692307692307696
1 0.40625 0.8040865384615384 0.06370192307692307 0.03365384615384615
1 0.7427884615384616 0.030048076923076924 0.047776442307692304 0.017427884615384616
1 0.7932692307692307 0.03245192307692308 0.047475961538461536 0.036959134615384616
1 0.8425480769230769 0.03245192307692308 0.045973557692307696 0.019230769230769232
1 0.23798076923076922 0.03245192307692308 0.11087740384615384 0.035757211538461536