2 0.1201923076923077 0.06490384615384616 0.20192307692307693 0.12980769230769232
2 0.7752403846153846 0.23677884615384615 0.41586538461538464 0.4735576923076923
2 0.4050480769230769 0.3762019230769231 0.33353365384615385 0.19411057692307693
2 0.3894230769230769 0.14423076923076922 0.375 0.28846153846153844
2 0.27403846153846156 0.21634615384615385 0.11568509615384616 0.09525240384615384
2 0.12139423076923077 0.1935096153846154 0.20853365384615385 0.15234375
2 0.14182692307692307 0.6466346153846154 0.23527644230769232 0.26412259615384615
2 0.39783653846153844 0.8882211538461539 0.33413461538461536 0.22355769230769232
2 0.3161057692307692 0.5552884615384616 0.1180889423076923 0.08173076923076923
2 0.41947115384615385 0.5540865384615384 0.07481971153846154 0.08383413461538461
2 0.5072115384615384 0.5552884615384616 0.0967548076923077 0.0811298076923077
2 0.3485576923076923 0.6478365384615384 0.1640625 0.10426682692307693
2 0.5012019230769231 0.6502403846153846 0.11057692307692307 0.10336538461538461
2 0.44350961538461536 0.7403846153846154 0.22746394230769232 0.08743990384615384
2 0.2956730769230769 0.7379807692307693 0.052884615384615384 0.0772235576923077
2 0.13822115384615385 0.6478365384615384 0.23828125 0.2626201923076923
0 0.5637019230769231 0.10817307692307693 0.14092548076923078 0.07211538461538461
0 0.19110576923076922 0.10336538461538461 0.06490384615384616 0.038461538461538464
0 0.1971153846153846 0.14783653846153846 0.08082932692307693 0.05048076923076923
0 0.27283653846153844 0.15144230769230768 0.04567307692307692 0.024639423076923076
0 0.19471153846153846 0.23557692307692307 0.05348557692307692 0.038461538461538464
0 0.23076923076923078 0.6466346153846154 0.08173076923076923 0.09525240384615384
0 0.35096153846153844 0.6057692307692307 0.05318509615384615 0.04837740384615385
0 0.40865384615384615 0.609375 0.056790865384615384 0.036959134615384616
0 0.47716346153846156 0.609375 0.04807692307692308 0.03635817307692308
0 0.41225961538461536 0.6514423076923077 0.0673076923076923 0.038161057692307696
0 0.5012019230769231 0.7139423076923077 0.059194711538461536 0.052584134615384616
0 0.39903846153846156 0.8088942307692307 0.06760817307692307 0.055288461538461536
0 0.2956730769230769 0.8076923076923077 0.06370192307692307 0.05709134615384615
0 0.29447115384615385 0.7283653846153846 0.0751201923076923 0.05198317307692308
1 0.020432692307692308 0.07692307692307693 0.04026442307692308 0.052884615384615384
1 0.021634615384615384 0.18269230769230768 0.028545673076923076 0.06280048076923077
1 0.020432692307692308 0.5865384615384616 0.027043269230769232 0.043870192307692304
1 0.020432692307692308 0.6983173076923077 0.026141826923076924 0.055588942307692304
1 0.5745192307692307 0.04927884615384615 0.038461538461538464 0.0673076923076923
1 0.5721153846153846 0.18269230769230768 0.03936298076923077 0.10606971153846154