2 0.13822115384615385 0.07091346153846154 0.19951923076923078 0.14182692307692307
2 0.7872596153846154 0.2439903846153846 0.41616586538461536 0.47596153846153844
2 0.41947115384615385 0.38461538461538464 0.3290264423076923 0.19200721153846154
2 0.4050480769230769 0.15144230769230768 0.37259615384615385 0.30288461538461536
2 0.29086538461538464 0.22596153846153846 0.11959134615384616 0.10096153846153846
2 0.13942307692307693 0.203125 0.21213942307692307 0.1700721153846154
2 0.15985576923076922 0.6514423076923077 0.2620192307692308 0.28756009615384615
2 0.41346153846153844 0.8930288461538461 0.32211538461538464 0.19861778846153846
2 0.3317307692307692 0.5625 0.11478365384615384 0.07572115384615384
2 0.43509615384615385 0.5600961538461539 0.07151442307692307 0.08052884615384616
2 0.5216346153846154 0.5625 0.09645432692307693 0.0811298076923077
2 0.36538461538461536 0.6526442307692307 0.16917067307692307 0.11358173076923077
2 0.515625 0.6550480769230769 0.11328125 0.1084735576923077
2 0.4579326923076923 0.7451923076923077 0.22385817307692307 0.10186298076923077
2 0.3112980769230769 0.7427884615384616 0.05588942307692308 0.07692307692307693
2 0.15504807692307693 0.6538461538461539 0.24368990384615385 0.26802884615384615
0 0.5769230769230769 0.11899038461538461 0.13581730769230768 0.05588942307692308
0 0.20793269230769232 0.1141826923076923 0.06400240384615384 0.038461538461538464
0 0.21514423076923078 0.15865384615384615 0.07872596153846154 0.047475961538461536
0 0.28966346153846156 0.1622596153846154 0.045973557692307696 0.03064903846153846
0 0.2127403846153846 0.24519230769230768 0.05078125 0.033052884615384616
0 0.24759615384615385 0.6526442307692307 0.09044471153846154 0.09885817307692307
0 0.36658653846153844 0.6117788461538461 0.05498798076923077 0.05078125
0 0.4230769230769231 0.6153846153846154 0.056790865384615384 0.034254807692307696
0 0.49158653846153844 0.6153846153846154 0.045973557692307696 0.033052884615384616
0 0.4266826923076923 0.6574519230769231 0.06580528846153846 0.03635817307692308
0 0.515625 0.7199519230769231 0.060396634615384616 0.05438701923076923
0 0.41466346153846156 0.8137019230769231 0.07481971153846154 0.06430288461538461
0 0.3112980769230769 0.8125 0.06881009615384616 0.061899038461538464
0 0.31009615384615385 0.7331730769230769 0.07241586538461539 0.04837740384615385
1 0.039663461538461536 0.0889423076923077 0.03125 0.05228365384615385
1 0.040865384615384616 0.1935096153846154 0.024939903846153848 0.06099759615384615
1 0.039663461538461536 0.5925480769230769 0.025841346153846152 0.04176682692307692
1 0.039663461538461536 0.703125 0.030949519230769232 0.055588942307692304
1 0.5877403846153846 0.06129807692307692 0.038461538461538464 0.06580528846153846
1 0.5853365384615384 0.19230769230769232 0.035757211538461536 0.10576923076923077