2 0.14423076923076922 0.07692307692307693 0.1974158653846154 0.14453125
2 0.7788461538461539 0.24519230769230768 0.40444711538461536 0.4621394230769231
2 0.41947115384615385 0.38341346153846156 0.3317307692307692 0.20973557692307693
2 0.4050480769230769 0.15144230769230768 0.33804086538461536 0.25600961538461536
2 0.2920673076923077 0.2283653846153846 0.1219951923076923 0.10546875
2 0.14423076923076922 0.20552884615384615 0.20282451923076922 0.15144230769230768
2 0.16346153846153846 0.6454326923076923 0.23137019230769232 0.2578125
2 0.41346153846153844 0.8810096153846154 0.3278245192307692 0.2283653846153846
2 0.3329326923076923 0.5576923076923077 0.11358173076923077 0.08082932692307693
2 0.4338942307692308 0.5552884615384616 0.07542067307692307 0.08203125
2 0.5192307692307693 0.5576923076923077 0.0967548076923077 0.08233173076923077
2 0.36538461538461536 0.6466346153846154 0.16826923076923078 0.11899038461538461
2 0.5132211538461539 0.6490384615384616 0.10727163461538461 0.10036057692307693
2 0.4567307692307692 0.7367788461538461 0.2208533653846154 0.09615384615384616
2 0.3137019230769231 0.734375 0.055588942307692304 0.07842548076923077
2 0.15985576923076922 0.6466346153846154 0.24338942307692307 0.2644230769230769
0 0.5733173076923077 0.12259615384615384 0.13311298076923078 0.05739182692307692
0 0.21153846153846154 0.11778846153846154 0.061899038461538464 0.03876201923076923
0 0.21875 0.1622596153846154 0.07602163461538461 0.04056490384615385
0 0.29086538461538464 0.1658653846153846 0.043569711538461536 0.024939903846153848
0 0.21634615384615385 0.24639423076923078 0.04807692307692308 0.030949519230769232
0 0.25 0.6454326923076923 0.09134615384615384 0.09945913461538461
0 0.36658653846153844 0.6057692307692307 0.05048076923076923 0.047475961538461536
0 0.4230769230769231 0.609375 0.05348557692307692 0.03545673076923077
0 0.4891826923076923 0.609375 0.045973557692307696 0.03545673076923077
0 0.4266826923076923 0.6502403846153846 0.06430288461538461 0.03064903846153846
0 0.5120192307692307 0.7115384615384616 0.05829326923076923 0.05348557692307692
0 0.41466346153846156 0.8028846153846154 0.07451923076923077 0.06280048076923077
0 0.3137019230769231 0.8016826923076923 0.0673076923076923 0.060396634615384616
0 0.3112980769230769 0.7247596153846154 0.07391826923076923 0.05048076923076923
1 0.046875 0.09375 0.032151442307692304 0.048978365384615384
1 0.046875 0.19591346153846154 0.026141826923076924 0.060697115384615384
1 0.046875 0.5877403846153846 0.021634615384615384 0.040865384615384616
1 0.04567307692307692 0.6947115384615384 0.029146634615384616 0.05348557692307692
1 0.5841346153846154 0.06610576923076923 0.042367788461538464 0.06490384615384616
1 0.5805288461538461 0.19471153846153846 0.04056490384615385 0.1015625