2 0.9302884615384616 0.22596153846153846 0.13942307692307693 0.42788461538461536
2 0.6622596153846154 0.234375 0.4879807692307692 0.46875
2 0.3701923076923077 0.13581730769230768 0.1971153846153846 0.26111778846153844
2 0.1502403846153846 0.21875 0.28185096153846156 0.43299278846153844
2 0.3545673076923077 0.5060096153846154 0.27403846153846156 0.48768028846153844
2 0.171875 0.5925480769230769 0.31039663461538464 0.3194110576923077
2 0.17307692307692307 0.8461538461538461 0.12890625 0.19771634615384615
1 0.018028846153846152 0.23798076923076922 0.036057692307692304 0.22596153846153846
1 0.010817307692307692 0.5769230769230769 0.021634615384615384 0.1778846153846154
1 0.8798076923076923 0.13822115384615385 0.03365384615384615 0.21875
0 0.22956730769230768 0.3786057692307692 0.08353365384615384 0.08954326923076923
0 0.40384615384615385 0.29927884615384615 0.06850961538461539 0.11328125
0 0.47596153846153844 0.38341346153846156 0.078125 0.0889423076923077
0 0.90625 0.36778846153846156 0.0868389423076923 0.09585336538461539
0 0.41586538461538464 0.8004807692307693 0.07752403846153846 0.12590144230769232
0 0.15985576923076922 0.7860576923076923 0.0625 0.08563701923076923