2 0.9254807692307693 0.2548076923076923 0.14903846153846154 0.41346153846153844
2 0.6646634615384616 0.25600961538461536 0.42007211538461536 0.42127403846153844
2 0.3798076923076923 0.16706730769230768 0.18810096153846154 0.25240384615384615
2 0.16466346153846154 0.24879807692307693 0.3239182692307692 0.43960336538461536
2 0.3641826923076923 0.5276442307692307 0.2091346153846154 0.4696514423076923
2 0.18629807692307693 0.6129807692307693 0.3284254807692308 0.3317307692307692
2 0.1875 0.8605769230769231 0.13551682692307693 0.1935096153846154
1 0.03125 0.265625 0.0625 0.21875
1 0.030048076923076924 0.5985576923076923 0.027043269230769232 0.17307692307692307
1 0.8762019230769231 0.17067307692307693 0.060697115384615384 0.20643028846153846
0 0.24278846153846154 0.4050480769230769 0.07782451923076923 0.08473557692307693
0 0.41225961538461536 0.328125 0.06911057692307693 0.11057692307692307
0 0.48197115384615385 0.4098557692307692 0.07361778846153846 0.08353365384615384
0 0.9026442307692307 0.3942307692307692 0.08383413461538461 0.09104567307692307
0 0.42427884615384615 0.8149038461538461 0.0751201923076923 0.125
0 0.17548076923076922 0.8004807692307693 0.0634014423076923 0.0859375