2 0.9182692307692307 0.2608173076923077 0.16346153846153846 0.4014423076923077
2 0.6574519230769231 0.2608173076923077 0.4600360576923077 0.46304086538461536
2 0.3798076923076923 0.17548076923076922 0.16436298076923078 0.23948317307692307
2 0.17067307692307693 0.2548076923076923 0.30318509615384615 0.4230769230769231
2 0.3641826923076923 0.5264423076923077 0.21153846153846154 0.4579326923076923
2 0.19110576923076922 0.609375 0.31069711538461536 0.3173076923076923
2 0.19230769230769232 0.8485576923076923 0.12950721153846154 0.18840144230769232
1 0.037259615384615384 0.27283653846153844 0.027043269230769232 0.21634615384615385
1 0.038461538461538464 0.5949519230769231 0.04326923076923077 0.16646634615384615
1 0.8617788461538461 0.1778846153846154 0.036057692307692304 0.20673076923076922
0 0.24639423076923078 0.40625 0.07361778846153846 0.08052884615384616
0 0.4110576923076923 0.3317307692307692 0.057992788461538464 0.1063701923076923
0 0.4795673076923077 0.4110576923076923 0.0694110576923077 0.08052884615384616
0 0.8882211538461539 0.39663461538461536 0.08473557692307693 0.09194711538461539
0 0.421875 0.8052884615384616 0.07421875 0.12079326923076923
0 0.18028846153846154 0.7920673076923077 0.057692307692307696 0.07932692307692307