2 0.28966346153846156 0.23918269230769232 0.41646634615384615 0.2692307692307692
2 0.7163461538461539 0.21153846153846154 0.4423076923076923 0.28756009615384615
2 0.6598557692307693 0.06610576923076923 0.5408653846153846 0.13221153846153846
2 0.8149038461538461 0.3701923076923077 0.20552884615384615 0.12379807692307693
2 0.8149038461538461 0.5072115384615384 0.22506009615384615 0.18629807692307693
2 0.5973557692307693 0.3942307692307692 0.2325721153846154 0.18389423076923078
2 0.5985576923076923 0.5324519230769231 0.21243990384615385 0.11838942307692307
2 0.27283653846153844 0.47716346153846156 0.4011418269230769 0.2644230769230769
2 0.5528846153846154 0.625 0.29927884615384615 0.08173076923076923
2 0.7956730769230769 0.8377403846153846 0.22145432692307693 0.12800480769230768
0 0.640625 0.8161057692307693 0.11838942307692307 0.059495192307692304
0 0.5649038461538461 0.5 0.11147836538461539 0.08082932692307693
0 0.4543269230769231 0.43990384615384615 0.1063701923076923 0.047776442307692304
0 0.4254807692307692 0.10697115384615384 0.07271634615384616 0.07992788461538461
0 0.7692307692307693 0.44591346153846156 0.10126201923076923 0.06490384615384616
0 0.6598557692307693 0.45913461538461536 0.10757211538461539 0.038161057692307696
0 0.5769230769230769 0.6045673076923077 0.08203125 0.059194711538461536
1 0.2536057692307692 0.5853365384615384 0.23347355769230768 0.055288461538461536
1 0.2439903846153846 0.10336538461538461 0.26742788461538464 0.048978365384615384
1 0.6790865384615384 0.10697115384615384 0.20432692307692307 0.045072115384615384
1 0.7716346153846154 0.5865384615384616 0.08623798076923077 0.018028846153846152
1 0.7307692307692307 0.9074519230769231 0.09525240384615384 0.026141826923076924