2 0.2860576923076923 0.25721153846153844 0.42788461538461536 0.30799278846153844
2 0.6983173076923077 0.23076923076923078 0.4248798076923077 0.24939903846153846
2 0.6430288461538461 0.08052884615384616 0.5264423076923077 0.16105769230769232
2 0.7956730769230769 0.38461538461538464 0.19621394230769232 0.11538461538461539
2 0.7956730769230769 0.5180288461538461 0.20733173076923078 0.16105769230769232
2 0.5829326923076923 0.4074519230769231 0.2091346153846154 0.15564903846153846
2 0.5841346153846154 0.5408653846153846 0.20552884615384615 0.1015625
2 0.26802884615384615 0.4879807692307692 0.3894230769230769 0.24939903846153846
2 0.5408653846153846 0.6310096153846154 0.2938701923076923 0.08653846153846154
2 0.7764423076923077 0.8377403846153846 0.22596153846153846 0.14212740384615385
0 0.6262019230769231 0.8161057692307693 0.11688701923076923 0.059194711538461536
0 0.5516826923076923 0.5108173076923077 0.10817307692307693 0.0790264423076923
0 0.44471153846153844 0.4519230769230769 0.10126201923076923 0.046875
0 0.4170673076923077 0.12980769230769232 0.0751201923076923 0.08173076923076923
0 0.7512019230769231 0.4579326923076923 0.0985576923076923 0.06099759615384615
0 0.6442307692307693 0.47115384615384615 0.10486778846153846 0.04927884615384615
0 0.5637019230769231 0.6117788461538461 0.08323317307692307 0.060697115384615384
1 0.25 0.59375 0.22986778846153846 0.04447115384615385
1 0.24158653846153846 0.12620192307692307 0.26231971153846156 0.01201923076923077
1 0.6634615384615384 0.12980769230769232 0.19801682692307693 0.043870192307692304
1 0.7524038461538461 0.5949519230769231 0.08082932692307693 0.030348557692307692
1 0.7127403846153846 0.9050480769230769 0.09134615384615384 0.012620192307692308