2 0.2512019230769231 0.2439903846153846 0.41346153846153844 0.26171875
2 0.6790865384615384 0.21634615384615385 0.4441105769230769 0.28966346153846156
2 0.6237980769230769 0.06850961538461539 0.5456730769230769 0.13701923076923078
2 0.7788461538461539 0.3762019230769231 0.20282451923076922 0.11868990384615384
2 0.7788461538461539 0.5144230769230769 0.2127403846153846 0.16436298076923078
2 0.5588942307692307 0.40024038461538464 0.22746394230769232 0.17157451923076922
2 0.5612980769230769 0.5384615384615384 0.21394230769230768 0.10697115384615384
2 0.23317307692307693 0.4831730769230769 0.40414663461538464 0.27493990384615385
2 0.5144230769230769 0.6322115384615384 0.30318509615384615 0.13822115384615385
2 0.7596153846153846 0.8473557692307693 0.23016826923076922 0.14212740384615385
0 0.6033653846153846 0.8245192307692307 0.1162860576923077 0.05318509615384615
0 0.5264423076923077 0.5072115384615384 0.1102764423076923 0.07241586538461539
0 0.41586538461538464 0.44591346153846156 0.10576923076923077 0.04537259615384615
0 0.3870192307692308 0.11057692307692307 0.08173076923076923 0.08653846153846154
0 0.7331730769230769 0.453125 0.10126201923076923 0.06520432692307693
0 0.6225961538461539 0.46634615384615385 0.1063701923076923 0.042367788461538464
0 0.5384615384615384 0.6117788461538461 0.08743990384615384 0.0694110576923077
1 0.21394230769230768 0.5925480769230769 0.2361778846153846 0.028846153846153848
1 0.20432692307692307 0.10697115384615384 0.26893028846153844 0.051382211538461536
1 0.6418269230769231 0.11057692307692307 0.20703125 0.030048076923076924
1 0.734375 0.5949519230769231 0.08653846153846154 0.026442307692307692
1 0.6935096153846154 0.9170673076923077 0.09405048076923077 0.017728365384615384