2 0.1935096153846154 0.46153846153846156 0.3870192307692308 0.7596153846153846
2 0.4170673076923077 0.3629807692307692 0.22295673076923078 0.5432692307692307
2 0.6165865384615384 0.3629807692307692 0.2854567307692308 0.5567908653846154
2 0.5324519230769231 0.7391826923076923 0.41556490384615385 0.23768028846153846
2 0.8689903846153846 0.18629807692307693 0.2569110576923077 0.21784855769230768
2 0.8473557692307693 0.5625 0.30528846153846156 0.5528846153846154
0 0.8197115384615384 0.2980769230769231 0.08743990384615384 0.24158653846153846
0 0.4266826923076923 0.6862980769230769 0.08984375 0.13311298076923078
0 0.30528846153846156 0.7211538461538461 0.10997596153846154 0.1388221153846154
0 0.7584134615384616 0.7043269230769231 0.0889423076923077 0.11117788461538461
0 0.44350961538461536 0.23076923076923078 0.04537259615384615 0.09164663461538461
1 0.6382211538461539 0.08653846153846154 0.12169471153846154 0.056490384615384616
1 0.41586538461538464 0.08653846153846154 0.10216346153846154 0.05318509615384615
1 0.17668269230769232 0.09254807692307693 0.21965144230769232 0.06580528846153846