2 0.1778846153846154 0.49158653846153844 0.3557692307692308 0.7572115384615384
2 0.38100961538461536 0.39302884615384615 0.21875 0.5450721153846154
2 0.5793269230769231 0.3918269230769231 0.31310096153846156 0.55859375
2 0.4963942307692308 0.7692307692307693 0.4113581730769231 0.22145432692307693
2 0.8329326923076923 0.21634615384615385 0.2575120192307692 0.2208533653846154
2 0.8293269230769231 0.5925480769230769 0.3317307692307692 0.5528846153846154
0 0.7824519230769231 0.328125 0.12650240384615385 0.24338942307692307
0 0.3894230769230769 0.7163461538461539 0.08743990384615384 0.13371394230769232
0 0.26802884615384615 0.7512019230769231 0.12259615384615384 0.14603365384615385
0 0.7211538461538461 0.734375 0.078125 0.10757211538461539
0 0.40625 0.2608173076923077 0.052584134615384616 0.09344951923076923
1 0.6009615384615384 0.11658653846153846 0.12109375 0.04807692307692308
1 0.3786057692307692 0.11538461538461539 0.10576923076923077 0.052584134615384616
1 0.13942307692307693 0.12259615384615384 0.2208533653846154 0.047776442307692304