2 0.18269230769230768 0.4675480769230769 0.36538461538461536 0.7620192307692307
2 0.3918269230769231 0.36899038461538464 0.17908653846153846 0.5432692307692307
2 0.5913461538461539 0.36899038461538464 0.30288461538461536 0.5561899038461539
2 0.5072115384615384 0.7451923076923077 0.4143629807692308 0.2364783653846154
2 0.84375 0.1935096153846154 0.25390625 0.21003605769230768
2 0.8413461538461539 0.5697115384615384 0.2746394230769231 0.5348557692307693
0 0.7944711538461539 0.30528846153846156 0.07542067307692307 0.2403846153846154
0 0.4014423076923077 0.6935096153846154 0.09224759615384616 0.13611778846153846
0 0.2800480769230769 0.7271634615384616 0.12740384615384615 0.14723557692307693
0 0.7331730769230769 0.7115384615384616 0.08653846153846154 0.10997596153846154
0 0.4182692307692308 0.23798076923076922 0.05739182692307692 0.09525240384615384
1 0.6129807692307693 0.09254807692307693 0.12049278846153846 0.04326923076923077
1 0.390625 0.09254807692307693 0.10576923076923077 0.05438701923076923
1 0.15144230769230768 0.09975961538461539 0.22025240384615385 0.08323317307692307