2 0.49158653846153844 0.08774038461538461 0.2091346153846154 0.17548076923076922
2 0.6742788461538461 0.09735576923076923 0.19951923076923078 0.19471153846153846
2 0.5841346153846154 0.2127403846153846 0.37109375 0.10396634615384616
2 0.28125 0.5084134615384616 0.30288461538461536 0.2803485576923077
2 0.8257211538461539 0.36778846153846156 0.13131009615384615 0.16826923076923078
2 0.8353365384615384 0.5384615384615384 0.13611778846153846 0.18780048076923078
2 0.8485576923076923 0.7560096153846154 0.18719951923076922 0.2860576923076923
2 0.6454326923076923 0.8834134615384616 0.5504807692307693 0.12800480769230768
2 0.14903846153846154 0.7295673076923077 0.20072115384615385 0.19441105769230768
2 0.4074519230769231 0.734375 0.3434495192307692 0.19471153846153846
2 0.671875 0.7355769230769231 0.21153846153846154 0.21604567307692307
2 0.5024038461538461 0.5036057692307693 0.16856971153846154 0.26772836538461536
2 0.6454326923076923 0.6009615384615384 0.13701923076923078 0.08143028846153846
2 0.7415865384615384 0.6021634615384616 0.06881009615384616 0.06460336538461539
2 0.6742788461538461 0.5240384615384616 0.20432692307692307 0.1201923076923077
2 0.6189903846153846 0.4254807692307692 0.10426682692307693 0.10006009615384616
2 0.7175480769230769 0.4206730769230769 0.10817307692307693 0.10546875
0 0.4723557692307692 0.14543269230769232 0.05078125 0.05048076923076923
1 0.49038461538461536 0.006009615384615385 0.1346153846153846 0.01201923076923077
1 0.6875 0.010817307692307692 0.09615384615384616 0.021634615384615384
1 0.9290865384615384 0.7608173076923077 0.04326923076923077 0.2283653846153846
1 0.18389423076923078 0.8293269230769231 0.07451923076923077 0.029447115384615384
1 0.3112980769230769 0.8293269230769231 0.060697115384615384 0.025240384615384616
1 0.484375 0.3798076923076923 0.08413461538461539 0.014423076923076924
1 0.5961538461538461 0.3762019230769231 0.019831730769230768 0.012319711538461538
1 0.13581730769230768 0.40384615384615385 0.028846153846153848 0.057992788461538464
0 0.6213942307692307 0.16466346153846154 0.0673076923076923 0.051382211538461536
0 0.6129807692307693 0.21033653846153846 0.06370192307692307 0.045973557692307696
0 0.4074519230769231 0.5528846153846154 0.05048076923076923 0.04296875
0 0.5504807692307693 0.5408653846153846 0.05348557692307692 0.03876201923076923
0 0.6189903846153846 0.5588942307692307 0.04176682692307692 0.03365384615384615
0 0.6646634615384616 0.5576923076923077 0.045973557692307696 0.034555288461538464
0 0.6862980769230769 0.44591346153846156 0.052884615384615384 0.04176682692307692
0 0.6935096153846154 0.48677884615384615 0.05048076923076923 0.05048076923076923
0 0.8197115384615384 0.4651442307692308 0.054086538461538464 0.052884615384615384
0 0.7848557692307693 0.5336538461538461 0.05048076923076923 0.04417067307692308
0 0.7920673076923077 0.5913461538461539 0.05588942307692308 0.038461538461538464
0 0.8449519230769231 0.9158653846153846 0.13611778846153846 0.07181490384615384
0 0.41947115384615385 0.8473557692307693 0.0673076923076923 0.05618990384615385
0 0.5925480769230769 0.6995192307692307 0.05588942307692308 0.048677884615384616
0 0.5420673076923077 0.7355769230769231 0.04957932692307692 0.047776442307692304
0 0.4182692307692308 0.7716346153846154 0.07181490384615384 0.0673076923076923
0 0.13341346153846154 0.5588942307692307 0.10877403846153846 0.08383413461538461