2 0.5096153846153846 0.07451923076923077 0.20673076923076922 0.14903846153846154
2 0.6983173076923077 0.0829326923076923 0.18990384615384615 0.1658653846153846
2 0.6045673076923077 0.18990384615384615 0.37830528846153844 0.10216346153846154
2 0.2956730769230769 0.49278846153846156 0.3019831730769231 0.27884615384615385
2 0.8521634615384616 0.3485576923076923 0.13731971153846154 0.17337740384615385
2 0.8617788461538461 0.5228365384615384 0.12650240384615385 0.18599759615384615
2 0.875 0.7451923076923077 0.21153846153846154 0.29837740384615385
2 0.6670673076923077 0.875 0.5609975961538461 0.12950721153846154
2 0.16105769230769232 0.71875 0.20733173076923078 0.20282451923076922
2 0.42427884615384615 0.7235576923076923 0.3584735576923077 0.2265625
2 0.6947115384615384 0.7247596153846154 0.20703125 0.21334134615384615
2 0.5216346153846154 0.48677884615384615 0.1583533653846154 0.2692307692307692
2 0.6670673076923077 0.5877403846153846 0.13641826923076922 0.07391826923076923
2 0.765625 0.5877403846153846 0.07211538461538461 0.0673076923076923
2 0.6959134615384616 0.5084134615384616 0.21394230769230768 0.14423076923076922
2 0.640625 0.4074519230769231 0.09885817307692307 0.08924278846153846
2 0.7415865384615384 0.4026442307692308 0.1123798076923077 0.1084735576923077
0 0.49158653846153844 0.12139423076923077 0.04957932692307692 0.046274038461538464
1 0.9567307692307693 0.75 0.05859375 0.22986778846153846
1 0.19591346153846154 0.8197115384615384 0.07481971153846154 0.033052884615384616
1 0.32572115384615385 0.8197115384615384 0.06460336538461539 0.019831730769230768
1 0.5024038461538461 0.36177884615384615 0.08653846153846154 0.015925480769230768
1 0.6165865384615384 0.35697115384615385 0.021935096153846152 0.01171875
1 0.1466346153846154 0.3858173076923077 0.02403846153846154 0.06009615384615385
0 0.6430288461538461 0.14182692307692307 0.06881009615384616 0.051682692307692304
0 0.6346153846153846 0.1875 0.06280048076923077 0.04326923076923077
0 0.42427884615384615 0.5384615384615384 0.051382211538461536 0.04296875
0 0.5697115384615384 0.5252403846153846 0.06219951923076923 0.050180288461538464
0 0.640625 0.5444711538461539 0.045072115384615384 0.03635817307692308
0 0.6875 0.5420673076923077 0.04807692307692308 0.036057692307692304
0 0.7091346153846154 0.42908653846153844 0.052584134615384616 0.04056490384615385
0 0.7163461538461539 0.47115384615384615 0.048978365384615384 0.048978365384615384
0 0.8461538461538461 0.4483173076923077 0.04927884615384615 0.04957932692307692
0 0.8100961538461539 0.5192307692307693 0.052584134615384616 0.043870192307692304
0 0.8173076923076923 0.5769230769230769 0.06219951923076923 0.04837740384615385
0 0.8713942307692307 0.9098557692307693 0.14212740384615385 0.08804086538461539
0 0.4375 0.8389423076923077 0.06640625 0.054086538461538464
0 0.6129807692307693 0.6887019230769231 0.052584134615384616 0.041165865384615384
0 0.5612980769230769 0.7247596153846154 0.05108173076923077 0.05108173076923077
0 0.43509615384615385 0.7608173076923077 0.06310096153846154 0.05979567307692308
0 0.14423076923076922 0.5444711538461539 0.10546875 0.07421875