2 0.4987980769230769 0.10096153846153846 0.2049278846153846 0.18239182692307693
2 0.6790865384615384 0.109375 0.17548076923076922 0.18088942307692307
2 0.5889423076923077 0.22596153846153846 0.35997596153846156 0.16376201923076922
2 0.2920673076923077 0.515625 0.31580528846153844 0.2980769230769231
2 0.8257211538461539 0.3786057692307692 0.11207932692307693 0.15234375
2 0.8353365384615384 0.5456730769230769 0.14693509615384615 0.19230769230769232
2 0.8473557692307693 0.7584134615384616 0.15685096153846154 0.2707331730769231
2 0.6490384615384616 0.8834134615384616 0.5384615384615384 0.11748798076923077
2 0.1622596153846154 0.7331730769230769 0.2130408653846154 0.20793269230769232
2 0.41586538461538464 0.7379807692307693 0.3401442307692308 0.1974158653846154
2 0.6742788461538461 0.7379807692307693 0.20462740384615385 0.2109375
2 0.5084134615384616 0.5108173076923077 0.14903846153846154 0.2575120192307692
2 0.6490384615384616 0.6069711538461539 0.13040865384615385 0.07211538461538461
2 0.7427884615384616 0.6081730769230769 0.07091346153846154 0.0673076923076923
2 0.6766826923076923 0.53125 0.19921875 0.11117788461538461
2 0.6225961538461539 0.43509615384615385 0.10036057692307693 0.09134615384615384
2 0.71875 0.43028846153846156 0.10186298076923077 0.10096153846153846
0 0.4795673076923077 0.16105769230769232 0.04567307692307692 0.04417067307692308
1 0.49759615384615385 0.019230769230769232 0.12860576923076922 0.03395432692307692
1 0.6899038461538461 0.02403846153846154 0.09645432692307693 0.020432692307692308
1 0.9266826923076923 0.7632211538461539 0.021634615384615384 0.22596153846153846
1 0.19591346153846154 0.8305288461538461 0.07211538461538461 0.020733173076923076
1 0.32091346153846156 0.8305288461538461 0.06009615384615385 0.026442307692307692
1 0.49038461538461536 0.390625 0.08143028846153846 0.021033653846153848
1 0.5997596153846154 0.3870192307692308 0.021634615384615384 0.013521634615384616
1 0.14903846153846154 0.41466346153846156 0.018629807692307692 0.057692307692307696
0 0.625 0.18028846153846154 0.05889423076923077 0.04447115384615385
0 0.6165865384615384 0.22355769230769232 0.0625 0.047475961538461536
0 0.41586538461538464 0.5600961538461539 0.052884615384615384 0.047475961538461536
0 0.5552884615384616 0.5480769230769231 0.056790865384615384 0.04266826923076923
0 0.6225961538461539 0.5661057692307693 0.0390625 0.03064903846153846
0 0.6670673076923077 0.5637019230769231 0.04807692307692308 0.03665865384615385
0 0.6887019230769231 0.45552884615384615 0.050180288461538464 0.038461538461538464
0 0.6959134615384616 0.4951923076923077 0.0546875 0.05318509615384615
0 0.8197115384615384 0.47475961538461536 0.05318509615384615 0.05078125
0 0.7848557692307693 0.5420673076923077 0.04807692307692308 0.04026442307692308
0 0.7920673076923077 0.5973557692307693 0.05618990384615385 0.04056490384615385
0 0.84375 0.9158653846153846 0.1349158653846154 0.07632211538461539
0 0.42788461538461536 0.8485576923076923 0.0625 0.052884615384615384
0 0.5961538461538461 0.7043269230769231 0.05198317307692308 0.04447115384615385
0 0.546875 0.7379807692307693 0.04537259615384615 0.043569711538461536
0 0.4254807692307692 0.7740384615384616 0.07151442307692307 0.06700721153846154
0 0.1466346153846154 0.5661057692307693 0.10216346153846154 0.0703125