2 0.23076923076923078 0.21995192307692307 0.36658653846153844 0.43028846153846156
2 0.5973557692307693 0.22115384615384615 0.4831730769230769 0.4423076923076923
2 0.90625 0.21754807692307693 0.1778846153846154 0.3915264423076923
2 0.7920673076923077 0.5757211538461539 0.3894230769230769 0.36268028846153844
2 0.5625 0.578125 0.14002403846153846 0.31099759615384615
2 0.44711538461538464 0.6466346153846154 0.2109375 0.46243990384615385
2 0.2283653846153846 0.734375 0.31820913461538464 0.3043870192307692
2 0.18028846153846154 0.5060096153846154 0.23497596153846154 0.19411057692307693
2 0.3449519230769231 0.5072115384615384 0.09915865384615384 0.1739783653846154
1 0.06009615384615385 0.23317307692307693 0.07211538461538461 0.3073918269230769
1 0.06009615384615385 0.5108173076923077 0.04296875 0.06881009615384616
1 0.06009615384615385 0.7475961538461539 0.042067307692307696 0.15865384615384615
1 0.8317307692307693 0.21995192307692307 0.06850961538461539 0.37169471153846156
1 0.9711538461538461 0.5805288461538461 0.057692307692307696 0.18990384615384615
0 0.8629807692307693 0.35697115384615385 0.10516826923076923 0.1123798076923077
0 0.35096153846153844 0.3713942307692308 0.09164663461538461 0.09825721153846154
0 0.15504807692307693 0.38461538461538464 0.0655048076923077 0.09645432692307693
0 0.42788461538461536 0.9350961538461539 0.078125 0.11929086538461539
0 0.4050480769230769 0.5540865384615384 0.055588942307692304 0.07421875