2 0.20793269230769232 0.21875 0.37349759615384615 0.43359375
2 0.578125 0.21514423076923078 0.4519230769230769 0.41346153846153844
2 0.8870192307692307 0.21514423076923078 0.16346153846153846 0.39242788461538464
2 0.7716346153846154 0.5745192307692307 0.38100961538461536 0.35096153846153844
2 0.5408653846153846 0.578125 0.14362980769230768 0.31430288461538464
2 0.4254807692307692 0.6466346153846154 0.14362980769230768 0.47055288461538464
2 0.20552884615384615 0.734375 0.3076923076923077 0.29086538461538464
2 0.15625 0.5048076923076923 0.23046875 0.18329326923076922
2 0.3233173076923077 0.5072115384615384 0.09615384615384616 0.17668269230769232
1 0.037259615384615384 0.23076923076923078 0.04146634615384615 0.3125
1 0.036057692307692304 0.5096153846153846 0.0390625 0.06640625
1 0.037259615384615384 0.7475961538461539 0.049879807692307696 0.15865384615384615
1 0.8125 0.21875 0.05889423076923077 0.3746995192307692
1 0.9555288461538461 0.5805288461538461 0.04146634615384615 0.19441105769230768
0 0.84375 0.3557692307692308 0.09555288461538461 0.1015625
0 0.328125 0.36899038461538464 0.10757211538461539 0.11057692307692307
0 0.13221153846153846 0.38341346153846156 0.06820913461538461 0.09915865384615384
0 0.4050480769230769 0.9350961538461539 0.08413461538461539 0.12109375
0 0.38221153846153844 0.5528846153846154 0.06790865384615384 0.08082932692307693