2 0.21875 0.2403846153846154 0.3317307692307692 0.40444711538461536
2 0.5853365384615384 0.23798076923076922 0.42578125 0.38491586538461536
2 0.890625 0.23798076923076922 0.19441105769230768 0.3855168269230769
2 0.7776442307692307 0.59375 0.37349759615384615 0.34194711538461536
2 0.5480769230769231 0.5961538461538461 0.16796875 0.3088942307692308
2 0.4338942307692308 0.6646634615384616 0.19861778846153846 0.46334134615384615
2 0.21514423076923078 0.7512019230769231 0.3076923076923077 0.29056490384615385
2 0.16706730769230768 0.5252403846153846 0.2325721153846154 0.18900240384615385
2 0.3317307692307692 0.5264423076923077 0.07271634615384616 0.16887019230769232
1 0.04927884615384615 0.2536057692307692 0.05048076923076923 0.3097956730769231
1 0.04807692307692308 0.5288461538461539 0.03876201923076923 0.06610576923076923
1 0.04927884615384615 0.7644230769230769 0.045072115384615384 0.15474759615384615
1 0.8173076923076923 0.2403846153846154 0.06310096153846154 0.3698918269230769
1 0.9591346153846154 0.5997596153846154 0.05348557692307692 0.19020432692307693
0 0.8473557692307693 0.3762019230769231 0.0985576923076923 0.10306490384615384
0 0.33774038461538464 0.390625 0.10366586538461539 0.10787259615384616
0 0.14302884615384615 0.40384615384615385 0.06971153846153846 0.10006009615384616
0 0.41225961538461536 0.9435096153846154 0.08413461538461539 0.11298076923076923
0 0.3918269230769231 0.5721153846153846 0.0634014423076923 0.07692307692307693