2 0.5072115384615384 0.10697115384615384 0.7451923076923077 0.21394230769230768
2 0.20793269230769232 0.33052884615384615 0.13731971153846154 0.24248798076923078
2 0.5793269230769231 0.36177884615384615 0.6021634615384616 0.36778846153846156
2 0.6682692307692307 0.5637019230769231 0.14513221153846154 0.08984375
2 0.7259615384615384 0.6838942307692307 0.3176081730769231 0.34945913461538464
2 0.5168269230769231 0.6790865384615384 0.20612980769230768 0.3440504807692308
2 0.3629807692307692 0.5817307692307693 0.15745192307692307 0.14903846153846154
2 0.2091346153846154 0.5540865384615384 0.14002403846153846 0.1896033653846154
2 0.29086538461538464 0.7512019230769231 0.29897836538461536 0.20342548076923078
2 0.49399038461538464 0.9254807692307693 0.12319711538461539 0.11478365384615384
2 0.625 0.9302884615384616 0.10516826923076923 0.11989182692307693
1 0.39663461538461536 0.19951923076923078 0.14963942307692307 0.043569711538461536
1 0.6923076923076923 0.20673076923076922 0.12980769230769232 0.037259615384615384
1 0.8798076923076923 0.5697115384615384 0.04296875 0.09134615384615384
1 0.7908653846153846 0.8521634615384616 0.12109375 0.039963942307692304
1 0.23197115384615385 0.8557692307692307 0.1271033653846154 0.024338942307692308
1 0.5913461538461539 0.9939903846153846 0.03365384615384615 0.01201923076923077
0 0.23798076923076922 0.17427884615384615 0.0859375 0.07451923076923077
0 0.5348557692307693 0.17307692307692307 0.09435096153846154 0.07782451923076923
0 0.484375 0.6213942307692307 0.0928485576923077 0.07692307692307693
0 0.6370192307692307 0.7271634615384616 0.1063701923076923 0.07542067307692307
0 0.6670673076923077 0.6322115384615384 0.06430288461538461 0.05318509615384615
0 0.49278846153846156 0.8810096153846154 0.09254807692307693 0.08473557692307693
0 0.5240384615384616 0.9423076923076923 0.09615384615384616 0.06310096153846154
0 0.24158653846153846 0.4254807692307692 0.07421875 0.057992788461538464
0 0.31971153846153844 0.3389423076923077 0.10486778846153846 0.0811298076923077
0 0.234375 0.5204326923076923 0.08864182692307693 0.0673076923076923
0 0.4074519230769231 0.6959134615384616 0.08864182692307693 0.07001201923076923