2 0.4963942307692308 0.09254807692307693 0.7427884615384616 0.18509615384615385
2 0.19831730769230768 0.31490384615384615 0.17157451923076922 0.25570913461538464
2 0.5697115384615384 0.34615384615384615 0.6051682692307693 0.3737980769230769
2 0.6574519230769231 0.5480769230769231 0.15114182692307693 0.10186298076923077
2 0.7163461538461539 0.6682692307692307 0.27914663461538464 0.3212139423076923
2 0.5072115384615384 0.6634615384615384 0.18269230769230768 0.34044471153846156
2 0.35216346153846156 0.5661057692307693 0.16045673076923078 0.15204326923076922
2 0.19951923076923078 0.5372596153846154 0.14362980769230768 0.19080528846153846
2 0.28125 0.7355769230769231 0.3019831730769231 0.20282451923076922
2 0.4831730769230769 0.9086538461538461 0.1310096153846154 0.12079326923076923
2 0.6141826923076923 0.9134615384615384 0.11838942307692307 0.13371394230769232
1 0.3870192307692308 0.18389423076923078 0.14963942307692307 0.030348557692307692
1 0.6814903846153846 0.18990384615384615 0.12980769230769232 0.028245192307692308
1 0.8701923076923077 0.5540865384615384 0.043569711538461536 0.08954326923076923
1 0.78125 0.8365384615384616 0.12049278846153846 0.028545673076923076
1 0.22235576923076922 0.8401442307692307 0.12650240384615385 0.044771634615384616
1 0.5817307692307693 0.9795673076923077 0.033353365384615384 0.012920673076923076
0 0.22716346153846154 0.15865384615384615 0.08413461538461539 0.07211538461538461
0 0.5252403846153846 0.15745192307692307 0.09134615384615384 0.07361778846153846
0 0.47475961538461536 0.6045673076923077 0.0928485576923077 0.07692307692307693
0 0.6274038461538461 0.7115384615384616 0.10216346153846154 0.06700721153846154
0 0.6574519230769231 0.6165865384615384 0.0673076923076923 0.059194711538461536
0 0.4831730769230769 0.8653846153846154 0.0907451923076923 0.0811298076923077
0 0.5144230769230769 0.9266826923076923 0.09615384615384616 0.060697115384615384
0 0.23197115384615385 0.40865384615384615 0.07962740384615384 0.06760817307692307
0 0.31009615384615385 0.3233173076923077 0.10186298076923077 0.07932692307692307
0 0.2247596153846154 0.5036057692307693 0.08924278846153846 0.06971153846153846
0 0.39783653846153844 0.6802884615384616 0.09405048076923077 0.08082932692307693