2 0.5096153846153846 0.12620192307692307 0.7355769230769231 0.25240384615384615
2 0.2127403846153846 0.3233173076923077 0.17518028846153846 0.2566105769230769
2 0.5829326923076923 0.3545673076923077 0.5991586538461539 0.3605769230769231
2 0.6706730769230769 0.5552884615384616 0.14783653846153846 0.09705528846153846
2 0.7283653846153846 0.6742788461538461 0.30258413461538464 0.3389423076923077
2 0.5204326923076923 0.6706730769230769 0.17307692307692307 0.3362379807692308
2 0.36658653846153844 0.5733173076923077 0.15084134615384615 0.14122596153846154
2 0.21394230769230768 0.5456730769230769 0.13912259615384615 0.18840144230769232
2 0.2956730769230769 0.7415865384615384 0.2926682692307692 0.18990384615384615
2 0.49759615384615385 0.9146634615384616 0.13431490384615385 0.125
2 0.6274038461538461 0.9194711538461539 0.11538461538461539 0.12800480769230768
1 0.40024038461538464 0.1935096153846154 0.1505408653846154 0.049879807692307696
1 0.6947115384615384 0.19951923076923078 0.12920673076923078 0.047475961538461536
1 0.8810096153846154 0.5612980769230769 0.041165865384615384 0.08984375
1 0.7932692307692307 0.8425480769230769 0.12049278846153846 0.02674278846153846
1 0.23677884615384615 0.8461538461538461 0.125 0.024338942307692308
1 0.5949519230769231 0.9855769230769231 0.03155048076923077 0.014122596153846154
0 0.24158653846153846 0.16826923076923078 0.08323317307692307 0.07151442307692307
0 0.5384615384615384 0.16706730769230768 0.09555288461538461 0.07842548076923077
0 0.4879807692307692 0.6129807692307693 0.08653846153846154 0.07091346153846154
0 0.6394230769230769 0.71875 0.10186298076923077 0.06760817307692307
0 0.6694711538461539 0.6237980769230769 0.060396634615384616 0.05078125
0 0.4963942307692308 0.8713942307692307 0.09314903846153846 0.08323317307692307
0 0.5276442307692307 0.9314903846153846 0.09375 0.052884615384615384
0 0.24639423076923078 0.4170673076923077 0.07842548076923077 0.06460336538461539
0 0.3245192307692308 0.3317307692307692 0.09645432692307693 0.06820913461538461
0 0.23918269230769232 0.5120192307692307 0.08954326923076923 0.0733173076923077
0 0.4110576923076923 0.6875 0.09164663461538461 0.07301682692307693