2 0.09975961538461539 0.24158653846153846 0.19951923076923078 0.4254807692307692
2 0.32572115384615385 0.41586538461538464 0.4543269230769231 0.7749399038461539
2 0.13341346153846154 0.6418269230769231 0.15084134615384615 0.29747596153846156
1 0.08413461538461539 0.6201923076923077 0.038161057692307696 0.1875
1 0.9867788461538461 0.6105769230769231 0.026442307692307692 0.18299278846153846
1 0.9807692307692307 0.30408653846153844 0.038461538461538464 0.18509615384615385
2 0.5901442307692307 0.53125 0.2854567307692308 0.5147235576923077
2 0.8413461538461539 0.6213942307692307 0.3173076923076923 0.38221153846153844
2 0.8401442307692307 0.23677884615384615 0.3173076923076923 0.40174278846153844
2 0.6442307692307693 0.17067307692307693 0.1063701923076923 0.25
2 0.5372596153846154 0.19951923076923078 0.13701923076923078 0.3212139423076923
0 0.6334134615384616 0.6778846153846154 0.0703125 0.10096153846153846
0 0.6526442307692307 0.7944711538461539 0.08353365384615384 0.25
0 0.7247596153846154 0.5036057692307693 0.07872596153846154 0.11358173076923077
0 0.7211538461538461 0.3713942307692308 0.08173076923076923 0.11748798076923077
0 0.6105769230769231 0.22716346153846154 0.06850961538461539 0.1084735576923077
0 0.6358173076923077 0.3485576923076923 0.06911057692307693 0.12469951923076923
0 0.16105769230769232 0.3581730769230769 0.13972355769230768 0.13822115384615385