2 0.09495192307692307 0.25961538461538464 0.18990384615384615 0.42788461538461536
2 0.3173076923076923 0.4375 0.3128004807692308 0.7683293269230769
2 0.12139423076923077 0.6682692307692307 0.14603365384615385 0.30318509615384615
1 0.07211538461538461 0.6478365384615384 0.048978365384615384 0.1875
1 0.984375 0.6358173076923077 0.03125 0.18509615384615385
1 0.9855769230769231 0.3245192307692308 0.028846153846153848 0.19230769230769232
2 0.5889423076923077 0.5552884615384616 0.2878605769230769 0.5246394230769231
2 0.8365384615384616 0.6466346153846154 0.3269230769230769 0.39903846153846156
2 0.8401442307692307 0.2536057692307692 0.31971153846153844 0.4110576923076923
2 0.6442307692307693 0.18629807692307693 0.15324519230769232 0.2665264423076923
2 0.5348557692307693 0.21634615384615385 0.13701923076923078 0.3278245192307692
0 0.6322115384615384 0.7055288461538461 0.07301682692307693 0.10306490384615384
0 0.6514423076923077 0.8245192307692307 0.09194711538461539 0.2587139423076923
0 0.7247596153846154 0.5276442307692307 0.08924278846153846 0.12259615384615384
0 0.7211538461538461 0.39302884615384615 0.08774038461538461 0.12169471153846154
0 0.609375 0.24519230769230768 0.06400240384615384 0.10667067307692307
0 0.6346153846153846 0.36899038461538464 0.07181490384615384 0.1271033653846154
0 0.1502403846153846 0.3786057692307692 0.12830528846153846 0.1268028846153846