2 0.09254807692307693 0.23076923076923078 0.18509615384615385 0.4326923076923077
2 0.3269230769230769 0.4110576923076923 0.39302884615384615 0.7977764423076923
2 0.12860576923076922 0.6442307692307693 0.14152644230769232 0.3082932692307692
1 0.078125 0.6225961538461539 0.030949519230769232 0.19621394230769232
2 0.5997596153846154 0.5300480769230769 0.2530048076923077 0.5192307692307693
2 0.8581730769230769 0.6201923076923077 0.28365384615384615 0.3605769230769231
2 0.8413461538461539 0.2247596153846154 0.3173076923076923 0.4254807692307692
2 0.65625 0.15745192307692307 0.14933894230769232 0.26772836538461536
2 0.5456730769230769 0.1875 0.1240985576923077 0.328125
0 0.6442307692307693 0.6814903846153846 0.06820913461538461 0.10276442307692307
0 0.6634615384615384 0.8016826923076923 0.1015625 0.26111778846153844
0 0.7379807692307693 0.5012019230769231 0.09254807692307693 0.12650240384615385
0 0.734375 0.36538461538461536 0.09375 0.125
0 0.6213942307692307 0.21634615384615385 0.06430288461538461 0.10997596153846154
0 0.6466346153846154 0.34134615384615385 0.08623798076923077 0.13341346153846154
0 0.15745192307692307 0.35096153846153844 0.14423076923076922 0.14032451923076922