2 0.4170673076923077 0.1346153846153846 0.5048076923076923 0.23918269230769232
2 0.0733173076923077 0.13822115384615385 0.1466346153846154 0.18028846153846154
2 0.33052884615384615 0.39663461538461536 0.3671875 0.34134615384615385
2 0.7079326923076923 0.5540865384615384 0.4501201923076923 0.6265024038461539
2 0.35697115384615385 0.7403846153846154 0.4110576923076923 0.35697115384615385
2 0.08413461538461539 0.4951923076923077 0.16826923076923078 0.49038461538461536
2 0.06490384615384616 0.8413461538461539 0.12980769230769232 0.1778846153846154
1 0.04326923076923077 0.23557692307692307 0.08653846153846154 0.04807692307692308
1 0.328125 0.23557692307692307 0.1700721153846154 0.043569711538461536
0 0.5600961538461539 0.19471153846153846 0.13521634615384615 0.12590144230769232
0 0.4651442307692308 0.71875 0.13611778846153846 0.12530048076923078
0 0.3317307692307692 0.6862980769230769 0.12469951923076923 0.09915865384615384
0 0.21394230769230768 0.9495192307692307 0.07752403846153846 0.09585336538461539
0 0.3293269230769231 0.9543269230769231 0.06820913461538461 0.057992788461538464
0 0.4543269230769231 0.9146634615384616 0.125 0.17067307692307693
0 0.578125 0.9759615384615384 0.2620192307692308 0.04807692307692308
0 0.6802884615384616 0.9879807692307693 0.08173076923076923 0.02403846153846154
0 0.9134615384615384 0.9771634615384616 0.1346153846153846 0.04567307692307692
1 0.8245192307692307 0.24158653846153846 0.16887019230769232 0.06881009615384616