2 0.42908653846153844 0.13341346153846154 0.51171875 0.19921875
2 0.07692307692307693 0.13701923076923078 0.15384615384615385 0.1875
2 0.3401442307692308 0.4014423076923077 0.375 0.3503605769230769
2 0.7259615384615384 0.5612980769230769 0.5096153846153846 0.6682692307692307
2 0.36778846153846156 0.7512019230769231 0.4378004807692308 0.38731971153846156
2 0.08774038461538461 0.4987980769230769 0.17548076923076922 0.5024038461538461
2 0.07091346153846154 0.8557692307692307 0.14182692307692307 0.1875
1 0.04567307692307692 0.23677884615384615 0.09134615384615384 0.055288461538461536
1 0.33774038461538464 0.23677884615384615 0.17097355769230768 0.03665865384615385
0 0.5757211538461539 0.19471153846153846 0.14573317307692307 0.1349158653846154
0 0.47836538461538464 0.7295673076923077 0.1346153846153846 0.12289663461538461
0 0.34134615384615385 0.6959134615384616 0.11568509615384616 0.08443509615384616
0 0.22115384615384615 0.9579326923076923 0.08173076923076923 0.08413461538461539
0 0.33774038461538464 0.96875 0.07451923076923077 0.0625
0 0.4675480769230769 0.9230769230769231 0.11298076923076923 0.15384615384615385
0 0.59375 0.9855769230769231 0.2692307692307692 0.028846153846153848
0 0.9338942307692307 0.9831730769230769 0.13221153846153846 0.03365384615384615
1 0.8449519230769231 0.24278846153846154 0.17578125 0.04717548076923077