2 0.4326923076923077 0.11778846153846154 0.5141225961538461 0.1971153846153846
2 0.07451923076923077 0.1201923076923077 0.14903846153846154 0.17307692307692307
2 0.34375 0.3858173076923077 0.3644831730769231 0.33353365384615385
2 0.7307692307692307 0.5480769230769231 0.5192307692307693 0.6736778846153846
2 0.3701923076923077 0.7379807692307693 0.46724759615384615 0.4266826923076923
2 0.09254807692307693 0.48677884615384615 0.18509615384615385 0.5024038461538461
2 0.06610576923076923 0.8425480769230769 0.13221153846153846 0.17548076923076922
1 0.046875 0.22235576923076922 0.09344951923076923 0.038461538461538464
1 0.3401442307692308 0.22115384615384615 0.17487980769230768 0.04807692307692308
0 0.5793269230769231 0.17908653846153846 0.1385216346153846 0.12650240384615385
0 0.48197115384615385 0.7151442307692307 0.1328125 0.12229567307692307
0 0.3449519230769231 0.6826923076923077 0.1201923076923077 0.09134615384615384
0 0.22235576923076922 0.9507211538461539 0.08413461538461539 0.0985576923076923
0 0.3425480769230769 0.9579326923076923 0.07001201923076923 0.057692307692307696
0 0.47115384615384615 0.9158653846153846 0.125 0.16826923076923078
0 0.5985576923076923 0.984375 0.2692307692307692 0.03125
0 0.703125 0.9891826923076923 0.08413461538461539 0.021634615384615384
0 0.9350961538461539 0.9807692307692307 0.125 0.038461538461538464
1 0.8497596153846154 0.22716346153846154 0.17548076923076922 0.041165865384615384