2 0.12740384615384615 0.39302884615384615 0.125 0.3605769230769231
2 0.5540865384615384 0.3918269230769231 0.7436899038461539 0.3933293269230769
2 0.5600961538461539 0.2824519230769231 0.3368389423076923 0.3683894230769231
2 0.3112980769230769 0.7475961538461539 0.2659254807692308 0.34044471153846156
2 0.484375 0.6899038461538461 0.12830528846153846 0.21604567307692307
2 0.6814903846153846 0.7487980769230769 0.5072115384615384 0.3719951923076923
1 0.4831730769230769 0.09975961538461539 0.11598557692307693 0.03545673076923077
1 0.6189903846153846 0.10096153846153846 0.13191105769230768 0.05739182692307692
1 0.9266826923076923 0.39903846153846156 0.057692307692307696 0.2551081730769231
1 0.9266826923076923 0.75 0.025540865384615384 0.22175480769230768
1 0.1814903846153846 0.75 0.017427884615384616 0.21153846153846154
1 0.18269230769230768 0.3485576923076923 0.01953125 0.21604567307692307
0 0.1935096153846154 0.49759615384615385 0.055288461538461536 0.09104567307692307
0 0.2848557692307692 0.5649038461538461 0.09765625 0.07662259615384616
0 0.5420673076923077 0.6971153846153846 0.030949519230769232 0.08203125
0 0.5432692307692307 0.8413461538461539 0.04326923076923077 0.07752403846153846
0 0.5685096153846154 0.9194711538461539 0.08864182692307693 0.11748798076923077
0 0.6646634615384616 0.6935096153846154 0.052884615384615384 0.051382211538461536
0 0.7235576923076923 0.6382211538461539 0.04266826923076923 0.0946514423076923
0 0.7223557692307693 0.5240384615384616 0.04326923076923077 0.0868389423076923