2 0.125 0.39783653846153844 0.1346153846153846 0.36328125
2 0.5552884615384616 0.39783653846153844 0.7632211538461539 0.4206730769230769
2 0.5625 0.28725961538461536 0.35096153846153844 0.38131009615384615
2 0.31009615384615385 0.7572115384615384 0.26893028846153844 0.3425480769230769
2 0.4855769230769231 0.6971153846153846 0.12109375 0.22025240384615385
2 0.6850961538461539 0.7572115384615384 0.5090144230769231 0.3659855769230769
1 0.484375 0.10216346153846154 0.11748798076923077 0.03125
1 0.6213942307692307 0.10336538461538461 0.13641826923076922 0.042367788461538464
1 0.9326923076923077 0.4050480769230769 0.038461538461538464 0.2626201923076923
1 0.9326923076923077 0.7584134615384616 0.034555288461538464 0.22596153846153846
1 0.17908653846153846 0.7584134615384616 0.01622596153846154 0.21394230769230768
1 0.1814903846153846 0.35336538461538464 0.06520432692307693 0.20763221153846154
0 0.19230769230769232 0.5036057692307693 0.057692307692307696 0.09375
0 0.28365384615384615 0.5721153846153846 0.09735576923076923 0.0772235576923077
0 0.5432692307692307 0.7055288461538461 0.042367788461538464 0.08473557692307693
0 0.5444711538461539 0.8509615384615384 0.03064903846153846 0.07662259615384616
0 0.5709134615384616 0.9302884615384616 0.08353365384615384 0.11598557692307693
0 0.6682692307692307 0.7019230769230769 0.052584134615384616 0.05228365384615385
0 0.7271634615384616 0.6454326923076923 0.04146634615384615 0.09795673076923077
0 0.7259615384615384 0.53125 0.046875 0.09134615384615384