2 0.109375 0.40384615384615385 0.14573317307692307 0.36508413461538464
2 0.5420673076923077 0.4026442307692308 0.7821514423076923 0.5024038461538461
2 0.5492788461538461 0.2920673076923077 0.3488581730769231 0.3819110576923077
2 0.2956730769230769 0.7644230769230769 0.27944711538461536 0.3515625
2 0.47115384615384615 0.7055288461538461 0.11598557692307693 0.21875
2 0.671875 0.765625 0.4930889423076923 0.34134615384615385
1 0.47115384615384615 0.10576923076923077 0.11568509615384616 0.029146634615384616
1 0.6081730769230769 0.10697115384615384 0.13551682692307693 0.050180288461538464
1 0.921875 0.4098557692307692 0.04146634615384615 0.2659254807692308
1 0.921875 0.7668269230769231 0.031850961538461536 0.22626201923076922
1 0.16466346153846154 0.7668269230769231 0.031850961538461536 0.21544471153846154
1 0.1658653846153846 0.359375 0.03876201923076923 0.21814903846153846
0 0.17668269230769232 0.5096153846153846 0.050180288461538464 0.09224759615384616
0 0.2692307692307692 0.578125 0.09134615384615384 0.06490384615384616
0 0.5300480769230769 0.7127403846153846 0.044771634615384616 0.08653846153846154
0 0.5324519230769231 0.859375 0.03365384615384615 0.07542067307692307
0 0.5576923076923077 0.9399038461538461 0.08533653846153846 0.11899038461538461
0 0.65625 0.7091346153846154 0.05318509615384615 0.052884615384615384
0 0.7151442307692307 0.6526442307692307 0.04807692307692308 0.09945913461538461
0 0.7139423076923077 0.5372596153846154 0.052584134615384616 0.09344951923076923