2 0.11298076923076923 0.3016826923076923 0.18870192307692307 0.18028846153846154
2 0.21394230769230768 0.24879807692307693 0.07692307692307693 0.07421875
2 0.09254807692307693 0.47836538461538464 0.15594951923076922 0.17668269230769232
2 0.21153846153846154 0.4723557692307692 0.12079326923076923 0.17457932692307693
2 0.2439903846153846 0.34134615384615385 0.08804086538461539 0.10967548076923077
2 0.41225961538461536 0.2536057692307692 0.36328125 0.3722956730769231
2 0.3389423076923077 0.4735576923076923 0.12439903846153846 0.10606971153846154
2 0.3545673076923077 0.5709134615384616 0.055288461538461536 0.07932692307692307
2 0.7235576923076923 0.19110576923076922 0.13942307692307693 0.20432692307692307
2 0.8125 0.14423076923076922 0.061598557692307696 0.1063701923076923
2 0.8112980769230769 0.25 0.05498798076923077 0.0967548076923077
2 0.9098557692307693 0.2548076923076923 0.15625 0.328125
2 0.6959134615384616 0.32091346153846156 0.1697716346153846 0.0703125
2 0.7584134615384616 0.3581730769230769 0.16676682692307693 0.12439903846153846
2 0.5048076923076923 0.6730769230769231 0.17698317307692307 0.1935096153846154
2 0.49759615384615385 0.8449519230769231 0.15294471153846154 0.16676682692307693
2 0.5492788461538461 0.8786057692307693 0.050180288461538464 0.08984375
2 0.625 0.84375 0.1141826923076923 0.16346153846153846
2 0.6310096153846154 0.7163461538461539 0.11268028846153846 0.09585336538461539
2 0.6201923076923077 0.6153846153846154 0.08563701923076923 0.07692307692307693
2 0.7223557692307693 0.6189903846153846 0.16045673076923078 0.3317307692307692
2 0.8810096153846154 0.5564903846153846 0.21394230769230768 0.22385817307692307
2 0.8365384615384616 0.5973557692307693 0.10667067307692307 0.11838942307692307
2 0.8449519230769231 0.7247596153846154 0.13611778846153846 0.1268028846153846
2 0.9423076923076923 0.7283653846153846 0.0859375 0.125
1 0.016826923076923076 0.3088942307692308 0.024338942307692308 0.0673076923076923
1 0.016826923076923076 0.4543269230769231 0.024338942307692308 0.06700721153846154
1 0.08413461538461539 0.5612980769230769 0.052584134615384616 0.021033653846153848
1 0.21033653846153846 0.5612980769230769 0.0625 0.038461538461538464
1 0.3737980769230769 0.08774038461538461 0.057692307692307696 0.017427884615384616
1 0.5132211538461539 0.06129807692307692 0.06490384615384616 0.017127403846153848
1 0.5769230769230769 0.20793269230769232 0.009915865384615384 0.08864182692307693
1 0.578125 0.34975961538461536 0.01622596153846154 0.05438701923076923
1 0.4495192307692308 0.4254807692307692 0.048677884615384616 0.023137019230769232
1 0.13942307692307693 0.21153846153846154 0.047475961538461536 0.014723557692307692
1 0.19831730769230768 0.21394230769230768 0.021334134615384616 0.019230769230769232
1 0.6598557692307693 0.12860576923076922 0.01622596153846154 0.035757211538461536
1 0.6610576923076923 0.2644230769230769 0.010516826923076924 0.02403846153846154
1 0.9771634615384616 0.2548076923076923 0.04567307692307692 0.1778846153846154
1 0.9170673076923077 0.0889423076923077 0.05618990384615385 0.029146634615384616
1 0.984375 0.578125 0.02403846153846154 0.07421875
1 0.9855769230769231 0.7259615384615384 0.01953125 0.06700721153846154
1 0.4254807692307692 0.703125 0.02794471153846154 0.0694110576923077
1 0.4230769230769231 0.8497596153846154 0.01953125 0.04807692307692308
0 0.32091346153846156 0.08533653846153846 0.04537259615384615 0.10757211538461539
0 0.1875 0.31009615384615385 0.034254807692307696 0.04717548076923077
0 0.2824519230769231 0.31850961538461536 0.027043269230769232 0.036057692307692304
0 0.12620192307692307 0.4110576923076923 0.04056490384615385 0.056790865384615384
0 0.17908653846153846 0.4098557692307692 0.036959134615384616 0.05078125
0 0.35697115384615385 0.5480769230769231 0.03365384615384615 0.05318509615384615
0 0.7307692307692307 0.11177884615384616 0.04927884615384615 0.05078125
0 0.8581730769230769 0.14903846153846154 0.0390625 0.04296875
0 0.7680288461538461 0.24759615384615385 0.030949519230769232 0.04266826923076923
0 0.7644230769230769 0.3112980769230769 0.03365384615384615 0.04807692307692308
0 0.7439903846153846 0.3581730769230769 0.03545673076923077 0.043870192307692304
0 0.8605769230769231 0.36658653846153844 0.043569711538461536 0.04537259615384615
0 0.8990384615384616 0.6009615384615384 0.0390625 0.028846153846153848
0 0.7704326923076923 0.7295673076923077 0.03515625 0.038461538461538464
0 0.8894230769230769 0.7620192307692307 0.047776442307692304 0.03936298076923077
0 0.5625 0.7067307692307693 0.052584134615384616 0.046875
0 0.6153846153846154 0.6838942307692307 0.034555288461538464 0.05108173076923077
0 0.5985576923076923 0.7824519230769231 0.0390625 0.05048076923076923
0 0.453125 0.7848557692307693 0.039963942307692304 0.04537259615384615
0 0.4098557692307692 0.8076923076923077 0.04056490384615385 0.05228365384615385
0 0.5120192307692307 0.8737980769230769 0.03756009615384615 0.036959134615384616