2 0.11778846153846154 0.28725961538461536 0.19290865384615385 0.18449519230769232
2 0.21754807692307693 0.23557692307692307 0.07842548076923077 0.07271634615384616
2 0.09735576923076923 0.46153846153846156 0.15715144230769232 0.17427884615384615
2 0.21514423076923078 0.45552884615384615 0.11868990384615384 0.16676682692307693
2 0.24759615384615385 0.3269230769230769 0.09014423076923077 0.10967548076923077
2 0.41225961538461536 0.2403846153846154 0.3284254807692308 0.3359375
2 0.3401442307692308 0.4567307692307692 0.12650240384615385 0.10606971153846154
2 0.3557692307692308 0.5528846153846154 0.048978365384615384 0.07662259615384616
2 0.71875 0.17908653846153846 0.12079326923076923 0.19230769230769232
2 0.8064903846153846 0.13221153846153846 0.06460336538461539 0.10967548076923077
2 0.8052884615384616 0.23677884615384615 0.06219951923076923 0.09885817307692307
2 0.9026442307692307 0.24158653846153846 0.17307692307692307 0.3293269230769231
2 0.6911057692307693 0.30649038461538464 0.16556490384615385 0.07872596153846154
2 0.7536057692307693 0.3425480769230769 0.17037259615384615 0.13131009615384615
2 0.5036057692307693 0.6526442307692307 0.17518028846153846 0.19411057692307693
2 0.4963942307692308 0.8221153846153846 0.16135817307692307 0.1739783653846154
2 0.5480769230769231 0.8557692307692307 0.043569711538461536 0.08653846153846154
2 0.6225961538461539 0.8209134615384616 0.12590144230769232 0.1700721153846154
2 0.6286057692307693 0.6959134615384616 0.1024639423076923 0.08353365384615384
2 0.6177884615384616 0.5973557692307693 0.0811298076923077 0.07421875
2 0.7175480769230769 0.5997596153846154 0.12770432692307693 0.3203125
2 0.875 0.5384615384615384 0.20673076923076922 0.21634615384615385
2 0.8305288461538461 0.5793269230769231 0.09615384615384616 0.10967548076923077
2 0.8389423076923077 0.7043269230769231 0.1307091346153846 0.1240985576923077
2 0.9338942307692307 0.7067307692307693 0.0946514423076923 0.12950721153846154
1 0.02283653846153846 0.29447115384615385 0.021334134615384616 0.06520432692307693
1 0.02403846153846154 0.4375 0.028846153846153848 0.06610576923076923
1 0.09014423076923077 0.5432692307692307 0.05108173076923077 0.028245192307692308
1 0.21394230769230768 0.5432692307692307 0.061598557692307696 0.03876201923076923
1 0.375 0.07692307692307693 0.057992788461538464 0.027644230769230768
1 0.5120192307692307 0.051682692307692304 0.06280048076923077 0.02734375
1 0.5745192307692307 0.19471153846153846 0.01953125 0.0859375
1 0.5757211538461539 0.33533653846153844 0.014423076923076924 0.05438701923076923
1 0.4483173076923077 0.40865384615384615 0.04657451923076923 0.024338942307692308
1 0.14423076923076922 0.19951923076923078 0.047475961538461536 0.02013221153846154
1 0.20192307692307693 0.20072115384615385 0.01953125 0.019230769230769232
1 0.65625 0.11658653846153846 0.009615384615384616 0.03365384615384615
1 0.6574519230769231 0.25 0.012920673076923076 0.024639423076923076
1 0.9723557692307693 0.24278846153846154 0.04567307692307692 0.17848557692307693
1 0.9098557692307693 0.078125 0.05588942307692308 0.030348557692307692
1 0.9747596153846154 0.5600961538461539 0.017427884615384616 0.07211538461538461
1 0.9759615384615384 0.7055288461538461 0.01953125 0.06881009615384616
1 0.4254807692307692 0.6826923076923077 0.014723557692307692 0.06790865384615384
1 0.42427884615384615 0.828125 0.021634615384615384 0.045973557692307696
0 0.3233173076923077 0.07451923076923077 0.059495192307692304 0.10967548076923077
0 0.19110576923076922 0.2956730769230769 0.03365384615384615 0.04417067307692308
0 0.2860576923076923 0.30408653846153844 0.028846153846153848 0.03635817307692308
0 0.1310096153846154 0.3954326923076923 0.03515625 0.05108173076923077
0 0.18389423076923078 0.3942307692307692 0.04026442307692308 0.05228365384615385
0 0.3581730769230769 0.5300480769230769 0.042067307692307696 0.059194711538461536
0 0.7271634615384616 0.10096153846153846 0.05438701923076923 0.05228365384615385
0 0.8509615384615384 0.13822115384615385 0.0390625 0.040865384615384616
0 0.7632211538461539 0.234375 0.03064903846153846 0.040865384615384616
0 0.7596153846153846 0.296875 0.0390625 0.05108173076923077
0 0.7391826923076923 0.3425480769230769 0.030949519230769232 0.04056490384615385
0 0.8533653846153846 0.35216346153846156 0.0390625 0.04176682692307692
0 0.8918269230769231 0.5817307692307693 0.03936298076923077 0.030048076923076924
0 0.765625 0.7091346153846154 0.03635817307692308 0.038461538461538464
0 0.8822115384615384 0.7403846153846154 0.04326923076923077 0.034555288461538464
0 0.5600961538461539 0.6862980769230769 0.04837740384615385 0.041165865384615384
0 0.6129807692307693 0.6634615384615384 0.034555288461538464 0.05198317307692308
0 0.5961538461538461 0.7608173076923077 0.03395432692307692 0.04807692307692308
0 0.453125 0.7632211538461539 0.039963942307692304 0.045072115384615384
0 0.4098557692307692 0.7860576923076923 0.03635817307692308 0.04837740384615385
0 0.5108173076923077 0.8509615384615384 0.038461538461538464 0.038461538461538464