2 0.13581730769230768 0.2860576923076923 0.19981971153846154 0.19260817307692307
2 0.234375 0.234375 0.08383413461538461 0.07932692307692307
2 0.11538461538461539 0.45913461538461536 0.14873798076923078 0.16856971153846154
2 0.23197115384615385 0.4519230769230769 0.1424278846153846 0.1814903846153846
2 0.2644230769230769 0.3245192307692308 0.0907451923076923 0.1102764423076923
2 0.42908653846153844 0.23798076923076922 0.33653846153846156 0.34585336538461536
2 0.35697115384615385 0.453125 0.1201923076923077 0.1024639423076923
2 0.3713942307692308 0.5492788461538461 0.06400240384615384 0.08022836538461539
2 0.7331730769230769 0.1778846153846154 0.13822115384615385 0.20162259615384615
2 0.8209134615384616 0.1310096153846154 0.057692307692307696 0.10396634615384616
2 0.8197115384615384 0.234375 0.052884615384615384 0.09615384615384616
2 0.9158653846153846 0.2403846153846154 0.14963942307692307 0.32271634615384615
2 0.7055288461538461 0.30408653846153844 0.16526442307692307 0.07872596153846154
2 0.7680288461538461 0.34134615384615385 0.17307692307692307 0.13521634615384615
2 0.5192307692307693 0.6490384615384616 0.17337740384615385 0.19200721153846154
2 0.5120192307692307 0.8173076923076923 0.1544471153846154 0.171875
2 0.5625 0.8509615384615384 0.05318509615384615 0.09044471153846154
2 0.6370192307692307 0.8161057692307693 0.11899038461538461 0.16496394230769232
2 0.6430288461538461 0.6923076923076923 0.10907451923076923 0.09224759615384616
2 0.6322115384615384 0.59375 0.0868389423076923 0.08143028846153846
2 0.7319711538461539 0.5961538461538461 0.15625 0.32632211538461536
2 0.8882211538461539 0.5348557692307693 0.2088341346153846 0.21844951923076922
2 0.84375 0.5757211538461539 0.09585336538461539 0.10817307692307693
2 0.8521634615384616 0.6995192307692307 0.13792067307692307 0.1310096153846154
2 0.9471153846153846 0.703125 0.0772235576923077 0.1201923076923077
1 0.040865384615384616 0.2920673076923077 0.02013221153846154 0.06520432692307693
1 0.042067307692307696 0.43509615384615385 0.027043269230769232 0.0625
1 0.10817307692307693 0.5396634615384616 0.052884615384615384 0.026442307692307692
1 0.23076923076923078 0.5396634615384616 0.061598557692307696 0.036959134615384616
1 0.3918269230769231 0.07572115384615384 0.05739182692307692 0.027043269230769232
1 0.5276442307692307 0.05048076923076923 0.0625 0.029747596153846152
1 0.5901442307692307 0.1935096153846154 0.00811298076923077 0.08653846153846154
1 0.5913461538461539 0.3329326923076923 0.009615384615384616 0.0546875
1 0.4639423076923077 0.40625 0.04837740384615385 0.023137019230769232
1 0.16105769230769232 0.1971153846153846 0.043569711538461536 0.01953125
1 0.21875 0.19951923076923078 0.023137019230769232 0.02283653846153846
1 0.6706730769230769 0.11538461538461539 0.013221153846153846 0.03365384615384615
1 0.671875 0.24879807692307693 0.015925480769230768 0.025841346153846152
1 0.984375 0.2403846153846154 0.03125 0.1778846153846154
1 0.9230769230769231 0.07692307692307693 0.057692307692307696 0.024639423076923076
1 0.9867788461538461 0.5552884615384616 0.026442307692307692 0.07211538461538461
1 0.9891826923076923 0.7007211538461539 0.012920673076923076 0.0673076923076923
1 0.4411057692307692 0.6778846153846154 0.026141826923076924 0.06700721153846154
1 0.43990384615384615 0.8221153846153846 0.019230769230769232 0.047776442307692304
0 0.3401442307692308 0.07451923076923077 0.060697115384615384 0.10576923076923077
0 0.20793269230769232 0.2932692307692308 0.031850961538461536 0.04326923076923077
0 0.3016826923076923 0.30288461538461536 0.028846153846153848 0.034555288461538464
0 0.14903846153846154 0.39302884615384615 0.042367788461538464 0.0546875
0 0.20072115384615385 0.3918269230769231 0.03545673076923077 0.04807692307692308
0 0.375 0.5276442307692307 0.03756009615384615 0.055288461538461536
0 0.7403846153846154 0.09975961538461539 0.05318509615384615 0.052884615384615384
0 0.8653846153846154 0.13701923076923078 0.034555288461538464 0.038461538461538464
0 0.7764423076923077 0.23317307692307693 0.03365384615384615 0.043870192307692304
0 0.7740384615384616 0.2956730769230769 0.03936298076923077 0.05198317307692308
0 0.7536057692307693 0.3401442307692308 0.03515625 0.04176682692307692
0 0.8665865384615384 0.34975961538461536 0.04026442307692308 0.04146634615384615
0 0.9050480769230769 0.578125 0.04056490384615385 0.028846153846153848
0 0.7788461538461539 0.7043269230769231 0.03395432692307692 0.03485576923076923
0 0.8954326923076923 0.7355769230769231 0.040865384615384616 0.030048076923076924
0 0.5757211538461539 0.6814903846153846 0.05048076923076923 0.045973557692307696
0 0.6274038461538461 0.6598557692307693 0.029747596153846152 0.04657451923076923
0 0.6117788461538461 0.7560096153846154 0.03515625 0.04657451923076923
0 0.46875 0.7584134615384616 0.03756009615384615 0.04326923076923077
0 0.4266826923076923 0.78125 0.036959134615384616 0.048978365384615384
0 0.5264423076923077 0.8461538461538461 0.03786057692307692 0.03786057692307692