2 0.1466346153846154 0.21033653846153846 0.2932692307692308 0.4206730769230769
2 0.36538461538461536 0.20552884615384615 0.2692307692307692 0.4110576923076923
2 0.07091346153846154 0.5132211538461539 0.14182692307692307 0.22355769230769232
2 0.16826923076923078 0.5685096153846154 0.13431490384615385 0.32421875
2 0.06610576923076923 0.6778846153846154 0.13221153846153846 0.1201923076923077
2 0.33774038461538464 0.5721153846153846 0.2770432692307692 0.3323317307692308
2 0.19831730769230768 0.8377403846153846 0.14092548076923078 0.21784855769230768
2 0.5673076923076923 0.04567307692307692 0.11087740384615384 0.09134615384615384
2 0.5649038461538461 0.22235576923076922 0.12980769230769232 0.25180288461538464
2 0.5661057692307693 0.4362980769230769 0.10366586538461539 0.14903846153846154
2 0.5685096153846154 0.6334134615384616 0.10757211538461539 0.21334134615384615
2 0.6995192307692307 0.04447115384615385 0.15384615384615385 0.0889423076923077
2 0.7007211538461539 0.35216346153846156 0.23858173076923078 0.5069110576923077
2 0.7019230769230769 0.6694711538461539 0.17307692307692307 0.16135817307692307
2 0.8810096153846154 0.3713942307692308 0.2283653846153846 0.7427884615384616
1 0.9807692307692307 0.2932692307692308 0.029447115384615384 0.13401442307692307
1 0.9807692307692307 0.4375 0.014122596153846154 0.13010817307692307
1 0.7259615384615384 0.7487980769230769 0.10006009615384616 0.03635817307692308
1 0.375 0.7403846153846154 0.0868389423076923 0.03365384615384615
1 0.47115384615384615 0.5480769230769231 0.028846153846153848 0.09555288461538461
1 0.12860576923076922 0.8822115384615384 0.011117788461538462 0.03876201923076923
1 0.25961538461538464 0.9170673076923077 0.014122596153846154 0.04567307692307692
0 0.1658653846153846 0.7740384615384616 0.07632211538461539 0.10486778846153846
0 0.1502403846153846 0.5192307692307693 0.0694110576923077 0.08563701923076923
0 0.2403846153846154 0.12740384615384615 0.0625 0.09044471153846154
0 0.5853365384615384 0.3317307692307692 0.032151442307692304 0.06219951923076923
0 0.6418269230769231 0.27163461538461536 0.05198317307692308 0.07151442307692307
0 0.6923076923076923 0.6466346153846154 0.0673076923076923 0.0868389423076923
0 0.7487980769230769 0.5528846153846154 0.07932692307692307 0.1162860576923077
0 0.16947115384615385 0.96875 0.06971153846153846 0.0625