2 0.14182692307692307 0.2127403846153846 0.28365384615384615 0.4254807692307692
2 0.37259615384615385 0.2127403846153846 0.27013221153846156 0.4245793269230769
2 0.07451923076923077 0.5264423076923077 0.14903846153846154 0.22115384615384615
2 0.17427884615384615 0.5805288461538461 0.07001201923076923 0.32211538461538464
2 0.06971153846153846 0.6899038461538461 0.12950721153846154 0.10186298076923077
2 0.34375 0.5829326923076923 0.2887620192307692 0.33984375
2 0.20552884615384615 0.8485576923076923 0.16135817307692307 0.22175480769230768
2 0.5709134615384616 0.056490384615384616 0.12740384615384615 0.11298076923076923
2 0.5697115384615384 0.23557692307692307 0.14362980769230768 0.2503004807692308
2 0.5709134615384616 0.4483173076923077 0.11268028846153846 0.15234375
2 0.5733173076923077 0.6442307692307693 0.12980769230769232 0.2208533653846154
2 0.7043269230769231 0.055288461538461536 0.1580528846153846 0.10516826923076923
2 0.7055288461538461 0.3641826923076923 0.15685096153846154 0.49849759615384615
2 0.7055288461538461 0.6802884615384616 0.15534855769230768 0.13972355769230768
2 0.8725961538461539 0.3786057692307692 0.2548076923076923 0.7524038461538461
1 0.984375 0.30528846153846156 0.03064903846153846 0.1346153846153846
1 0.984375 0.4495192307692308 0.030348557692307692 0.12920673076923078
1 0.7295673076923077 0.7584134615384616 0.09885817307692307 0.017127403846153848
1 0.38100961538461536 0.75 0.08443509615384616 0.028245192307692308
1 0.47716346153846156 0.5600961538461539 0.014423076923076924 0.10036057692307693
1 0.3701923076923077 0.010817307692307692 0.07692307692307693 0.021634615384615384
1 0.12740384615384615 0.010817307692307692 0.08653846153846154 0.021634615384615384
1 0.004807692307692308 0.49399038461538464 0.009615384615384616 0.08413461538461539
1 0.13581730769230768 0.8918269230769231 0.012319711538461538 0.03876201923076923
1 0.2668269230769231 0.9266826923076923 0.01532451923076923 0.04567307692307692
0 0.171875 0.7836538461538461 0.0625 0.09735576923076923
0 0.15625 0.5300480769230769 0.061899038461538464 0.07992788461538461
0 0.24639423076923078 0.140625 0.07391826923076923 0.0946514423076923
0 0.5901442307692307 0.3449519230769231 0.04056490384615385 0.06400240384615384
0 0.6466346153846154 0.2848557692307692 0.05318509615384615 0.07211538461538461
0 0.6971153846153846 0.6574519230769231 0.061598557692307696 0.08443509615384616
0 0.7536057692307693 0.5637019230769231 0.07962740384615384 0.1180889423076923
0 0.1778846153846154 0.9735576923076923 0.0673076923076923 0.052884615384615384