2 0.15504807692307693 0.2091346153846154 0.31009615384615385 0.4182692307692308
2 0.3858173076923077 0.20192307692307693 0.19951923076923078 0.40384615384615385
2 0.07932692307692307 0.515625 0.15865384615384615 0.22355769230769232
2 0.1875 0.5697115384615384 0.10967548076923077 0.32662259615384615
2 0.08173076923076923 0.6802884615384616 0.13581730769230768 0.11478365384615384
2 0.35697115384615385 0.5733173076923077 0.29086538461538464 0.34314903846153844
2 0.21875 0.8389423076923077 0.1385216346153846 0.21544471153846154
2 0.5853365384615384 0.046875 0.11298076923076923 0.09375
2 0.5853365384615384 0.22355769230769232 0.12319711538461539 0.25
2 0.5853365384615384 0.4375 0.10426682692307693 0.14963942307692307
2 0.5877403846153846 0.6346153846153846 0.10757211538461539 0.21213942307692307
2 0.71875 0.046875 0.15865384615384615 0.09375
2 0.7211538461538461 0.35336538461538464 0.19170673076923078 0.5087139423076923
2 0.7211538461538461 0.6706730769230769 0.17307692307692307 0.15955528846153846
2 0.8677884615384616 0.3713942307692308 0.2644230769230769 0.7427884615384616
1 0.9927884615384616 0.2932692307692308 0.014423076923076924 0.1346153846153846
1 0.9915865384615384 0.4375 0.016826923076923076 0.125
1 0.7451923076923077 0.75 0.1006610576923077 0.01532451923076923
1 0.3942307692307692 0.7415865384615384 0.0868389423076923 0.031850961538461536
1 0.49158653846153844 0.5492788461538461 0.01622596153846154 0.0985576923076923
1 0.13822115384615385 0.004807692307692308 0.08413461538461539 0.009615384615384616
1 0.014423076923076924 0.4831730769230769 0.028846153846153848 0.08173076923076923
1 0.14903846153846154 0.8834134615384616 0.014723557692307692 0.04056490384615385
1 0.2800480769230769 0.9182692307692307 0.01171875 0.047475961538461536
0 0.18509615384615385 0.7752403846153846 0.07151442307692307 0.10366586538461539
0 0.16947115384615385 0.5204326923076923 0.06580528846153846 0.08443509615384616
0 0.25961538461538464 0.12740384615384615 0.0625 0.09044471153846154
0 0.6045673076923077 0.3329326923076923 0.039963942307692304 0.06400240384615384
0 0.6610576923076923 0.27283653846153844 0.04717548076923077 0.06911057692307693
0 0.7115384615384616 0.6478365384615384 0.05889423076923077 0.08323317307692307
0 0.7692307692307693 0.5528846153846154 0.07572115384615384 0.11508413461538461
0 0.19110576923076922 0.9711538461538461 0.06490384615384616 0.057692307692307696