2 0.203125 0.11658653846153846 0.25330528846153844 0.1219951923076923
2 0.14903846153846154 0.30649038461538464 0.17307692307692307 0.23557692307692307
2 0.4375 0.3125 0.42397836538461536 0.24939903846153846
2 0.19591346153846154 0.49399038461538464 0.2322716346153846 0.15174278846153846
2 0.36538461538461536 0.49759615384615385 0.1388221153846154 0.15294471153846154
2 0.5516826923076923 0.5504807692307693 0.2566105769230769 0.27403846153846156
2 0.8161057692307693 0.2439903846153846 0.2578125 0.13251201923076922
1 0.15384615384615385 0.18509615384615385 0.08713942307692307 0.042067307692307696
1 0.2776442307692308 0.18629807692307693 0.0694110576923077 0.02674278846153846
1 0.4170673076923077 0.18509615384615385 0.13641826923076922 0.056790865384615384
1 0.5721153846153846 0.19110576923076922 0.13431490384615385 0.06430288461538461
1 0.6790865384615384 0.43028846153846156 0.044771634615384616 0.06670673076923077
1 0.6790865384615384 0.5637019230769231 0.05078125 0.11868990384615384
0 0.34975961538461536 0.5925480769230769 0.09435096153846154 0.09615384615384616
0 0.19831730769230768 0.359375 0.07361778846153846 0.0625
0 0.3293269230769231 0.4831730769230769 0.06640625 0.06640625
0 0.7079326923076923 0.24759615384615385 0.0751201923076923 0.06280048076923077
0 0.5120192307692307 0.45072115384615385 0.06219951923076923 0.057692307692307696