2 0.18269230769230768 0.1141826923076923 0.25961538461538464 0.13311298076923078
2 0.12860576923076922 0.30649038461538464 0.15534855769230768 0.2283653846153846
2 0.41947115384615385 0.3125 0.44471153846153844 0.2926682692307692
2 0.17548076923076922 0.4951923076923077 0.22145432692307693 0.12560096153846154
2 0.3473557692307692 0.5 0.12289663461538461 0.14002403846153846
2 0.5348557692307693 0.5528846153846154 0.23076923076923078 0.2512019230769231
2 0.8016826923076923 0.24278846153846154 0.2668269230769231 0.15925480769230768
1 0.13341346153846154 0.18389423076923078 0.08984375 0.036959134615384616
1 0.25841346153846156 0.18509615384615385 0.07211538461538461 0.04266826923076923
1 0.39903846153846156 0.18389423076923078 0.13972355769230768 0.040865384615384616
1 0.5552884615384616 0.18990384615384615 0.13521634615384615 0.05348557692307692
1 0.6634615384615384 0.43149038461538464 0.04296875 0.06881009615384616
1 0.6646634615384616 0.5661057692307693 0.06009615384615385 0.1201923076923077
0 0.33052884615384615 0.5949519230769231 0.09435096153846154 0.09825721153846154
0 0.1778846153846154 0.359375 0.07271634615384616 0.06099759615384615
0 0.31009615384615385 0.4855769230769231 0.06790865384615384 0.06790865384615384
0 0.6935096153846154 0.24639423076923078 0.07061298076923077 0.055588942307692304
0 0.4951923076923077 0.4519230769230769 0.0634014423076923 0.05859375