2 0.203125 0.12139423076923077 0.2548076923076923 0.13942307692307693
2 0.14903846153846154 0.3076923076923077 0.17427884615384615 0.23467548076923078
2 0.4326923076923077 0.3137019230769231 0.4384014423076923 0.3097956730769231
2 0.19471153846153846 0.49278846153846156 0.23076923076923078 0.15895432692307693
2 0.36177884615384615 0.49759615384615385 0.13762019230769232 0.15294471153846154
2 0.5456730769230769 0.5480769230769231 0.2587139423076923 0.2743389423076923
2 0.8052884615384616 0.24759615384615385 0.2590144230769231 0.15775240384615385
1 0.15384615384615385 0.18870192307692307 0.08743990384615384 0.036057692307692304
1 0.2764423076923077 0.19110576923076922 0.06790865384615384 0.035757211538461536
1 0.41346153846153844 0.18990384615384615 0.13521634615384615 0.03936298076923077
1 0.5649038461538461 0.19471153846153846 0.1307091346153846 0.03876201923076923
1 0.6706730769230769 0.43149038461538464 0.033052884615384616 0.0625
1 0.6706730769230769 0.5625 0.042367788461538464 0.11508413461538461
0 0.34615384615384615 0.5901442307692307 0.0907451923076923 0.09344951923076923
0 0.1971153846153846 0.3605769230769231 0.07211538461538461 0.06310096153846154
0 0.3269230769230769 0.4831730769230769 0.06760817307692307 0.06760817307692307
0 0.6995192307692307 0.2512019230769231 0.07602163461538461 0.06490384615384616
0 0.5060096153846154 0.45072115384615385 0.0655048076923077 0.0625