2 0.22355769230769232 0.25961538461538464 0.3942307692307692 0.4558293269230769
2 0.2247596153846154 0.6442307692307693 0.3876201923076923 0.3659855769230769
2 0.4891826923076923 0.6490384615384616 0.1875 0.33263221153846156
2 0.6490384615384616 0.2608173076923077 0.5330528846153846 0.4879807692307692
2 0.9483173076923077 0.2608173076923077 0.10336538461538461 0.4254807692307692
2 0.8425480769230769 0.7367788461538461 0.31490384615384615 0.5168269230769231
2 0.609375 0.8521634615384616 0.21394230769230768 0.27103365384615385
2 0.6382211538461539 0.6105769230769231 0.14423076923076922 0.25
1 0.039663461538461536 0.6862980769230769 0.0546875 0.18058894230769232
1 0.04326923076923077 0.3245192307692308 0.029747596153846152 0.1388221153846154
1 0.8966346153846154 0.2776442307692308 0.028846153846153848 0.12229567307692307
0 0.8942307692307693 0.40024038461538464 0.17247596153846154 0.15204326923076922
0 0.7259615384615384 0.6033653846153846 0.08082932692307693 0.0868389423076923
0 0.5504807692307693 0.6105769230769231 0.0673076923076923 0.09585336538461539
0 0.3762019230769231 0.671875 0.08323317307692307 0.10336538461538461
0 0.3737980769230769 0.4254807692307692 0.09435096153846154 0.1006610576923077
0 0.5408653846153846 0.7920673076923077 0.07181490384615384 0.09915865384615384
0 0.46274038461538464 0.8197115384615384 0.11688701923076923 0.2551081730769231