2 0.21394230769230768 0.25961538461538464 0.37049278846153844 0.43209134615384615
2 0.21514423076923078 0.6298076923076923 0.36868990384615385 0.3467548076923077
2 0.4699519230769231 0.6346153846153846 0.19981971153846154 0.32602163461538464
2 0.6237980769230769 0.2608173076923077 0.4738581730769231 0.4206730769230769
2 0.9182692307692307 0.26322115384615385 0.1346153846153846 0.4110576923076923
2 0.8233173076923077 0.7199519230769231 0.30078125 0.4840745192307692
2 0.5853365384615384 0.8305288461538461 0.19501201923076922 0.2530048076923077
2 0.6141826923076923 0.5985576923076923 0.1123798076923077 0.23046875
1 0.037259615384615384 0.6694711538461539 0.022235576923076924 0.17578125
1 0.039663461538461536 0.32211538461538464 0.04026442307692308 0.13040865384615385
1 0.9711538461538461 0.7728365384615384 0.03756009615384615 0.17037259615384615
1 0.8617788461538461 0.2776442307692308 0.03545673076923077 0.11778846153846154
0 0.859375 0.3954326923076923 0.15114182692307693 0.12800480769230768
0 0.6983173076923077 0.5913461538461539 0.07061298076923077 0.07782451923076923
0 0.5276442307692307 0.5985576923076923 0.06911057692307693 0.09254807692307693
0 0.3605769230769231 0.65625 0.0772235576923077 0.0967548076923077
0 0.3581730769230769 0.41947115384615385 0.09164663461538461 0.09795673076923077
0 0.5192307692307693 0.7716346153846154 0.07301682692307693 0.09705528846153846
0 0.44471153846153844 0.7992788461538461 0.10486778846153846 0.24308894230769232