2 0.20192307692307693 0.2620192307692308 0.37560096153846156 0.43810096153846156
2 0.20432692307692307 0.6370192307692307 0.34194711538461536 0.3176081730769231
2 0.46153846153846156 0.640625 0.171875 0.3206129807692308
2 0.6165865384615384 0.26322115384615385 0.5159254807692307 0.47265625
2 0.9134615384615384 0.2644230769230769 0.16826923076923078 0.4176682692307692
2 0.8185096153846154 0.7271634615384616 0.31580528846153844 0.49759615384615385
2 0.578125 0.8401442307692307 0.18028846153846154 0.24519230769230768
2 0.6057692307692307 0.6045673076923077 0.14332932692307693 0.24308894230769232
1 0.02403846153846154 0.6766826923076923 0.038461538461538464 0.17938701923076922
1 0.027644230769230768 0.3245192307692308 0.04176682692307692 0.1310096153846154
1 0.9675480769230769 0.78125 0.041165865384615384 0.17217548076923078
1 0.8569711538461539 0.2800480769230769 0.04026442307692308 0.1180889423076923
0 0.8545673076923077 0.39903846153846156 0.15234375 0.1307091346153846
0 0.6911057692307693 0.5973557692307693 0.07481971153846154 0.08383413461538461
0 0.5204326923076923 0.6045673076923077 0.07692307692307693 0.09945913461538461
0 0.35096153846153844 0.6634615384615384 0.09104567307692307 0.10667067307692307
0 0.3485576923076923 0.42427884615384615 0.08713942307692307 0.09405048076923077
0 0.5108173076923077 0.7800480769230769 0.07692307692307693 0.10096153846153846
0 0.43509615384615385 0.8076923076923077 0.11598557692307693 0.24879807692307693