2 0.12980769230769232 0.20552884615384615 0.25961538461538464 0.25721153846153844
2 0.12860576923076922 0.41225961538461536 0.24699519230769232 0.18028846153846154
2 0.29447115384615385 0.18389423076923078 0.08473557692307693 0.17067307692307693
2 0.28966346153846156 0.3473557692307692 0.08173076923076923 0.10757211538461539
2 0.2932692307692308 0.453125 0.0907451923076923 0.08924278846153846
2 0.3870192307692308 0.3954326923076923 0.09555288461538461 0.19981971153846154
2 0.39302884615384615 0.19110576923076922 0.10366586538461539 0.19861778846153846
2 0.5180288461538461 0.20673076923076922 0.17037259615384615 0.23467548076923078
2 0.4855769230769231 0.3786057692307692 0.08743990384615384 0.10576923076923077
2 0.4879807692307692 0.47475961538461536 0.0868389423076923 0.07421875
2 0.6454326923076923 0.4387019230769231 0.21484375 0.2244591346153846
2 0.640625 0.7283653846153846 0.24669471153846154 0.38100961538461536
2 0.8485576923076923 0.8052884615384616 0.18239182692307693 0.23106971153846154
2 0.8461538461538461 0.5637019230769231 0.2169471153846154 0.26712740384615385
2 0.7848557692307693 0.375 0.08954326923076923 0.11117788461538461
2 0.8521634615384616 0.21394230769230768 0.2052283653846154 0.23467548076923078
2 0.8545673076923077 0.3786057692307692 0.060697115384615384 0.09375
2 0.9134615384615384 0.38341346153846156 0.05739182692307692 0.09795673076923077
2 0.6838942307692307 0.21153846153846154 0.13731971153846154 0.23497596153846154
1 0.15985576923076922 0.5036057692307693 0.1084735576923077 0.022235576923076924
1 0.3942307692307692 0.5084134615384616 0.061598557692307696 0.038461538461538464
1 0.30649038461538464 0.09495192307692307 0.055588942307692304 0.012319711538461538
1 0.3701923076923077 0.09735576923076923 0.057692307692307696 0.021334134615384616
1 0.5300480769230769 0.0985576923076923 0.08924278846153846 0.033052884615384616
1 0.6790865384615384 0.0985576923076923 0.08804086538461539 0.03365384615384615
1 0.8341346153846154 0.09615384615384616 0.08263221153846154 0.023137019230769232
1 0.9435096153846154 0.5384615384615384 0.03155048076923077 0.1346153846153846
1 0.9411057692307693 0.7596153846153846 0.022536057692307692 0.12049278846153846
1 0.5300480769230769 0.7259615384615384 0.06490384615384616 0.24939903846153846
0 0.08052884615384616 0.5276442307692307 0.050180288461538464 0.0694110576923077
0 0.3557692307692308 0.24158653846153846 0.046875 0.035757211538461536
0 0.36538461538461536 0.31490384615384615 0.04296875 0.061598557692307696
0 0.3557692307692308 0.3762019230769231 0.04837740384615385 0.05108173076923077
0 0.35216346153846156 0.4411057692307692 0.044771634615384616 0.05438701923076923
0 0.46153846153846156 0.359375 0.056490384615384616 0.06580528846153846
0 0.5180288461538461 0.36538461538461536 0.060697115384615384 0.06760817307692307
0 0.47475961538461536 0.4651442307692308 0.05618990384615385 0.0790264423076923
0 0.5709134615384616 0.3016826923076923 0.05498798076923077 0.08473557692307693
0 0.6490384615384616 0.29927884615384615 0.038461538461538464 0.08383413461538461
0 0.6081730769230769 0.3473557692307692 0.02013221153846154 0.02674278846153846
0 0.6478365384615384 0.41225961538461536 0.03545673076923077 0.05618990384615385
0 0.8040865384615384 0.30408653846153844 0.04146634615384615 0.060697115384615384
0 0.8173076923076923 0.37259615384615385 0.0390625 0.04447115384615385
0 0.9098557692307693 0.4579326923076923 0.04657451923076923 0.06460336538461539
0 0.8100961538461539 0.46875 0.04717548076923077 0.07692307692307693
0 0.7668269230769231 0.7259615384615384 0.05198317307692308 0.057692307692307696
0 0.9194711538461539 0.6598557692307693 0.036057692307692304 0.0703125