2 0.15625 0.20673076923076922 0.24939903846153846 0.2400841346153846
2 0.15745192307692307 0.40865384615384615 0.24729567307692307 0.19140625
2 0.31850961538461536 0.18509615384615385 0.10576923076923077 0.17247596153846154
2 0.3137019230769231 0.34375 0.08022836538461539 0.10486778846153846
2 0.3173076923076923 0.4483173076923077 0.08533653846153846 0.08383413461538461
2 0.40865384615384615 0.3918269230769231 0.0967548076923077 0.19621394230769232
2 0.41466346153846156 0.19230769230769232 0.1084735576923077 0.1974158653846154
2 0.5360576923076923 0.20793269230769232 0.16887019230769232 0.2283653846153846
2 0.5048076923076923 0.375 0.08082932692307693 0.09735576923076923
2 0.5072115384615384 0.46875 0.08623798076923077 0.07632211538461539
2 0.6598557692307693 0.4338942307692308 0.20402644230769232 0.21394230769230768
2 0.6550480769230769 0.7163461538461539 0.24729567307692307 0.3759014423076923
2 0.8581730769230769 0.7908653846153846 0.17307692307692307 0.2205528846153846
2 0.8557692307692307 0.5552884615384616 0.20612980769230768 0.25540865384615385
2 0.7956730769230769 0.3713942307692308 0.08143028846153846 0.10366586538461539
2 0.8617788461538461 0.21394230769230768 0.19981971153846154 0.2265625
2 0.8629807692307693 0.375 0.06280048076923077 0.09134615384615384
2 0.921875 0.3798076923076923 0.059495192307692304 0.09615384615384616
2 0.6983173076923077 0.21153846153846154 0.13731971153846154 0.23046875
1 0.1875 0.4963942307692308 0.10576923076923077 0.017127403846153848
1 0.41586538461538464 0.5012019230769231 0.06129807692307692 0.032151442307692304
1 0.33052884615384615 0.09735576923076923 0.055288461538461536 0.016526442307692308
1 0.3918269230769231 0.10096153846153846 0.056790865384615384 0.0234375
1 0.5480769230769231 0.10216346153846154 0.0868389423076923 0.04026442307692308
1 0.6935096153846154 0.10216346153846154 0.08864182692307693 0.020733173076923076
1 0.8449519230769231 0.09975961538461539 0.08383413461538461 0.017728365384615384
1 0.9507211538461539 0.53125 0.041165865384615384 0.12950721153846154
1 0.9483173076923077 0.7463942307692307 0.02403846153846154 0.11778846153846154
1 0.5480769230769231 0.7139423076923077 0.0625 0.24489182692307693
0 0.11057692307692307 0.5204326923076923 0.04326923076923077 0.0655048076923077
0 0.37740384615384615 0.24158653846153846 0.047475961538461536 0.038461538461538464
0 0.38822115384615385 0.3125 0.040865384615384616 0.05889423076923077
0 0.3786057692307692 0.37259615384615385 0.04567307692307692 0.047776442307692304
0 0.375 0.4362980769230769 0.0390625 0.049879807692307696
0 0.48197115384615385 0.35697115384615385 0.051382211538461536 0.06490384615384616
0 0.5360576923076923 0.3629807692307692 0.06280048076923077 0.07091346153846154
0 0.4951923076923077 0.45913461538461536 0.056490384615384616 0.07662259615384616
0 0.5877403846153846 0.3004807692307692 0.04146634615384615 0.0811298076923077
0 0.6646634615384616 0.2980769230769231 0.044771634615384616 0.08263221153846154
0 0.6237980769230769 0.3449519230769231 0.021634615384615384 0.02674278846153846
0 0.6622596153846154 0.40865384615384615 0.03365384615384615 0.053786057692307696
0 0.8149038461538461 0.30288461538461536 0.04807692307692308 0.06280048076923077
0 0.828125 0.3701923076923077 0.04176682692307692 0.04837740384615385
0 0.9170673076923077 0.453125 0.046274038461538464 0.0625
0 0.8209134615384616 0.46274038461538464 0.04567307692307692 0.07842548076923077
0 0.7788461538461539 0.7139423076923077 0.04326923076923077 0.052584134615384616
0 0.9278846153846154 0.6490384615384616 0.046875 0.07181490384615384