2 0.15504807692307693 0.21634615384615385 0.23317307692307693 0.22566105769230768
2 0.15625 0.4170673076923077 0.24969951923076922 0.19381009615384615
2 0.3173076923076923 0.1935096153846154 0.08533653846153846 0.1658653846153846
2 0.3125 0.35336538461538464 0.07602163461538461 0.10006009615384616
2 0.3173076923076923 0.4567307692307692 0.08533653846153846 0.08263221153846154
2 0.40865384615384615 0.40024038461538464 0.09134615384615384 0.19441105769230768
2 0.41346153846153844 0.20072115384615385 0.12890625 0.20042067307692307
2 0.5348557692307693 0.21634615384615385 0.17127403846153846 0.23016826923076922
2 0.5036057692307693 0.38461538461538464 0.0790264423076923 0.09735576923076923
2 0.5060096153846154 0.47836538461538464 0.0850360576923077 0.07271634615384616
2 0.6586538461538461 0.4423076923076923 0.22566105769230768 0.23497596153846154
2 0.6550480769230769 0.7247596153846154 0.25210336538461536 0.37710336538461536
2 0.8569711538461539 0.7992788461538461 0.17548076923076922 0.22295673076923078
2 0.8557692307692307 0.5649038461538461 0.21213942307692307 0.26021634615384615
2 0.7944711538461539 0.3798076923076923 0.08804086538461539 0.10606971153846154
2 0.8605769230769231 0.22355769230769232 0.18780048076923078 0.2169471153846154
2 0.8629807692307693 0.38461538461538464 0.06280048076923077 0.09194711538461539
2 0.9206730769230769 0.38822115384615385 0.057692307692307696 0.09435096153846154
2 0.6971153846153846 0.21995192307692307 0.13912259615384615 0.2286658653846154
1 0.1875 0.5060096153846154 0.10576923076923077 0.03155048076923077
1 0.41466346153846156 0.5108173076923077 0.059495192307692304 0.030348557692307692
1 0.33052884615384615 0.10697115384615384 0.055288461538461536 0.015925480769230768
1 0.3918269230769231 0.11057692307692307 0.05739182692307692 0.013822115384615384
1 0.546875 0.11057692307692307 0.0850360576923077 0.037259615384615384
1 0.6923076923076923 0.11177884615384616 0.0868389423076923 0.025540865384615384
1 0.84375 0.109375 0.08563701923076923 0.016526442307692308
1 0.9495192307692307 0.5396634615384616 0.042367788461538464 0.12830528846153846
1 0.9471153846153846 0.7560096153846154 0.014423076923076924 0.11778846153846154
1 0.546875 0.7223557692307693 0.060697115384615384 0.24729567307692307
0 0.109375 0.5300480769230769 0.04807692307692308 0.06911057692307693
0 0.37740384615384615 0.25 0.043870192307692304 0.03365384615384615
0 0.3870192307692308 0.32091346153846156 0.04266826923076923 0.059495192307692304
0 0.37740384615384615 0.38221153846153844 0.04266826923076923 0.043569711538461536
0 0.3737980769230769 0.44471153846153844 0.04326923076923077 0.052884615384615384
0 0.4807692307692308 0.36538461538461536 0.04417067307692308 0.05829326923076923
0 0.5348557692307693 0.3713942307692308 0.06400240384615384 0.06971153846153846
0 0.49399038461538464 0.4675480769230769 0.049879807692307696 0.07361778846153846
0 0.5865384615384616 0.3088942307692308 0.04927884615384615 0.08353365384615384
0 0.6634615384615384 0.30649038461538464 0.043569711538461536 0.08323317307692307
0 0.6225961538461539 0.35336538461538464 0.0234375 0.02794471153846154
0 0.6622596153846154 0.4170673076923077 0.03125 0.051382211538461536
0 0.8149038461538461 0.3112980769230769 0.04807692307692308 0.06460336538461539
0 0.8269230769230769 0.3786057692307692 0.03936298076923077 0.04657451923076923
0 0.9170673076923077 0.46153846153846156 0.040865384615384616 0.05889423076923077
0 0.8197115384615384 0.47115384615384615 0.04326923076923077 0.07602163461538461
0 0.7776442307692307 0.7223557692307693 0.04326923076923077 0.05078125
0 0.9266826923076923 0.6574519230769231 0.04026442307692308 0.07061298076923077