2 0.28365384615384615 0.17427884615384615 0.42758413461538464 0.30288461538461536
2 0.5540865384615384 0.1141826923076923 0.16075721153846154 0.16496394230769232
2 0.7283653846153846 0.16706730769230768 0.23677884615384615 0.2725360576923077
2 0.7235576923076923 0.43028846153846156 0.24909855769230768 0.28756009615384615
2 0.7259615384615384 0.6935096153846154 0.23527644230769232 0.27193509615384615
2 0.09375 0.4338942307692308 0.12860576923076922 0.23707932692307693
2 0.3245192307692308 0.43509615384615385 0.38521634615384615 0.31189903846153844
2 0.35096153846153844 0.6262019230769231 0.09224759615384616 0.11838942307692307
2 0.5048076923076923 0.6262019230769231 0.21724759615384615 0.12319711538461539
2 0.546875 0.38461538461538464 0.17518028846153846 0.38461538461538464
1 0.1971153846153846 0.037259615384615384 0.11658653846153846 0.03155048076923077
1 0.38822115384615385 0.037259615384615384 0.12980769230769232 0.021334134615384616
1 0.5432692307692307 0.039663461538461536 0.061598557692307696 0.022235576923076924
1 0.8389423076923077 0.1658653846153846 0.03936298076923077 0.140625
1 0.8317307692307693 0.4362980769230769 0.02794471153846154 0.14212740384615385
1 0.8341346153846154 0.6995192307692307 0.038161057692307696 0.13431490384615385
1 0.14903846153846154 0.46033653846153844 0.029447115384615384 0.15534855769230768
1 0.04447115384615385 0.4266826923076923 0.01622596153846154 0.2088341346153846
1 0.056490384615384616 0.5504807692307693 0.017728365384615384 0.013521634615384616
1 0.06009615384615385 0.31490384615384615 0.009314903846153846 0.005709134615384615
0 0.25841346153846156 0.26802884615384615 0.0625 0.08173076923076923
0 0.14302884615384615 0.35096153846153844 0.10907451923076923 0.05709134615384615
0 0.4098557692307692 0.6045673076923077 0.052884615384615384 0.04657451923076923
0 0.4495192307692308 0.6875 0.08143028846153846 0.1388221153846154
0 0.6418269230769231 0.6045673076923077 0.07151442307692307 0.07481971153846154
0 0.6454326923076923 0.5012019230769231 0.0703125 0.07692307692307693
0 0.6430288461538461 0.23557692307692307 0.0751201923076923 0.07271634615384616
0 0.5492788461538461 0.20552884615384615 0.0546875 0.0673076923076923
0 0.4963942307692308 0.21754807692307693 0.06430288461538461 0.06400240384615384