2 0.2824519230769231 0.17668269230769232 0.4167668269230769 0.29056490384615385
2 0.5516826923076923 0.11658653846153846 0.16346153846153846 0.1661658653846154
2 0.7247596153846154 0.16947115384615385 0.24188701923076922 0.27584134615384615
2 0.7211538461538461 0.43149038461538464 0.20733173076923078 0.25961538461538464
2 0.7223557692307693 0.6935096153846154 0.24699519230769232 0.27884615384615385
2 0.09375 0.43509615384615385 0.08743990384615384 0.22566105769230768
2 0.3233173076923077 0.43509615384615385 0.3620793269230769 0.265625
2 0.34975961538461536 0.6262019230769231 0.09344951923076923 0.11868990384615384
2 0.5036057692307693 0.625 0.22776442307692307 0.14483173076923078
2 0.5444711538461539 0.3858173076923077 0.15234375 0.3780048076923077
1 0.1971153846153846 0.039663461538461536 0.11568509615384616 0.036959134615384616
1 0.3870192307692308 0.040865384615384616 0.12860576923076922 0.04717548076923077
1 0.5408653846153846 0.042067307692307696 0.061899038461538464 0.016826923076923076
1 0.8353365384615384 0.16826923076923078 0.017127403846153848 0.14393028846153846
1 0.828125 0.4375 0.04176682692307692 0.1388221153846154
1 0.8305288461538461 0.6983173076923077 0.025540865384615384 0.1346153846153846
1 0.14903846153846154 0.46033653846153844 0.043870192307692304 0.15114182692307693
1 0.04567307692307692 0.4266826923076923 0.052884615384615384 0.20012019230769232
1 0.056490384615384616 0.5504807692307693 0.017127403846153848 0.009915865384615384
1 0.06009615384615385 0.3161057692307692 0.009314903846153846 0.006911057692307692
0 0.25841346153846156 0.2704326923076923 0.06009615384615385 0.07992788461538461
0 0.14302884615384615 0.35216346153846156 0.1084735576923077 0.052884615384615384
0 0.4074519230769231 0.6045673076923077 0.0546875 0.04957932692307692
0 0.44711538461538464 0.6862980769230769 0.08203125 0.13731971153846154
0 0.6382211538461539 0.6033653846153846 0.0703125 0.07602163461538461
0 0.6418269230769231 0.5012019230769231 0.06760817307692307 0.0751201923076923
0 0.6394230769230769 0.23677884615384615 0.06790865384615384 0.0673076923076923
0 0.546875 0.20673076923076922 0.045973557692307696 0.06219951923076923
0 0.49399038461538464 0.21995192307692307 0.06009615384615385 0.05979567307692308