2 0.2776442307692308 0.17427884615384615 0.4260817307692308 0.2959735576923077
2 0.5528846153846154 0.11298076923076923 0.16856971153846154 0.17217548076923078
2 0.7307692307692307 0.16826923076923078 0.2364783653846154 0.27403846153846156
2 0.7259615384615384 0.4338942307692308 0.2364783653846154 0.28185096153846156
2 0.7271634615384616 0.7019230769230769 0.2322716346153846 0.2704326923076923
2 0.08533653846153846 0.4375 0.09344951923076923 0.23106971153846154
2 0.31971153846153844 0.4387019230769231 0.38912259615384615 0.3097956730769231
2 0.3473557692307692 0.6334134615384616 0.11057692307692307 0.13191105769230768
2 0.5036057692307693 0.6322115384615384 0.2325721153846154 0.1484375
2 0.5456730769230769 0.3870192307692308 0.1775841346153846 0.3897235576923077
1 0.19110576923076922 0.03485576923076923 0.12259615384615384 0.021935096153846152
1 0.38461538461538464 0.036057692307692304 0.13040865384615385 0.04717548076923077
1 0.5420673076923077 0.037259615384615384 0.060396634615384616 0.012620192307692308
1 0.8425480769230769 0.1658653846153846 0.027043269230769232 0.1484375
1 0.8353365384615384 0.43990384615384615 0.04176682692307692 0.13972355769230768
1 0.8377403846153846 0.7067307692307693 0.032151442307692304 0.1385216346153846
1 0.14182692307692307 0.4651442307692308 0.03275240384615385 0.15594951923076922
1 0.036057692307692304 0.43028846153846156 0.015625 0.21123798076923078
1 0.04807692307692308 0.5552884615384616 0.01893028846153846 0.014423076923076924
1 0.051682692307692304 0.3173076923076923 0.007512019230769231 0.005108173076923077
0 0.2536057692307692 0.2704326923076923 0.059194711538461536 0.07962740384615384
0 0.13581730769230768 0.35336538461538464 0.11748798076923077 0.0712139423076923
0 0.40625 0.6117788461538461 0.05318509615384615 0.04807692307692308
0 0.44711538461538464 0.6959134615384616 0.08173076923076923 0.13731971153846154
0 0.6418269230769231 0.6105769230769231 0.06760817307692307 0.07211538461538461
0 0.6454326923076923 0.5060096153846154 0.06911057692307693 0.07481971153846154
0 0.6430288461538461 0.23677884615384615 0.07421875 0.07361778846153846
0 0.5492788461538461 0.20552884615384615 0.04807692307692308 0.0625
0 0.4951923076923077 0.21875 0.057992788461538464 0.054086538461538464