2 0.7536057692307693 0.14783653846153846 0.43930288461538464 0.17608173076923078
2 0.8978365384615384 0.3762019230769231 0.15594951923076922 0.26742788461538464
2 0.9170673076923077 0.5877403846153846 0.08864182692307693 0.12650240384615385
2 0.9014423076923077 0.7668269230769231 0.14993990384615385 0.21183894230769232
2 0.7536057692307693 0.7644230769230769 0.15685096153846154 0.21574519230769232
2 0.6069711538461539 0.9146634615384616 0.15174278846153846 0.10366586538461539
2 0.6045673076923077 0.7536057692307693 0.1661658653846154 0.22896634615384615
2 0.6538461538461539 0.7127403846153846 0.048978365384615384 0.11868990384615384
2 0.6598557692307693 0.8209134615384616 0.05498798076923077 0.07421875
2 0.6983173076923077 0.4483173076923077 0.3864182692307692 0.4495192307692308
2 0.4110576923076923 0.40625 0.17668269230769232 0.3425480769230769
2 0.42908653846153844 0.5060096153846154 0.10396634615384616 0.13942307692307693
2 0.41225961538461536 0.7223557692307693 0.14152644230769232 0.28575721153846156
2 0.27163461538461536 0.7572115384615384 0.17818509615384615 0.23978365384615385
2 0.18870192307692307 0.3737980769230769 0.3332331730769231 0.3097956730769231
2 0.24158653846153846 0.5841346153846154 0.20042067307692307 0.1201923076923077
2 0.08413461538461539 0.578125 0.09164663461538461 0.10366586538461539
2 0.055288461538461536 0.6730769230769231 0.03786057692307692 0.06280048076923077
2 0.10576923076923077 0.6754807692307693 0.05228365384615385 0.06670673076923077
2 0.11538461538461539 0.7548076923076923 0.1622596153846154 0.22175480769230768
1 0.1201923076923077 0.23918269230769232 0.13972355769230768 0.021334134615384616
1 0.27163461538461536 0.23317307692307693 0.12079326923076923 0.009915865384615384
1 0.41225961538461536 0.23798076923076922 0.10576923076923077 0.015024038461538462
1 0.5889423076923077 0.23798076923076922 0.10036057692307693 0.042067307692307696
1 0.7475961538461539 0.23677884615384615 0.14903846153846154 0.022536057692307692
1 0.8954326923076923 0.23798076923076922 0.14212740384615385 0.018629807692307692
1 0.9783653846153846 0.3173076923076923 0.02403846153846154 0.10546875
1 0.9771634615384616 0.4483173076923077 0.017728365384615384 0.11748798076923077
1 0.9759615384615384 0.5372596153846154 0.005108173076923077 0.021334134615384616
1 0.9771634615384616 0.7728365384615384 0.012319711538461538 0.18028846153846154
1 0.8978365384615384 0.8725961538461539 0.12259615384615384 0.034555288461538464
1 0.7524038461538461 0.8725961538461539 0.125 0.014423076923076924
1 0.5769230769230769 0.8689903846153846 0.09044471153846154 0.03545673076923077
1 0.4098557692307692 0.8701923076923077 0.11538461538461539 0.037259615384615384
1 0.27403846153846156 0.8725961538461539 0.11598557692307693 0.015024038461538462
1 0.0625 0.8689903846153846 0.038461538461538464 0.019230769230769232
0 0.6598557692307693 0.890625 0.04146634615384615 0.07061298076923077
0 0.6574519230769231 0.8004807692307693 0.04176682692307692 0.06310096153846154
0 0.8004807692307693 0.6838942307692307 0.042367788461538464 0.06580528846153846
0 0.8461538461538461 0.6826923076923077 0.029747596153846152 0.052884615384615384
0 0.8533653846153846 0.6262019230769231 0.04807692307692308 0.055288461538461536
0 0.8485576923076923 0.5012019230769231 0.03936298076923077 0.06400240384615384
0 0.6574519230769231 0.21634615384615385 0.03635817307692308 0.057692307692307696
0 0.3329326923076923 0.2824519230769231 0.041165865384615384 0.04657451923076923
0 0.1658653846153846 0.5360576923076923 0.038161057692307696 0.05859375
0 0.15264423076923078 0.5528846153846154 0.052884615384615384 0.0625
0 0.3317307692307692 0.6057692307692307 0.03876201923076923 0.04326923076923077
0 0.36778846153846156 0.4723557692307692 0.0390625 0.05048076923076923
0 0.21634615384615385 0.6622596153846154 0.03756009615384615 0.05588942307692308
0 0.17067307692307693 0.6598557692307693 0.04417067307692308 0.06881009615384616
0 0.14302884615384615 0.6814903846153846 0.030949519230769232 0.04807692307692308
0 0.057692307692307696 0.7199519230769231 0.029747596153846152 0.044771634615384616