2 0.75 0.13942307692307693 0.4519230769230769 0.20643028846153846
2 0.8966346153846154 0.3701923076923077 0.17848557692307693 0.28275240384615385
2 0.9158653846153846 0.5841346153846154 0.0967548076923077 0.13040865384615385
2 0.8990384615384616 0.765625 0.14903846153846154 0.2130408653846154
2 0.75 0.7632211538461539 0.1349158653846154 0.20402644230769232
2 0.6021634615384616 0.9146634615384616 0.15204326923076922 0.10096153846153846
2 0.5997596153846154 0.7524038461538461 0.16105769230769232 0.22716346153846154
2 0.6490384615384616 0.7115384615384616 0.06700721153846154 0.12379807692307693
2 0.6550480769230769 0.8197115384615384 0.055588942307692304 0.07241586538461539
2 0.6947115384615384 0.44350961538461536 0.3407451923076923 0.4167668269230769
2 0.4050480769230769 0.40024038461538464 0.18419471153846154 0.3488581730769231
2 0.421875 0.5012019230769231 0.11268028846153846 0.1427283653846154
2 0.4050480769230769 0.7199519230769231 0.18088942307692307 0.29627403846153844
2 0.26322115384615385 0.7548076923076923 0.15084134615384615 0.2265625
2 0.18028846153846154 0.36899038461538464 0.3308293269230769 0.3058894230769231
2 0.23317307692307693 0.5805288461538461 0.1974158653846154 0.1084735576923077
2 0.07451923076923077 0.5745192307692307 0.09975961538461539 0.109375
2 0.04447115384615385 0.6706730769230769 0.03545673076923077 0.0625
2 0.09495192307692307 0.6730769230769231 0.06099759615384615 0.07301682692307693
2 0.1045673076923077 0.7524038461538461 0.16646634615384615 0.2265625
1 0.11057692307692307 0.23197115384615385 0.14362980769230768 0.021935096153846152
1 0.26322115384615385 0.22596153846153846 0.12289663461538461 0.013521634615384616
1 0.4050480769230769 0.23076923076923078 0.10787259615384616 0.033052884615384616
1 0.5841346153846154 0.23076923076923078 0.10126201923076923 0.047475961538461536
1 0.7451923076923077 0.22956730769230768 0.15354567307692307 0.00811298076923077
1 0.8942307692307693 0.23076923076923078 0.14453125 0.024939903846153848
1 0.9771634615384616 0.3112980769230769 0.021033653846153848 0.10576923076923077
1 0.9759615384615384 0.44350961538461536 0.03395432692307692 0.11358173076923077
1 0.9747596153846154 0.5324519230769231 0.011117788461538462 0.021334134615384616
1 0.9759615384615384 0.7716346153846154 0.018329326923076924 0.18239182692307693
1 0.8954326923076923 0.8713942307692307 0.12770432692307693 0.007512019230769231
1 0.7487980769230769 0.8713942307692307 0.12349759615384616 0.036057692307692304
1 0.5721153846153846 0.8677884615384616 0.09104567307692307 0.019831730769230768
1 0.4026442307692308 0.8701923076923077 0.12169471153846154 0.0234375
1 0.265625 0.8713942307692307 0.11688701923076923 0.03545673076923077
1 0.051682692307692304 0.8689903846153846 0.036057692307692304 0.01622596153846154
0 0.6550480769230769 0.890625 0.038461538461538464 0.07001201923076923
0 0.6526442307692307 0.7992788461538461 0.036959134615384616 0.060697115384615384
0 0.796875 0.6814903846153846 0.04567307692307692 0.06911057692307693
0 0.84375 0.6802884615384616 0.03876201923076923 0.05739182692307692
0 0.8509615384615384 0.6237980769230769 0.0390625 0.05048076923076923
0 0.8461538461538461 0.4963942307692308 0.038461538461538464 0.06099759615384615
0 0.6526442307692307 0.2091346153846154 0.044771634615384616 0.06219951923076923
0 0.3245192307692308 0.27524038461538464 0.03876201923076923 0.045973557692307696
0 0.15745192307692307 0.53125 0.04146634615384615 0.061899038461538464
0 0.14302884615384615 0.5492788461538461 0.046274038461538464 0.05979567307692308
0 0.3233173076923077 0.6021634615384616 0.04026442307692308 0.04537259615384615
0 0.3605769230769231 0.4675480769230769 0.034555288461538464 0.046274038461538464
0 0.20673076923076922 0.6598557692307693 0.03756009615384615 0.05588942307692308
0 0.16105769230769232 0.6574519230769231 0.03936298076923077 0.06580528846153846
0 0.13341346153846154 0.6790865384615384 0.032151442307692304 0.04807692307692308
0 0.046875 0.7175480769230769 0.025540865384615384 0.04176682692307692