2 0.7548076923076923 0.14543269230769232 0.4519230769230769 0.2091346153846154
2 0.9002403846153846 0.3762019230769231 0.19411057692307693 0.28515625
2 0.9194711538461539 0.5889423076923077 0.0985576923076923 0.1307091346153846
2 0.9026442307692307 0.7680288461538461 0.16165865384615385 0.21875
2 0.7548076923076923 0.765625 0.16826923076923078 0.21935096153846154
2 0.6069711538461539 0.9158653846153846 0.14603365384615385 0.08623798076923077
2 0.6045673076923077 0.7548076923076923 0.1700721153846154 0.23167067307692307
2 0.6538461538461539 0.7139423076923077 0.06640625 0.12139423076923077
2 0.6598557692307693 0.8221153846153846 0.05438701923076923 0.07181490384615384
2 0.6995192307692307 0.4483173076923077 0.39393028846153844 0.4540264423076923
2 0.4110576923076923 0.40625 0.140625 0.34134615384615385
2 0.42788461538461536 0.5060096153846154 0.09134615384615384 0.13221153846153846
2 0.4110576923076923 0.7235576923076923 0.12950721153846154 0.28305288461538464
2 0.2704326923076923 0.7584134615384616 0.15234375 0.22926682692307693
2 0.1875 0.3737980769230769 0.32632211538461536 0.3004807692307692
2 0.2403846153846154 0.5841346153846154 0.21033653846153846 0.1388221153846154
2 0.08173076923076923 0.578125 0.10667067307692307 0.11748798076923077
2 0.051682692307692304 0.6730769230769231 0.03665865384615385 0.06310096153846154
2 0.10216346153846154 0.6766826923076923 0.04807692307692308 0.06520432692307693
2 0.11177884615384616 0.7560096153846154 0.1697716346153846 0.2286658653846154
1 0.11778846153846154 0.23798076923076922 0.14002403846153846 0.02013221153846154
1 0.2704326923076923 0.23197115384615385 0.11868990384615384 0.03635817307692308
1 0.4110576923076923 0.23677884615384615 0.10606971153846154 0.03125
1 0.5889423076923077 0.23677884615384615 0.1006610576923077 0.046274038461538464
1 0.7487980769230769 0.23557692307692307 0.15144230769230768 0.013521634615384616
1 0.8978365384615384 0.23677884615384615 0.14182692307692307 0.03365384615384615
1 0.9807692307692307 0.3161057692307692 0.030048076923076924 0.10276442307692307
1 0.9795673076923077 0.4483173076923077 0.017728365384615384 0.11778846153846154
1 0.9771634615384616 0.5372596153846154 0.006911057692307692 0.021334134615384616
1 0.9795673076923077 0.7740384615384616 0.012920673076923076 0.18239182692307693
1 0.8990384615384616 0.8737980769230769 0.12379807692307693 0.03155048076923077
1 0.7536057692307693 0.8737980769230769 0.1271033653846154 0.02403846153846154
1 0.5769230769230769 0.8701923076923077 0.09104567307692307 0.028245192307692308
1 0.40865384615384615 0.8713942307692307 0.11989182692307693 0.022235576923076924
1 0.27283653846153844 0.8737980769230769 0.11358173076923077 0.04026442307692308
1 0.05889423076923077 0.8713942307692307 0.036057692307692304 0.01622596153846154
0 0.6598557692307693 0.8930288461538461 0.04326923076923077 0.07061298076923077
0 0.6574519230769231 0.8016826923076923 0.045973557692307696 0.06430288461538461
0 0.8016826923076923 0.6838942307692307 0.04146634615384615 0.06580528846153846
0 0.8473557692307693 0.6838942307692307 0.03155048076923077 0.0546875
0 0.8545673076923077 0.6274038461538461 0.04146634615384615 0.05228365384615385
0 0.8497596153846154 0.5012019230769231 0.03545673076923077 0.05979567307692308
0 0.6574519230769231 0.21514423076923078 0.04056490384615385 0.060396634615384616
0 0.3317307692307692 0.28125 0.04717548076923077 0.052584134615384616
0 0.16466346153846154 0.5360576923076923 0.04146634615384615 0.061598557692307696
0 0.1502403846153846 0.5540865384615384 0.049879807692307696 0.06099759615384615
0 0.3293269230769231 0.6057692307692307 0.0390625 0.043569711538461536
0 0.36658653846153844 0.4723557692307692 0.038461538461538464 0.049879807692307696
0 0.21394230769230768 0.6622596153846154 0.03936298076923077 0.057692307692307696
0 0.16826923076923078 0.6610576923076923 0.03936298076923077 0.06640625
0 0.140625 0.6826923076923077 0.03515625 0.048677884615384616
0 0.055288461538461536 0.7199519230769231 0.029747596153846152 0.044771634615384616