2 0.3161057692307692 0.140625 0.42638221153846156 0.22746394230769232
2 0.3125 0.41947115384615385 0.4528245192307692 0.45462740384615385
2 0.4362980769230769 0.5420673076923077 0.16165865384615385 0.15384615384615385
2 0.2980769230769231 0.8040865384615384 0.3942307692307692 0.3918269230769231
2 0.4182692307692308 0.8665865384615384 0.17247596153846154 0.25180288461538464
2 0.6466346153846154 0.5444711538461539 0.2109375 0.16676682692307693
2 0.7956730769230769 0.5516826923076923 0.09645432692307693 0.12169471153846154
2 0.9014423076923077 0.5360576923076923 0.13010817307692307 0.16286057692307693
2 0.7487980769230769 0.44591346153846156 0.19381009615384615 0.14423076923076922
2 0.9026442307692307 0.421875 0.13251201923076922 0.08653846153846154
2 0.6057692307692307 0.4230769230769231 0.1102764423076923 0.09645432692307693
2 0.6514423076923077 0.29447115384615385 0.20643028846153846 0.17067307692307693
2 0.8509615384615384 0.29927884615384615 0.23948317307692307 0.19501201923076922
2 0.8473557692307693 0.18028846153846154 0.21634615384615385 0.07211538461538461
1 0.2091346153846154 0.21754807692307693 0.16376201923076922 0.04957932692307692
1 0.44350961538461536 0.21634615384615385 0.11778846153846154 0.03275240384615385
1 0.109375 0.30528846153846156 0.015925480769230768 0.07271634615384616
1 0.11177884615384616 0.4230769230769231 0.031850961538461536 0.05829326923076923
1 0.17427884615384615 0.6189903846153846 0.08864182692307693 0.03665865384615385
1 0.6610576923076923 0.6177884615384616 0.12049278846153846 0.025240384615384616
1 0.8112980769230769 0.6201923076923077 0.03635817307692308 0.013822115384615384
1 0.8918269230769231 0.6225961538461539 0.08623798076923077 0.025240384615384616
1 0.8882211538461539 0.21754807692307693 0.1201923076923077 0.030348557692307692
1 0.6622596153846154 0.21875 0.14693509615384615 0.02283653846153846
0 0.7992788461538461 0.36899038461538464 0.060396634615384616 0.05108173076923077
0 0.7764423076923077 0.203125 0.051682692307692304 0.05979567307692308
0 0.3269230769230769 0.203125 0.04837740384615385 0.045973557692307696
0 0.33774038461538464 0.5096153846153846 0.059495192307692304 0.04266826923076923
0 0.3798076923076923 0.44471153846153844 0.05859375 0.042067307692307696
0 0.3473557692307692 0.5709134615384616 0.0546875 0.039963942307692304
0 0.3161057692307692 0.6358173076923077 0.07211538461538461 0.05498798076923077
0 0.3870192307692308 0.7091346153846154 0.06129807692307692 0.042067307692307696
0 0.6370192307692307 0.45072115384615385 0.05318509615384615 0.04326923076923077
0 0.7259615384615384 0.49399038461538464 0.034555288461538464 0.04657451923076923
0 0.7860576923076923 0.5 0.05198317307692308 0.052884615384615384
0 0.8653846153846154 0.4879807692307692 0.061598557692307696 0.042067307692307696
0 0.44591346153846156 0.5516826923076923 0.06009615384615385 0.04957932692307692