2 0.30288461538461536 0.15625 0.4365985576923077 0.21183894230769232
2 0.2980769230769231 0.43990384615384615 0.46544471153846156 0.4621394230769231
2 0.42427884615384615 0.5649038461538461 0.15865384615384615 0.14903846153846154
2 0.2824519230769231 0.8040865384615384 0.43990384615384615 0.3918269230769231
2 0.4050480769230769 0.8822115384615384 0.17548076923076922 0.23557692307692307
2 0.6382211538461539 0.5673076923076923 0.21364182692307693 0.16917067307692307
2 0.7896634615384616 0.5745192307692307 0.11207932692307693 0.12980769230769232
2 0.8966346153846154 0.5576923076923077 0.125 0.16286057692307693
2 0.7427884615384616 0.4675480769230769 0.18239182692307693 0.12319711538461539
2 0.8990384615384616 0.4423076923076923 0.1385216346153846 0.09525240384615384
2 0.5961538461538461 0.44471153846153844 0.11929086538461539 0.1063701923076923
2 0.6430288461538461 0.3125 0.1971153846153846 0.15504807692307693
2 0.8449519230769231 0.3173076923076923 0.24278846153846154 0.20162259615384615
2 0.8425480769230769 0.1971153846153846 0.22385817307692307 0.10486778846153846
1 0.19230769230769232 0.234375 0.17307692307692307 0.017728365384615384
1 0.4326923076923077 0.234375 0.1201923076923077 0.039963942307692304
1 0.09134615384615384 0.3245192307692308 0.018329326923076924 0.07662259615384616
1 0.09375 0.44350961538461536 0.028245192307692308 0.060396634615384616
1 0.15745192307692307 0.6430288461538461 0.08954326923076923 0.03665865384615385
1 0.6526442307692307 0.6418269230769231 0.1201923076923077 0.03786057692307692
1 0.8052884615384616 0.6442307692307693 0.038461538461538464 0.014723557692307692
1 0.8870192307692307 0.6466346153846154 0.09014423076923077 0.028846153846153848
1 0.8846153846153846 0.234375 0.12439903846153846 0.03155048076923077
1 0.6538461538461539 0.23677884615384615 0.14513221153846154 0.049879807692307696
0 0.7932692307692307 0.38822115384615385 0.057992788461538464 0.05078125
0 0.7704326923076923 0.21995192307692307 0.04567307692307692 0.057692307692307696
0 0.3125 0.21995192307692307 0.052884615384615384 0.049879807692307696
0 0.3233173076923077 0.5324519230769231 0.059495192307692304 0.04146634615384615
0 0.36658653846153844 0.46634615384615385 0.06009615384615385 0.038461538461538464
0 0.33413461538461536 0.59375 0.053786057692307696 0.03876201923076923
0 0.3016826923076923 0.6598557692307693 0.07421875 0.055288461538461536
0 0.3737980769230769 0.734375 0.06400240384615384 0.044771634615384616
0 0.6274038461538461 0.47115384615384615 0.056790865384615384 0.04837740384615385
0 0.71875 0.515625 0.034555288461538464 0.04807692307692308
0 0.7800480769230769 0.5228365384615384 0.046274038461538464 0.04657451923076923
0 0.8605769230769231 0.5096153846153846 0.061899038461538464 0.039663461538461536
0 0.43509615384615385 0.5745192307692307 0.061598557692307696 0.04837740384615385