2 0.3004807692307692 0.1502403846153846 0.41947115384615385 0.21003605769230768
2 0.2956730769230769 0.42427884615384615 0.42908653846153844 0.4293870192307692
2 0.4182692307692308 0.5444711538461539 0.16766826923076922 0.16105769230769232
2 0.2824519230769231 0.8052884615384616 0.3819110576923077 0.3840144230769231
2 0.40024038461538464 0.8641826923076923 0.15384615384615385 0.24308894230769232
2 0.625 0.5480769230769231 0.19771634615384615 0.15354567307692307
2 0.7728365384615384 0.5552884615384616 0.10817307692307693 0.12590144230769232
2 0.8762019230769231 0.5384615384615384 0.1084735576923077 0.14483173076923078
2 0.7259615384615384 0.45072115384615385 0.19260817307692307 0.14753605769230768
2 0.8774038461538461 0.4266826923076923 0.13401442307692307 0.09344951923076923
2 0.5853365384615384 0.42788461538461536 0.1123798076923077 0.09735576923076923
2 0.6298076923076923 0.3016826923076923 0.20643028846153846 0.17487980769230768
2 0.8257211538461539 0.30649038461538464 0.22265625 0.17097355769230768
2 0.8233173076923077 0.18870192307692307 0.21875 0.10787259615384616
1 0.1935096153846154 0.22596153846153846 0.16135817307692307 0.04717548076923077
1 0.4254807692307692 0.2247596153846154 0.11568509615384616 0.03545673076923077
1 0.09615384615384616 0.3125 0.009915865384615384 0.07241586538461539
1 0.0985576923076923 0.42788461538461536 0.028245192307692308 0.057992788461538464
1 0.15985576923076922 0.6201923076923077 0.0889423076923077 0.023137019230769232
1 0.6394230769230769 0.6189903846153846 0.1162860576923077 0.031850961538461536
1 0.7872596153846154 0.6225961538461539 0.03635817307692308 0.015024038461538462
1 0.8665865384615384 0.625 0.08473557692307693 0.02403846153846154
1 0.8641826923076923 0.22596153846153846 0.11778846153846154 0.01532451923076923
1 0.640625 0.22716346153846154 0.1463341346153846 0.026442307692307692
0 0.7752403846153846 0.375 0.055288461538461536 0.046875
0 0.7536057692307693 0.21153846153846154 0.04176682692307692 0.05348557692307692
0 0.31009615384615385 0.21153846153846154 0.043870192307692304 0.042367788461538464
0 0.32091346153846156 0.5132211538461539 0.05618990384615385 0.039963942307692304
0 0.36177884615384615 0.4495192307692308 0.05979567307692308 0.042367788461538464
0 0.33052884615384615 0.5733173076923077 0.05438701923076923 0.04026442307692308
0 0.29927884615384615 0.6370192307692307 0.0694110576923077 0.052584134615384616
0 0.36899038461538464 0.7091346153846154 0.05979567307692308 0.043870192307692304
0 0.6153846153846154 0.4543269230769231 0.05348557692307692 0.047475961538461536
0 0.7043269230769231 0.49759615384615385 0.03245192307692308 0.043870192307692304
0 0.7632211538461539 0.5036057692307693 0.04326923076923077 0.04537259615384615
0 0.8401442307692307 0.49158653846153844 0.05979567307692308 0.041165865384615384
0 0.42788461538461536 0.5540865384615384 0.056790865384615384 0.045072115384615384