2 0.11778846153846154 0.31850961538461536 0.17698317307692307 0.5126201923076923
2 0.12259615384615384 0.671875 0.1063701923076923 0.16526442307692307
2 0.3629807692307692 0.2536057692307692 0.4266826923076923 0.41646634615384615
2 0.4675480769230769 0.59375 0.21454326923076922 0.32271634615384615
2 0.3137019230769231 0.5997596153846154 0.13671875 0.3043870192307692
2 0.21634615384615385 0.6418269230769231 0.1162860576923077 0.22205528846153846
2 0.21514423076923078 0.47716346153846156 0.08173076923076923 0.08864182692307693
2 0.6826923076923077 0.25 0.2208533653846154 0.38912259615384615
2 0.6850961538461539 0.4855769230769231 0.19651442307692307 0.1063701923076923
2 0.6826923076923077 0.6442307692307693 0.1932091346153846 0.203125
2 0.8112980769230769 0.48677884615384615 0.06099759615384615 0.08323317307692307
2 0.8725961538461539 0.5973557692307693 0.19170673076923078 0.3094951923076923
2 0.8737980769230769 0.2548076923076923 0.18900240384615385 0.3698918269230769
1 0.9627403846153846 0.18389423076923078 0.046274038461538464 0.1896033653846154
1 0.9663461538461539 0.5637019230769231 0.027644230769230768 0.18419471153846154
1 0.5540865384615384 0.171875 0.03545673076923077 0.18269230769230768
1 0.16947115384615385 0.19951923076923078 0.044771634615384616 0.18329326923076922
0 0.2764423076923077 0.5949519230769231 0.04296875 0.06520432692307693
0 0.1310096153846154 0.5612980769230769 0.049879807692307696 0.09344951923076923
0 0.15264423076923078 0.3545673076923077 0.06009615384615385 0.08954326923076923
0 0.3894230769230769 0.5757211538461539 0.06610576923076923 0.0850360576923077
0 0.39903846153846156 0.7512019230769231 0.07211538461538461 0.16105769230769232
0 0.8112980769230769 0.4098557692307692 0.049879807692307696 0.09134615384615384
0 0.8100961538461539 0.5733173076923077 0.04807692307692308 0.09405048076923077
0 0.7908653846153846 0.6382211538461539 0.04717548076923077 0.08473557692307693