2 0.09975961538461539 0.30528846153846156 0.11388221153846154 0.5228365384615384
2 0.1045673076923077 0.6646634615384616 0.0946514423076923 0.16165865384615385
2 0.34975961538461536 0.2403846153846154 0.41586538461538464 0.40775240384615385
2 0.45552884615384615 0.5853365384615384 0.19891826923076922 0.3206129807692308
2 0.29927884615384615 0.5913461538461539 0.15534855769230768 0.3115985576923077
2 0.20072115384615385 0.6334134615384616 0.11538461538461539 0.2244591346153846
2 0.19951923076923078 0.46634615384615385 0.08563701923076923 0.09134615384615384
2 0.6742788461538461 0.23677884615384615 0.25180288461538464 0.3975360576923077
2 0.6766826923076923 0.47596153846153844 0.20673076923076922 0.12980769230769232
2 0.6742788461538461 0.6358173076923077 0.21153846153846154 0.22325721153846154
2 0.8052884615384616 0.47716346153846156 0.06790865384615384 0.08653846153846154
2 0.8665865384615384 0.5889423076923077 0.22776442307692307 0.32752403846153844
2 0.8677884615384616 0.24158653846153846 0.20282451923076922 0.38221153846153844
1 0.9591346153846154 0.16947115384615385 0.023137019230769232 0.19891826923076922
1 0.9627403846153846 0.5552884615384616 0.04537259615384615 0.18239182692307693
1 0.5444711538461539 0.15745192307692307 0.03064903846153846 0.18599759615384615
1 0.15264423076923078 0.18509615384615385 0.017728365384615384 0.19230769230769232
0 0.2608173076923077 0.5877403846153846 0.052884615384615384 0.07211538461538461
0 0.11298076923076923 0.5528846153846154 0.04807692307692308 0.09555288461538461
0 0.13581730769230768 0.3425480769230769 0.05498798076923077 0.08864182692307693
0 0.3762019230769231 0.5673076923076923 0.055588942307692304 0.08233173076923077
0 0.3870192307692308 0.7451923076923077 0.04417067307692308 0.16346153846153846
0 0.8052884615384616 0.39903846153846156 0.054086538461538464 0.09525240384615384
0 0.8040865384615384 0.5637019230769231 0.06009615384615385 0.09795673076923077
0 0.7848557692307693 0.6310096153846154 0.05618990384615385 0.08924278846153846