2 0.10576923076923077 0.3112980769230769 0.15895432692307693 0.5111177884615384
2 0.11057692307692307 0.6610576923076923 0.10186298076923077 0.16256009615384615
2 0.3485576923076923 0.24759615384615385 0.3981370192307692 0.38912259615384615
2 0.4519230769230769 0.5841346153846154 0.20192307692307693 0.3176081730769231
2 0.29927884615384615 0.5901442307692307 0.11298076923076923 0.2965745192307692
2 0.203125 0.6322115384615384 0.1123798076923077 0.22025240384615385
2 0.20192307692307693 0.46875 0.08743990384615384 0.09194711538461539
2 0.6646634615384616 0.2439903846153846 0.20012019230769232 0.37650240384615385
2 0.6670673076923077 0.47716346153846156 0.20432692307692307 0.13792067307692307
2 0.6646634615384616 0.6334134615384616 0.20372596153846154 0.21424278846153846
2 0.7920673076923077 0.47836538461538464 0.06520432692307693 0.0829326923076923
2 0.8521634615384616 0.5877403846153846 0.20673076923076922 0.31460336538461536
2 0.8533653846153846 0.25 0.19200721153846154 0.3701923076923077
1 0.9411057692307693 0.17908653846153846 0.049879807692307696 0.1875
1 0.9459134615384616 0.5540865384615384 0.040865384615384616 0.17578125
1 0.5372596153846154 0.16706730769230768 0.022235576923076924 0.18419471153846154
1 0.15745192307692307 0.1935096153846154 0.039963942307692304 0.18449519230769232
0 0.2620192307692308 0.5865384615384616 0.053786057692307696 0.07241586538461539
0 0.11778846153846154 0.5516826923076923 0.053786057692307696 0.09435096153846154
0 0.13942307692307693 0.3473557692307692 0.0625 0.09134615384615384
0 0.3737980769230769 0.5661057692307693 0.055288461538461536 0.07992788461538461
0 0.38461538461538464 0.7403846153846154 0.06310096153846154 0.15925480769230768
0 0.7920673076923077 0.4026442307692308 0.050180288461538464 0.0928485576923077
0 0.7908653846153846 0.5637019230769231 0.053786057692307696 0.09435096153846154
0 0.7716346153846154 0.6286057692307693 0.05348557692307692 0.08804086538461539