2 0.5889423076923077 0.23317307692307693 0.7016225961538461 0.21724759615384615
2 0.7620192307692307 0.46274038461538464 0.3713942307692308 0.2998798076923077
2 0.34615384615384615 0.5649038461538461 0.546875 0.5519831730769231
2 0.59375 0.7608173076923077 0.27884615384615385 0.31971153846153844
2 0.2932692307692308 0.8641826923076923 0.38070913461538464 0.21334134615384615
1 0.6911057692307693 0.31490384615384615 0.16135817307692307 0.034254807692307696
1 0.31971153846153844 0.3173076923076923 0.1580528846153846 0.01953125
0 0.3545673076923077 0.953125 0.1658653846153846 0.09375
0 0.40384615384615385 0.8329326923076923 0.13040865384615385 0.07962740384615384
0 0.6322115384615384 0.5348557692307693 0.13040865384615385 0.0673076923076923
0 0.53125 0.7331730769230769 0.14873798076923078 0.08082932692307693
0 0.5012019230769231 0.28365384615384615 0.1328125 0.10126201923076923