2 0.5733173076923077 0.24158653846153846 0.6875 0.2725360576923077
2 0.7427884615384616 0.4675480769230769 0.36508413461538464 0.2917668269230769
2 0.33413461538461536 0.5685096153846154 0.5282451923076923 0.5321514423076923
2 0.5769230769230769 0.7608173076923077 0.2605168269230769 0.3055889423076923
2 0.28125 0.8629807692307693 0.3786057692307692 0.19290865384615385
1 0.6742788461538461 0.32211538461538464 0.15715144230769232 0.048677884615384616
1 0.3076923076923077 0.3233173076923077 0.15384615384615385 0.03635817307692308
0 0.3449519230769231 0.9519230769230769 0.1658653846153846 0.09615384615384616
0 0.390625 0.8317307692307693 0.13191105769230768 0.07151442307692307
0 0.6153846153846154 0.5384615384615384 0.13371394230769232 0.07241586538461539
0 0.515625 0.7331730769230769 0.15114182692307693 0.0967548076923077
0 0.4855769230769231 0.29086538461538464 0.13431490384615385 0.10516826923076923