2 0.5901442307692307 0.21153846153846154 0.7115384615384616 0.17427884615384615
2 0.7668269230769231 0.44591346153846156 0.3903245192307692 0.3200120192307692
2 0.3425480769230769 0.5504807692307693 0.5171274038461539 0.5240384615384616
2 0.5949519230769231 0.75 0.24759615384615385 0.29927884615384615
2 0.28846153846153844 0.8557692307692307 0.37950721153846156 0.14362980769230768
1 0.6959134615384616 0.29447115384615385 0.1658653846153846 0.03125
1 0.3161057692307692 0.2956730769230769 0.16075721153846154 0.023137019230769232
0 0.35336538461538464 0.9507211538461539 0.16826923076923078 0.0985576923076923
0 0.4014423076923077 0.8233173076923077 0.1349158653846154 0.07211538461538461
0 0.6358173076923077 0.5192307692307693 0.13671875 0.07602163461538461
0 0.53125 0.7211538461538461 0.15474759615384615 0.0967548076923077
0 0.5012019230769231 0.2620192307692308 0.13191105769230768 0.09585336538461539