2 0.4831730769230769 0.1310096153846154 0.34555288461538464 0.11207932692307693
2 0.30408653846153844 0.49399038461538464 0.5880408653846154 0.6875
2 0.6213942307692307 0.49278846153846156 0.24759615384615385 0.6066706730769231
2 0.8473557692307693 0.5949519230769231 0.30528846153846156 0.4831730769230769
2 0.8473557692307693 0.2608173076923077 0.2722355769230769 0.17307692307692307
2 0.4483173076923077 0.8954326923076923 0.45913461538461536 0.2091346153846154
0 0.4639423076923077 0.14783653846153846 0.07602163461538461 0.08443509615384616
0 0.6225961538461539 0.15384615384615385 0.09525240384615384 0.10126201923076923
0 0.7668269230769231 0.38221153846153844 0.0634014423076923 0.07782451923076923
0 0.3245192307692308 0.5084134615384616 0.0907451923076923 0.07962740384615384
0 0.19110576923076922 0.6057692307692307 0.07542067307692307 0.0625
0 0.38221153846153844 0.5853365384615384 0.06280048076923077 0.05979567307692308
0 0.49278846153846156 0.5709134615384616 0.048978365384615384 0.05498798076923077
0 0.5997596153846154 0.5204326923076923 0.07692307692307693 0.08443509615384616
0 0.5288461538461539 0.23076923076923078 0.0967548076923077 0.09134615384615384
0 0.5985576923076923 0.65625 0.07271634615384616 0.07151442307692307
0 0.2692307692307692 0.84375 0.07662259615384616 0.08233173076923077
1 0.44350961538461536 0.8257211538461539 0.1171875 0.04807692307692308
1 0.6141826923076923 0.8149038461538461 0.038461538461538464 0.01532451923076923
1 0.14783653846153846 0.8221153846153846 0.07481971153846154 0.028245192307692308
1 0.18509615384615385 0.17307692307692307 0.1875 0.030048076923076924
1 0.36538461538461536 0.1778846153846154 0.09645432692307693 0.034254807692307696
1 0.8365384615384616 0.16706730769230768 0.06850961538461539 0.02734375