2 0.4963942307692308 0.14182692307692307 0.35727163461538464 0.10576923076923077
2 0.3137019230769231 0.5180288461538461 0.6274038461538461 0.7331730769230769
2 0.6382211538461539 0.5180288461538461 0.23317307692307693 0.6364182692307693
2 0.8569711538461539 0.625 0.2860576923076923 0.5
2 0.8629807692307693 0.27524038461538464 0.27403846153846156 0.19951923076923078
2 0.45913461538461536 0.9134615384615384 0.47115384615384615 0.17307692307692307
0 0.47596153846153844 0.15985576923076922 0.06820913461538461 0.07962740384615384
0 0.6394230769230769 0.1658653846153846 0.09525240384615384 0.10126201923076923
0 0.7908653846153846 0.40384615384615385 0.07301682692307693 0.08563701923076923
0 0.33052884615384615 0.5348557692307693 0.08834134615384616 0.07481971153846154
0 0.1935096153846154 0.6346153846153846 0.07692307692307693 0.06310096153846154
0 0.390625 0.6141826923076923 0.07361778846153846 0.06881009615384616
0 0.5060096153846154 0.5985576923076923 0.049879807692307696 0.05348557692307692
0 0.6165865384615384 0.546875 0.08022836538461539 0.08864182692307693
0 0.5432692307692307 0.24639423076923078 0.09645432692307693 0.08984375
0 0.6153846153846154 0.6875 0.0859375 0.08143028846153846
0 0.27403846153846156 0.8822115384615384 0.0868389423076923 0.09134615384615384
1 0.4543269230769231 0.8629807692307693 0.12049278846153846 0.05739182692307692
1 0.6322115384615384 0.8533653846153846 0.03876201923076923 0.018629807692307692
1 0.1466346153846154 0.859375 0.08173076923076923 0.03155048076923077
1 0.18629807692307693 0.18629807692307693 0.19471153846153846 0.03545673076923077
1 0.37259615384615385 0.19110576923076922 0.10096153846153846 0.039963942307692304
1 0.8629807692307693 0.18028846153846154 0.07271634615384616 0.029447115384615384