2 0.47836538461538464 0.1310096153846154 0.34134615384615385 0.08864182692307693
2 0.2980769230769231 0.49399038461538464 0.5375600961538461 0.6508413461538461
2 0.6153846153846154 0.49399038461538464 0.13942307692307693 0.6078725961538461
2 0.8353365384615384 0.5961538461538461 0.3293269230769231 0.5
2 0.8413461538461539 0.2608173076923077 0.27944711538461536 0.1875
2 0.4423076923076923 0.8942307692307693 0.4567307692307692 0.21153846153846154
0 0.45913461538461536 0.14783653846153846 0.0712139423076923 0.08022836538461539
0 0.6165865384615384 0.15384615384615385 0.09344951923076923 0.10126201923076923
0 0.7620192307692307 0.38341346153846156 0.0634014423076923 0.07842548076923077
0 0.31850961538461536 0.5096153846153846 0.0889423076923077 0.0772235576923077
0 0.18629807692307693 0.6057692307692307 0.07842548076923077 0.06310096153846154
0 0.3762019230769231 0.5865384615384616 0.07361778846153846 0.06820913461538461
0 0.48677884615384615 0.5721153846153846 0.05078125 0.053786057692307696
0 0.5949519230769231 0.5204326923076923 0.0655048076923077 0.07542067307692307
0 0.5240384615384616 0.23197115384615385 0.09134615384615384 0.08473557692307693
0 0.5925480769230769 0.65625 0.08413461538461539 0.08173076923076923
0 0.26322115384615385 0.84375 0.08804086538461539 0.09134615384615384
1 0.4375 0.8257211538461539 0.11598557692307693 0.04326923076923077
1 0.609375 0.8161057692307693 0.038461538461538464 0.016526442307692308
1 0.14182692307692307 0.8233173076923077 0.0772235576923077 0.028846153846153848
1 0.17908653846153846 0.17307692307692307 0.1875 0.034254807692307696
1 0.359375 0.1778846153846154 0.09825721153846154 0.02403846153846154
1 0.8317307692307693 0.16826923076923078 0.06850961538461539 0.024939903846153848