2 0.5084134615384616 0.15144230769230768 0.45913461538461536 0.30288461538461536
2 0.33413461538461536 0.5204326923076923 0.5997596153846154 0.44921875
2 0.7992788461538461 0.5180288461538461 0.3674879807692308 0.43990384615384615
2 0.8605769230769231 0.8209134615384616 0.23497596153846154 0.19951923076923078
2 0.578125 0.8257211538461539 0.3620793269230769 0.22115384615384615
2 0.21995192307692307 0.8233173076923077 0.3485576923076923 0.18269230769230768
0 0.5288461538461539 0.29927884615384615 0.18389423076923078 0.1893028846153846
0 0.34975961538461536 0.8341346153846154 0.11538461538461539 0.07602163461538461
0 0.21033653846153846 0.9170673076923077 0.12980769230769232 0.16075721153846154
0 0.7043269230769231 0.7704326923076923 0.10576923076923077 0.0694110576923077
1 0.16826923076923078 0.3004807692307692 0.15775240384615385 0.04837740384615385
1 0.3918269230769231 0.3016826923076923 0.15775240384615385 0.06430288461538461
1 0.8557692307692307 0.296875 0.16856971153846154 0.05498798076923077