2 0.5024038461538461 0.1502403846153846 0.46153846153846156 0.3004807692307692
2 0.32572115384615385 0.5264423076923077 0.59765625 0.4378004807692308
2 0.796875 0.5240384615384616 0.3590745192307692 0.43810096153846156
2 0.8605769230769231 0.8317307692307693 0.22686298076923078 0.18689903846153846
2 0.5733173076923077 0.8365384615384616 0.35727163461538464 0.1935096153846154
2 0.21033653846153846 0.8341346153846154 0.3635817307692308 0.2109375
0 0.5228365384615384 0.3016826923076923 0.1856971153846154 0.19050480769230768
0 0.34134615384615385 0.8449519230769231 0.12379807692307693 0.08834134615384616
0 0.19951923076923078 0.921875 0.1346153846153846 0.15625
0 0.7007211538461539 0.7800480769230769 0.1084735576923077 0.07451923076923077
1 0.15745192307692307 0.30288461538461536 0.15655048076923078 0.057992788461538464
1 0.38461538461538464 0.30408653846153844 0.15895432692307693 0.03515625
1 0.8545673076923077 0.29927884615384615 0.17097355769230768 0.05979567307692308