2 0.484375 0.14302884615384615 0.47836538461538464 0.2860576923076923
2 0.3125 0.5132211538461539 0.625 0.49759615384615385
2 0.7896634615384616 0.5108173076923077 0.38731971153846156 0.4636418269230769
2 0.8545673076923077 0.8293269230769231 0.24729567307692307 0.21063701923076922
2 0.5564903846153846 0.8341346153846154 0.37650240384615385 0.22506009615384615
2 0.18629807692307693 0.8305288461538461 0.37259615384615385 0.24278846153846154
0 0.5048076923076923 0.28125 0.1935096153846154 0.19801682692307693
0 0.3173076923076923 0.84375 0.12890625 0.0907451923076923
0 0.16947115384615385 0.9194711538461539 0.15625 0.16105769230769232
0 0.6887019230769231 0.7764423076923077 0.10817307692307693 0.0673076923076923
1 0.12740384615384615 0.2824519230769231 0.16376201923076922 0.046274038461538464
1 0.36177884615384615 0.28365384615384615 0.1661658653846154 0.043870192307692304
1 0.8485576923076923 0.27884615384615385 0.1778846153846154 0.03365384615384615