2 0.5216346153846154 0.14903846153846154 0.7602163461538461 0.21995192307692307
2 0.5324519230769231 0.2848557692307692 0.7235576923076923 0.21424278846153846
2 0.515625 0.49158653846153844 0.7337740384615384 0.3584735576923077
2 0.265625 0.6790865384615384 0.2244591346153846 0.18599759615384615
2 0.26322115384615385 0.8064903846153846 0.21394230769230768 0.09375
2 0.7211538461538461 0.7403846153846154 0.29296875 0.2400841346153846
2 0.4699519230769231 0.8233173076923077 0.18900240384615385 0.06520432692307693
2 0.4735576923076923 0.7079326923076923 0.19681490384615385 0.17518028846153846
0 0.5432692307692307 0.3786057692307692 0.11959134615384616 0.09134615384615384
0 0.4182692307692308 0.6935096153846154 0.10126201923076923 0.0673076923076923
0 0.44711538461538464 0.7632211538461539 0.09555288461538461 0.07361778846153846
0 0.6430288461538461 0.6574519230769231 0.0985576923076923 0.07842548076923077
0 0.30408653846153844 0.7367788461538461 0.09405048076923077 0.07061298076923077
0 0.43990384615384615 0.8870192307692307 0.09615384615384616 0.08052884615384616
1 0.35336538461538464 0.35096153846153844 0.18269230769230768 0.023137019230769232
1 0.703125 0.35096153846153844 0.17127403846153846 0.03936298076923077
1 0.6826923076923077 0.8617788461538461 0.16766826923076922 0.06430288461538461
1 0.3161057692307692 0.8581730769230769 0.06490384615384616 0.033353365384615384
1 0.8846153846153846 0.5480769230769231 0.043870192307692304 0.043870192307692304