2 0.5264423076923077 0.1466346153846154 0.7596153846153846 0.2932692307692308
2 0.5372596153846154 0.28365384615384615 0.7370793269230769 0.13972355769230768
2 0.5204326923076923 0.49278846153846156 0.7451923076923077 0.3798076923076923
2 0.2668269230769231 0.6826923076923077 0.21123798076923078 0.16316105769230768
2 0.2644230769230769 0.8125 0.21995192307692307 0.10606971153846154
2 0.7295673076923077 0.7451923076923077 0.28064903846153844 0.22175480769230768
2 0.4735576923076923 0.8293269230769231 0.19200721153846154 0.07752403846153846
2 0.47716346153846156 0.7115384615384616 0.20042067307692307 0.1817908653846154
0 0.5492788461538461 0.3786057692307692 0.11328125 0.07962740384615384
0 0.421875 0.6983173076923077 0.10366586538461539 0.0673076923076923
0 0.4519230769230769 0.7680288461538461 0.09645432692307693 0.07211538461538461
0 0.6502403846153846 0.6610576923076923 0.1024639423076923 0.08173076923076923
0 0.30528846153846156 0.7415865384615384 0.09615384615384616 0.07361778846153846
0 0.44350961538461536 0.8942307692307693 0.09885817307692307 0.08203125
1 0.35697115384615385 0.35096153846153844 0.18509615384615385 0.02013221153846154
1 0.7103365384615384 0.35096153846153844 0.17487980769230768 0.03936298076923077
1 0.6899038461538461 0.8677884615384616 0.16887019230769232 0.034555288461538464
1 0.31850961538461536 0.8641826923076923 0.06580528846153846 0.031850961538461536
1 0.8942307692307693 0.5504807692307693 0.039663461538461536 0.04326923076923077