2 0.49278846153846156 0.12860576923076922 0.7932692307692307 0.25721153846153844
2 0.5048076923076923 0.2548076923076923 0.7587139423076923 0.2587139423076923
2 0.48677884615384615 0.47115384615384615 0.7755408653846154 0.40775240384615385
2 0.22355769230769232 0.6694711538461539 0.22716346153846154 0.18028846153846154
2 0.21995192307692307 0.8040865384615384 0.2244591346153846 0.0985576923076923
2 0.7043269230769231 0.734375 0.3115985576923077 0.2569110576923077
2 0.4387019230769231 0.8221153846153846 0.20012019230769232 0.08774038461538461
2 0.4423076923076923 0.6995192307692307 0.18780048076923078 0.15925480769230768
0 0.5168269230769231 0.35336538461538464 0.12109375 0.09044471153846154
0 0.38461538461538464 0.6850961538461539 0.11057692307692307 0.0733173076923077
0 0.41466346153846156 0.7584134615384616 0.09915865384615384 0.07211538461538461
0 0.6213942307692307 0.6466346153846154 0.09915865384615384 0.07632211538461539
0 0.26322115384615385 0.7307692307692307 0.09765625 0.0712139423076923
0 0.40625 0.8882211538461539 0.10516826923076923 0.08804086538461539
1 0.3161057692307692 0.3245192307692308 0.19230769230769232 0.028846153846153848
1 0.6838942307692307 0.3245192307692308 0.18058894230769232 0.02403846153846154
1 0.6634615384615384 0.8617788461538461 0.17818509615384615 0.0546875
1 0.2764423076923077 0.8581730769230769 0.06820913461538461 0.025240384615384616
1 0.875 0.5324519230769231 0.04927884615384615 0.05048076923076923