2 0.17908653846153846 0.140625 0.20432692307692307 0.28125
2 0.3641826923076923 0.33052884615384615 0.24759615384615385 0.6610576923076923
2 0.5228365384615384 0.20072115384615385 0.14182692307692307 0.4014423076923077
2 0.41466346153846156 0.7415865384615384 0.09795673076923077 0.16015625
2 0.32091346153846156 0.7415865384615384 0.09915865384615384 0.1463341346153846
2 0.18269230769230768 0.5456730769230769 0.17818509615384615 0.5147235576923077
2 0.19110576923076922 0.8966346153846154 0.20823317307692307 0.15895432692307693
2 0.04807692307692308 0.7584134615384616 0.09615384615384616 0.41586538461538464
2 0.7223557692307693 0.13581730769230768 0.18990384615384615 0.27163461538461536
2 0.8966346153846154 0.1971153846153846 0.20673076923076922 0.3942307692307692
2 0.9038461538461539 0.5949519230769231 0.19230769230769232 0.43028846153846156
2 0.7235576923076923 0.42427884615384615 0.22115384615384615 0.2998798076923077
2 0.7235576923076923 0.6887019230769231 0.21544471153846154 0.25721153846153844
1 0.0889423076923077 0.1310096153846154 0.023137019230769232 0.0751201923076923
1 0.46033653846153844 0.12620192307692307 0.04537259615384615 0.16075721153846154
1 0.45913461538461536 0.4963942307692308 0.014723557692307692 0.1661658653846154
1 0.46033653846153844 0.6983173076923077 0.014423076923076924 0.049879807692307696
1 0.31490384615384615 0.8209134615384616 0.025240384615384616 0.020733173076923076
1 0.14783653846153846 0.8197115384615384 0.04146634615384615 0.02794471153846154
1 0.6838942307692307 0.8173076923076923 0.036959134615384616 0.024639423076923076
1 0.8725961538461539 0.8149038461538461 0.03876201923076923 0.023137019230769232
1 0.6334134615384616 0.13221153846153846 0.025841346153846152 0.08082932692307693
1 0.6346153846153846 0.3329326923076923 0.010817307692307692 0.06971153846153846
1 0.6310096153846154 0.6478365384615384 0.021634615384615384 0.08323317307692307
0 0.24759615384615385 0.2548076923076923 0.05829326923076923 0.10486778846153846
0 0.47716346153846156 0.25600961538461536 0.06400240384615384 0.08653846153846154
0 0.35336538461538464 0.7776442307692307 0.05198317307692308 0.06881009615384616
0 0.25240384615384615 0.7692307692307693 0.056790865384615384 0.07602163461538461
0 0.2127403846153846 0.375 0.05048076923076923 0.08082932692307693
0 0.23197115384615385 0.8485576923076923 0.041165865384615384 0.10096153846153846
0 0.19230769230769232 0.5528846153846154 0.061598557692307696 0.0811298076923077
0 0.10336538461538461 0.9026442307692307 0.05348557692307692 0.07421875
0 0.7908653846153846 0.2548076923076923 0.047475961538461536 0.09645432692307693
0 0.8341346153846154 0.34375 0.057992788461538464 0.07782451923076923
0 0.8341346153846154 0.5024038461538461 0.06640625 0.08743990384615384
0 0.7560096153846154 0.45552884615384615 0.050180288461538464 0.07391826923076923
0 0.7932692307692307 0.5949519230769231 0.05318509615384615 0.09134615384615384