2 0.20072115384615385 0.15264423076923078 0.1796875 0.2770432692307692
2 0.3798076923076923 0.33533653846153844 0.18840144230769232 0.6520432692307693
2 0.5336538461538461 0.2091346153846154 0.1971153846153846 0.40414663461538464
2 0.4266826923076923 0.7403846153846154 0.0928485576923077 0.1541466346153846
2 0.33653846153846156 0.7415865384615384 0.09645432692307693 0.14182692307692307
2 0.203125 0.5504807692307693 0.2481971153846154 0.5141225961538461
2 0.21153846153846154 0.890625 0.20192307692307693 0.15384615384615385
2 0.06490384615384616 0.7584134615384616 0.09224759615384616 0.4020432692307692
2 0.7259615384615384 0.14783653846153846 0.18209134615384615 0.2761418269230769
2 0.9014423076923077 0.20432692307692307 0.1971153846153846 0.3942307692307692
2 0.8930288461538461 0.5985576923076923 0.21394230769230768 0.4182692307692308
2 0.7259615384615384 0.4338942307692308 0.20252403846153846 0.28515625
2 0.7259615384615384 0.6899038461538461 0.1875 0.2361778846153846
1 0.11177884615384616 0.14903846153846154 0.019230769230769232 0.07572115384615384
1 0.4723557692307692 0.14423076923076922 0.022235576923076924 0.15865384615384615
1 0.4699519230769231 0.5036057692307693 0.03365384615384615 0.15655048076923078
1 0.47115384615384615 0.6995192307692307 0.009014423076923076 0.04837740384615385
1 0.33052884615384615 0.8173076923076923 0.02674278846153846 0.018329326923076924
1 0.16826923076923078 0.8161057692307693 0.03936298076923077 0.025540865384615384
1 0.016826923076923076 0.8641826923076923 0.015625 0.05498798076923077
1 0.6875 0.8137019230769231 0.038461538461538464 0.025841346153846152
1 0.8701923076923077 0.8125 0.0390625 0.02013221153846154
1 0.9963942307692307 0.6382211538461539 0.007211538461538462 0.06009615384615385
1 0.9927884615384616 0.5072115384615384 0.014423076923076924 0.0625
1 0.9939903846153846 0.3269230769230769 0.01201923076923077 0.04326923076923077
1 0.9927884615384616 0.18269230769230768 0.014423076923076924 0.16346153846153846
1 0.6382211538461539 0.1502403846153846 0.019230769230769232 0.07692307692307693
1 0.6394230769230769 0.3449519230769231 0.010817307692307692 0.0694110576923077
1 0.6370192307692307 0.6502403846153846 0.023737980769230768 0.07842548076923077
0 0.265625 0.2692307692307692 0.057692307692307696 0.1006610576923077
0 0.4879807692307692 0.2704326923076923 0.0634014423076923 0.08473557692307693
0 0.36778846153846156 0.7764423076923077 0.05348557692307692 0.06790865384615384
0 0.2704326923076923 0.7668269230769231 0.06009615384615385 0.0772235576923077
0 0.23197115384615385 0.3858173076923077 0.05078125 0.07842548076923077
0 0.25 0.84375 0.04266826923076923 0.10096153846153846
0 0.21153846153846154 0.5576923076923077 0.05709134615384615 0.07632211538461539
0 0.12620192307692307 0.8966346153846154 0.059194711538461536 0.07301682692307693
0 0.7920673076923077 0.2692307692307692 0.050180288461538464 0.09525240384615384
0 0.8341346153846154 0.3557692307692308 0.06370192307692307 0.08082932692307693
0 0.8341346153846154 0.5096153846153846 0.052884615384615384 0.08143028846153846
0 0.7572115384615384 0.4639423076923077 0.05348557692307692 0.07211538461538461
0 0.7944711538461539 0.5997596153846154 0.0673076923076923 0.09435096153846154