2 0.16466346153846154 0.13701923076923078 0.18990384615384615 0.27403846153846156
2 0.34975961538461536 0.3269230769230769 0.19471153846153846 0.6538461538461539
2 0.5108173076923077 0.19951923076923078 0.1466346153846154 0.39903846153846156
2 0.4014423076923077 0.7391826923076923 0.09194711538461539 0.15865384615384615
2 0.3076923076923077 0.7391826923076923 0.1063701923076923 0.15084134615384615
2 0.16826923076923078 0.5420673076923077 0.2361778846153846 0.5309495192307693
2 0.1778846153846154 0.8954326923076923 0.20673076923076922 0.15685096153846154
2 0.036057692307692304 0.7560096153846154 0.07211538461538461 0.41586538461538464
2 0.7103365384615384 0.13822115384615385 0.22355769230769232 0.2764423076923077
2 0.8942307692307693 0.19471153846153846 0.21153846153846154 0.3894230769230769
2 0.8954326923076923 0.59375 0.2091346153846154 0.4326923076923077
2 0.7115384615384616 0.4206730769230769 0.22986778846153846 0.30258413461538464
2 0.7115384615384616 0.6862980769230769 0.18659855769230768 0.23828125
1 0.07451923076923077 0.125 0.018329326923076924 0.0772235576923077
1 0.4483173076923077 0.1201923076923077 0.032151442307692304 0.16256009615384615
1 0.44591346153846156 0.49278846153846156 0.041165865384615384 0.16286057692307693
1 0.4483173076923077 0.6959134615384616 0.007211538461538462 0.05048076923076923
1 0.3016826923076923 0.8185096153846154 0.026442307692307692 0.016526442307692308
1 0.13221153846153846 0.8173076923076923 0.043870192307692304 0.029747596153846152
1 0.671875 0.8149038461538461 0.036959134615384616 0.0234375
1 0.8617788461538461 0.8137019230769231 0.040865384615384616 0.017127403846153848
1 0.9927884615384616 0.6334134615384616 0.014423076923076924 0.06009615384615385
1 0.9939903846153846 0.49759615384615385 0.01201923076923077 0.0673076923076923
1 0.9927884615384616 0.31009615384615385 0.014423076923076924 0.04807692307692308
1 0.984375 0.15985576923076922 0.03125 0.1658653846153846
1 0.6213942307692307 0.12620192307692307 0.025841346153846152 0.0790264423076923
1 0.6225961538461539 0.3293269230769231 0.028245192307692308 0.0712139423076923
1 0.6201923076923077 0.6454326923076923 0.020432692307692308 0.08323317307692307
0 0.23317307692307693 0.25 0.06310096153846154 0.10576923076923077
0 0.4639423076923077 0.2512019230769231 0.05739182692307692 0.08413461538461539
0 0.3401442307692308 0.7764423076923077 0.05438701923076923 0.06760817307692307
0 0.23798076923076922 0.7668269230769231 0.0625 0.08052884615384616
0 0.19951923076923078 0.3713942307692308 0.04417067307692308 0.07481971153846154
0 0.21754807692307693 0.8461538461538461 0.055288461538461536 0.10546875
0 0.1778846153846154 0.5492788461538461 0.053786057692307696 0.0751201923076923
0 0.0889423076923077 0.9014423076923077 0.061899038461538464 0.0772235576923077
0 0.7800480769230769 0.25 0.04807692307692308 0.09645432692307693
0 0.8233173076923077 0.3401442307692308 0.06520432692307693 0.08022836538461539
0 0.8233173076923077 0.4987980769230769 0.0546875 0.08383413461538461
0 0.7439903846153846 0.4519230769230769 0.045973557692307696 0.07151442307692307
0 0.7824519230769231 0.5925480769230769 0.05588942307692308 0.09405048076923077