2 0.5240384615384616 0.29086538461538464 0.5961538461538461 0.5817307692307693
2 0.7331730769230769 0.2692307692307692 0.09645432692307693 0.21183894230769232
2 0.7331730769230769 0.09014423076923077 0.10606971153846154 0.1268028846153846
0 0.2668269230769231 0.7199519230769231 0.14513221153846154 0.34134615384615385
0 0.5108173076923077 0.71875 0.38731971153846156 0.36478365384615385
1 0.25721153846153844 0.3317307692307692 0.03936298076923077 0.2683293269230769
1 0.5721153846153846 0.025240384615384616 0.10576923076923077 0.026141826923076924
1 0.23317307692307693 0.8942307692307693 0.029447115384615384 0.01953125
1 0.234375 0.5516826923076923 0.03155048076923077 0.017427884615384616
0 0.609375 0.5865384615384616 0.0655048076923077 0.10006009615384616
0 0.7259615384615384 0.5841346153846154 0.07662259615384616 0.10606971153846154
0 0.32572115384615385 0.6262019230769231 0.16015625 0.11298076923076923
0 0.71875 0.41466346153846156 0.06640625 0.0985576923076923
0 0.7067307692307693 0.18509615384615385 0.05709134615384615 0.07301682692307693
0 0.7379807692307693 0.16466346153846154 0.0234375 0.026141826923076924