2 0.5492788461538461 0.30408653846153844 0.6370192307692307 0.6081730769230769
2 0.7704326923076923 0.27403846153846156 0.10306490384615384 0.22626201923076922
2 0.7704326923076923 0.08533653846153846 0.12770432692307693 0.1466346153846154
0 0.2776442307692308 0.75 0.17127403846153846 0.3641826923076923
0 0.5348557692307693 0.7487980769230769 0.3909254807692308 0.36268028846153844
1 0.26802884615384615 0.3401442307692308 0.026141826923076924 0.2854567307692308
1 0.6009615384615384 0.016826923076923076 0.11087740384615384 0.028245192307692308
1 0.24278846153846154 0.9350961538461539 0.029146634615384616 0.018629807692307692
1 0.2439903846153846 0.5721153846153846 0.03125 0.018028846153846152
0 0.6394230769230769 0.609375 0.07602163461538461 0.10817307692307693
0 0.7620192307692307 0.6069711538461539 0.07752403846153846 0.11268028846153846
0 0.3401442307692308 0.6514423076923077 0.16826923076923078 0.11929086538461539
0 0.7548076923076923 0.42788461538461536 0.0673076923076923 0.10096153846153846
0 0.7415865384615384 0.18509615384615385 0.04807692307692308 0.07211538461538461
0 0.7740384615384616 0.16346153846153846 0.024939903846153848 0.029146634615384616