2 0.5216346153846154 0.296875 0.6394230769230769 0.59375
2 0.7403846153846154 0.25961538461538464 0.10486778846153846 0.22235576923076922
2 0.7403846153846154 0.07211538461538461 0.1162860576923077 0.13551682692307693
0 0.25 0.7319711538461539 0.16346153846153846 0.35877403846153844
0 0.5060096153846154 0.7319711538461539 0.3915264423076923 0.36328125
1 0.2403846153846154 0.32572115384615385 0.05318509615384615 0.2803485576923077
1 0.5697115384615384 0.008413461538461538 0.11057692307692307 0.016826923076923076
1 0.21514423076923078 0.9158653846153846 0.030949519230769232 0.015024038461538462
1 0.21634615384615385 0.5552884615384616 0.029447115384615384 0.015024038461538462
0 0.6105769230769231 0.5925480769230769 0.07301682692307693 0.10727163461538461
0 0.7319711538461539 0.5901442307692307 0.0850360576923077 0.11688701923076923
0 0.3125 0.6346153846153846 0.1622596153846154 0.10576923076923077
0 0.7247596153846154 0.41225961538461536 0.06520432692307693 0.10096153846153846
0 0.7115384615384616 0.171875 0.05709134615384615 0.07692307692307693
0 0.7439903846153846 0.14903846153846154 0.026141826923076924 0.029447115384615384