2 0.3137019230769231 0.078125 0.5264423076923077 0.15625
2 0.4963942307692308 0.2848557692307692 0.8912259615384616 0.40084134615384615
2 0.6899038461538461 0.5901442307692307 0.5712139423076923 0.4639423076923077
2 0.7680288461538461 0.6430288461538461 0.3623798076923077 0.28846153846153844
2 0.49759615384615385 0.8545673076923077 0.9375 0.29086538461538464
2 0.23798076923076922 0.6802884615384616 0.39513221153846156 0.23497596153846154
2 0.23677884615384615 0.46875 0.4020432692307692 0.24459134615384615
1 0.7740384615384616 0.7860576923076923 0.17337740384615385 0.025240384615384616
1 0.24278846153846154 0.7896634615384616 0.19651442307692307 0.03155048076923077
1 0.30408653846153844 0.15745192307692307 0.20943509615384615 0.05048076923076923
1 0.703125 0.1466346153846154 0.2091346153846154 0.034555288461538464
0 0.5144230769230769 0.12860576923076922 0.12560096153846154 0.07872596153846154
0 0.49158653846153844 0.44591346153846156 0.13161057692307693 0.07361778846153846
0 0.24158653846153846 0.44591346153846156 0.2049278846153846 0.10576923076923077
0 0.3942307692307692 0.6165865384615384 0.13551682692307693 0.06911057692307693
0 0.6370192307692307 0.6274038461538461 0.09975961538461539 0.17878605769230768
0 0.5180288461538461 0.6790865384615384 0.1123798076923077 0.07061298076923077
0 0.5276442307692307 0.8197115384615384 0.12169471153846154 0.10216346153846154