2 0.3125 0.08533653846153846 0.5240384615384616 0.17067307692307693
2 0.49278846153846156 0.27884615384615385 0.8891225961538461 0.37109375
2 0.6850961538461539 0.5829326923076923 0.5432692307692307 0.4110576923076923
2 0.7620192307692307 0.6358173076923077 0.36959134615384615 0.30919471153846156
2 0.49399038461538464 0.8689903846153846 0.9350961538461539 0.2620192307692308
2 0.23557692307692307 0.6730769230769231 0.3987379807692308 0.25931490384615385
2 0.234375 0.46274038461538464 0.41165865384615385 0.27133413461538464
1 0.7692307692307693 0.7776442307692307 0.17307692307692307 0.031850961538461536
1 0.24158653846153846 0.78125 0.19381009615384615 0.056790865384615384
1 0.3016826923076923 0.15264423076923078 0.21153846153846154 0.021033653846153848
1 0.6983173076923077 0.140625 0.20673076923076922 0.03155048076923077
0 0.5108173076923077 0.12379807692307693 0.12289663461538461 0.07421875
0 0.4879807692307692 0.43990384615384615 0.1307091346153846 0.08052884615384616
0 0.2403846153846154 0.4387019230769231 0.20582932692307693 0.10336538461538461
0 0.3918269230769231 0.609375 0.13822115384615385 0.07061298076923077
0 0.6322115384615384 0.6201923076923077 0.11147836538461539 0.18209134615384615
0 0.5144230769230769 0.671875 0.11448317307692307 0.07992788461538461
0 0.5240384615384616 0.8112980769230769 0.11057692307692307 0.08984375