2 0.3016826923076923 0.06610576923076923 0.5408653846153846 0.13221153846153846
2 0.49038461538461536 0.25600961538461536 0.9122596153846154 0.43900240384615385
2 0.6899038461538461 0.5721153846153846 0.5808293269230769 0.4561298076923077
2 0.7704326923076923 0.6262019230769231 0.3828125 0.31881009615384615
2 0.49158653846153844 0.8497596153846154 0.9639423076923077 0.3004807692307692
2 0.22355769230769232 0.6646634615384616 0.40955528846153844 0.25150240384615385
2 0.22235576923076922 0.44591346153846156 0.43028846153846156 0.29146634615384615
1 0.7764423076923077 0.7740384615384616 0.17818509615384615 0.024338942307692308
1 0.22956730769230768 0.7776442307692307 0.19981971153846154 0.03635817307692308
1 0.2920673076923077 0.125 0.21784855769230768 0.046875
1 0.703125 0.11298076923076923 0.21424278846153846 0.033052884615384616
0 0.5084134615384616 0.09495192307692307 0.13131009615384615 0.0850360576923077
0 0.4855769230769231 0.4230769230769231 0.13551682692307693 0.08173076923076923
0 0.2283653846153846 0.421875 0.20763221153846154 0.07391826923076923
0 0.3858173076923077 0.5997596153846154 0.14423076923076922 0.08022836538461539
0 0.6358173076923077 0.6105769230769231 0.11057692307692307 0.18719951923076922
0 0.5132211538461539 0.6634615384615384 0.11838942307692307 0.08533653846153846
0 0.5228365384615384 0.8088942307692307 0.12349759615384616 0.10757211538461539