2 0.49278846153846156 0.16947115384615385 0.2785456730769231 0.1893028846153846
2 0.49038461538461536 0.4423076923076923 0.3134014423076923 0.3753004807692308
2 0.5673076923076923 0.6430288461538461 0.15895432692307693 0.2566105769230769
2 0.42908653846153844 0.7512019230769231 0.16165865384615385 0.2725360576923077
2 0.5697115384615384 0.8245192307692307 0.12860576923076922 0.12439903846153846
2 0.5564903846153846 0.9459134615384616 0.10336538461538461 0.10817307692307693
2 0.16466346153846154 0.3870192307692308 0.27734375 0.2403846153846154
2 0.16105769230769232 0.578125 0.2839543269230769 0.13792067307692307
2 0.0625 0.6971153846153846 0.1015625 0.12049278846153846
2 0.06370192307692307 0.8221153846153846 0.09405048076923077 0.1240985576923077
2 0.1466346153846154 0.8245192307692307 0.08052884615384616 0.11568509615384616
2 0.17427884615384615 0.7007211538461539 0.1271033653846154 0.1123798076923077
2 0.24158653846153846 0.7632211538461539 0.11748798076923077 0.23858173076923078
2 0.8425480769230769 0.3870192307692308 0.31430288461538464 0.27403846153846156
2 0.7668269230769231 0.5733173076923077 0.12469951923076923 0.1201923076923077
2 0.9050480769230769 0.5733173076923077 0.14693509615384615 0.13641826923076922
2 0.9194711538461539 0.7668269230769231 0.13701923076923078 0.24519230769230768
2 0.7848557692307693 0.765625 0.1700721153846154 0.2566105769230769
1 0.9158653846153846 0.8942307692307693 0.07151442307692307 0.014723557692307692
1 0.7704326923076923 0.8930288461538461 0.07211538461538461 0.03125
1 0.7800480769230769 0.2692307692307692 0.10306490384615384 0.029747596153846152
1 0.9278846153846154 0.2692307692307692 0.05318509615384615 0.029447115384615384
1 0.4338942307692308 0.27163461538461536 0.09885817307692307 0.03365384615384615
1 0.5793269230769231 0.27163461538461536 0.038461538461538464 0.02403846153846154
1 0.4182692307692308 0.8954326923076923 0.07241586538461539 0.03545673076923077
1 0.5552884615384616 0.8918269230769231 0.07181490384615384 0.01953125
1 0.23076923076923078 0.8954326923076923 0.07211538461538461 0.017728365384615384
1 0.07692307692307693 0.8942307692307693 0.047776442307692304 0.014122596153846154
0 0.2668269230769231 0.4963942307692308 0.054086538461538464 0.07992788461538461
0 0.07091346153846154 0.7379807692307693 0.044771634615384616 0.057692307692307696
0 0.125 0.6730769230769231 0.052884615384615384 0.0625