2 0.5096153846153846 0.16706730769230768 0.2890625 0.21394230769230768
2 0.5072115384615384 0.4362980769230769 0.2839543269230769 0.3527644230769231
2 0.5829326923076923 0.6334134615384616 0.1619591346153846 0.25210336538461536
2 0.44711538461538464 0.7391826923076923 0.15474759615384615 0.2665264423076923
2 0.5853365384615384 0.8125 0.125 0.12439903846153846
2 0.5733173076923077 0.9350961538461539 0.1084735576923077 0.11959134615384616
2 0.18629807692307693 0.38100961538461536 0.27584134615384615 0.23707932692307693
2 0.18269230769230768 0.5697115384615384 0.27794471153846156 0.12950721153846154
2 0.08533653846153846 0.6862980769230769 0.09945913461538461 0.11838942307692307
2 0.08653846153846154 0.8088942307692307 0.10036057692307693 0.12349759615384616
2 0.16826923076923078 0.8112980769230769 0.07301682692307693 0.11268028846153846
2 0.19591346153846154 0.6899038461538461 0.11748798076923077 0.10036057692307693
2 0.26322115384615385 0.7512019230769231 0.14753605769230768 0.24669471153846154
2 0.8509615384615384 0.38100961538461536 0.2980769230769231 0.2620192307692308
2 0.7788461538461539 0.5649038461538461 0.12530048076923078 0.11959134615384616
2 0.9146634615384616 0.5649038461538461 0.14092548076923078 0.125
2 0.9266826923076923 0.7548076923076923 0.1466346153846154 0.24519230769230768
2 0.796875 0.7536057692307693 0.16646634615384615 0.25180288461538464
1 0.9254807692307693 0.8810096153846154 0.06760817307692307 0.020733173076923076
1 0.7824519230769231 0.8786057692307693 0.07001201923076923 0.021033653846153848
1 0.7920673076923077 0.265625 0.09915865384615384 0.032151442307692304
1 0.9375 0.265625 0.04927884615384615 0.026442307692307692
1 0.4519230769230769 0.26802884615384615 0.09645432692307693 0.02403846153846154
1 0.5949519230769231 0.26802884615384615 0.04026442307692308 0.02403846153846154
1 0.4362980769230769 0.8822115384615384 0.0703125 0.028245192307692308
1 0.5709134615384616 0.8774038461538461 0.06911057692307693 0.028545673076923076
1 0.2512019230769231 0.8822115384615384 0.07001201923076923 0.023737980769230768
1 0.09975961538461539 0.8798076923076923 0.04567307692307692 0.010516826923076924
0 0.2860576923076923 0.4891826923076923 0.05739182692307692 0.07962740384615384
0 0.09495192307692307 0.7259615384615384 0.039963942307692304 0.053786057692307696
0 0.1466346153846154 0.6622596153846154 0.053786057692307696 0.06460336538461539