2 0.53125 0.12620192307692307 0.29447115384615385 0.22265625
2 0.5288461538461539 0.4014423076923077 0.2698317307692308 0.34194711538461536
2 0.6057692307692307 0.6021634615384616 0.1541466346153846 0.25631009615384615
2 0.4675480769230769 0.7115384615384616 0.17998798076923078 0.27944711538461536
2 0.6081730769230769 0.7860576923076923 0.13040865384615385 0.12920673076923078
2 0.5961538461538461 0.9110576923076923 0.11448317307692307 0.12139423076923077
2 0.20072115384615385 0.3449519230769231 0.27103365384615385 0.22926682692307693
2 0.1971153846153846 0.5372596153846154 0.28305288461538464 0.13191105769230768
2 0.0985576923076923 0.65625 0.08653846153846154 0.11057692307692307
2 0.0985576923076923 0.7824519230769231 0.1006610576923077 0.12800480769230768
2 0.18269230769230768 0.7848557692307693 0.07151442307692307 0.11207932692307693
2 0.21033653846153846 0.6598557692307693 0.1271033653846154 0.1123798076923077
2 0.27884615384615385 0.7235576923076923 0.15775240384615385 0.2509014423076923
2 0.8629807692307693 0.3449519230769231 0.27403846153846156 0.2668269230769231
2 0.8052884615384616 0.5324519230769231 0.13010817307692307 0.125
2 0.9350961538461539 0.53125 0.12980769230769232 0.1346153846153846
2 0.9423076923076923 0.7259615384615384 0.11538461538461539 0.25
2 0.8233173076923077 0.7259615384615384 0.18058894230769232 0.26352163461538464
1 0.9555288461538461 0.8557692307692307 0.06971153846153846 0.014723557692307692
1 0.8088942307692307 0.8545673076923077 0.07211538461538461 0.021033653846153848
1 0.8185096153846154 0.22596153846153846 0.1024639423076923 0.03756009615384615
1 0.9675480769230769 0.22596153846153846 0.05078125 0.019831730769230768
1 0.47115384615384615 0.22956730769230768 0.1006610576923077 0.031850961538461536
1 0.6177884615384616 0.22956730769230768 0.042067307692307696 0.02674278846153846
1 0.45552884615384615 0.8569711538461539 0.07061298076923077 0.02674278846153846
1 0.59375 0.8521634615384616 0.07181490384615384 0.015925480769230768
1 0.2668269230769231 0.8569711538461539 0.07241586538461539 0.030949519230769232
1 0.11298076923076923 0.8545673076923077 0.047776442307692304 0.015925480769230768
0 0.30288461538461536 0.45552884615384615 0.048677884615384616 0.07872596153846154
0 0.10697115384615384 0.6971153846153846 0.03635817307692308 0.052884615384615384
0 0.16105769230769232 0.6322115384615384 0.054086538461538464 0.0634014423076923