2 0.18870192307692307 0.3713942307692308 0.3058894230769231 0.5
2 0.09735576923076923 0.7487980769230769 0.1219951923076923 0.23707932692307693
2 0.19110576923076922 0.7475961538461539 0.08173076923076923 0.23527644230769232
2 0.28365384615384615 0.7487980769230769 0.1162860576923077 0.23888221153846154
2 0.4987980769230769 0.06610576923076923 0.2860576923076923 0.13221153846153846
2 0.5024038461538461 0.4963942307692308 0.3173076923076923 0.7433894230769231
2 0.5612980769230769 0.7355769230769231 0.18088942307692307 0.2605168269230769
2 0.38822115384615385 0.5889423076923077 0.06520432692307693 0.0829326923076923
2 0.38822115384615385 0.8016826923076923 0.052884615384615384 0.11328125
2 0.4495192307692308 0.7992788461538461 0.0673076923076923 0.11328125
2 0.4483173076923077 0.9146634615384616 0.08022836538461539 0.0889423076923077
2 0.8185096153846154 0.06370192307692307 0.29086538461538464 0.12740384615384615
2 0.8209134615384616 0.25240384615384615 0.31881009615384615 0.3019831730769231
2 0.7680288461538461 0.4963942307692308 0.18990384615384615 0.21003605769230768
2 0.7403846153846154 0.6983173076923077 0.14933894230769232 0.32211538461538464
2 0.8858173076923077 0.7331730769230769 0.17067307692307693 0.2551081730769231
2 0.9098557692307693 0.5444711538461539 0.1024639423076923 0.11778846153846154
2 0.9110576923076923 0.4411057692307692 0.1006610576923077 0.09375
1 0.09134615384615384 0.12860576923076922 0.052884615384615384 0.017127403846153848
1 0.14903846153846154 0.12620192307692307 0.04927884615384615 0.022235576923076924
1 0.21875 0.125 0.052584134615384616 0.01953125
1 0.2764423076923077 0.12740384615384615 0.053786057692307696 0.028846153846153848
1 0.4182692307692308 0.12379807692307693 0.06219951923076923 0.012920673076923076
1 0.5348557692307693 0.12139423076923077 0.05588942307692308 0.028846153846153848
1 0.5901442307692307 0.12139423076923077 0.055588942307692304 0.02674278846153846
1 0.7319711538461539 0.12139423076923077 0.06520432692307693 0.016826923076923076
1 0.8485576923076923 0.11658653846153846 0.052584134615384616 0.012319711538461538
1 0.90625 0.11899038461538461 0.05228365384615385 0.011117788461538462
1 0.3870192307692308 0.8665865384615384 0.03365384615384615 0.01622596153846154
1 0.5552884615384616 0.8677884615384616 0.014723557692307692 0.014122596153846154
1 0.5829326923076923 0.8701923076923077 0.04056490384615385 0.014423076923076924
1 0.7463942307692307 0.8653846153846154 0.06460336538461539 0.014723557692307692
1 0.7896634615384616 0.8641826923076923 0.02674278846153846 0.017728365384615384
1 0.8341346153846154 0.8653846153846154 0.01893028846153846 0.014423076923076924
1 0.8762019230769231 0.8641826923076923 0.0625 0.021334134615384616
0 0.03245192307692308 0.5961538461538461 0.049879807692307696 0.06640625
0 0.09975961538461539 0.6021634615384616 0.045973557692307696 0.06430288461538461
0 0.20192307692307693 0.6045673076923077 0.03756009615384615 0.06580528846153846
0 0.25600961538461536 0.6057692307692307 0.038461538461538464 0.05739182692307692
0 0.21995192307692307 0.7415865384615384 0.04176682692307692 0.05108173076923077
0 0.4014423076923077 0.7211538461538461 0.04266826923076923 0.061899038461538464
0 0.42908653846153844 0.75 0.016826923076923076 0.024338942307692308
0 0.4567307692307692 0.7692307692307693 0.04296875 0.05739182692307692
0 0.44711538461538464 0.8942307692307693 0.05228365384615385 0.07602163461538461
0 0.4735576923076923 0.15144230769230768 0.04837740384615385 0.07632211538461539
0 0.7884615384615384 0.1502403846153846 0.04837740384615385 0.07932692307692307
0 0.8365384615384616 0.3629807692307692 0.04927884615384615 0.0829326923076923
0 0.8473557692307693 0.5168269230769231 0.04056490384615385 0.056790865384615384
0 0.8713942307692307 0.46153846153846156 0.04657451923076923 0.05739182692307692
0 0.7920673076923077 0.5673076923076923 0.051382211538461536 0.05859375
0 0.8341346153846154 0.6298076923076923 0.05348557692307692 0.07271634615384616
0 0.4326923076923077 0.5985576923076923 0.052884615384615384 0.048978365384615384