2 0.1971153846153846 0.3798076923076923 0.2782451923076923 0.4768629807692308
2 0.10817307692307693 0.7512019230769231 0.13010817307692307 0.23377403846153846
2 0.19951923076923078 0.7487980769230769 0.10036057692307693 0.23557692307692307
2 0.29086538461538464 0.7512019230769231 0.10216346153846154 0.23317307692307693
2 0.5036057692307693 0.07692307692307693 0.28185096153846156 0.13521634615384615
2 0.5072115384615384 0.5036057692307693 0.39393028846153844 0.7430889423076923
2 0.5649038461538461 0.7379807692307693 0.14933894230769232 0.24128605769230768
2 0.39302884615384615 0.5925480769230769 0.057692307692307696 0.07692307692307693
2 0.3942307692307692 0.8028846153846154 0.06790865384615384 0.11959134615384616
2 0.4543269230769231 0.8004807692307693 0.07211538461538461 0.11147836538461539
2 0.453125 0.9134615384615384 0.07692307692307693 0.08563701923076923
2 0.8173076923076923 0.07451923076923077 0.28365384615384615 0.14903846153846154
2 0.8197115384615384 0.2620192307692308 0.32091346153846156 0.3034855769230769
2 0.7668269230769231 0.5024038461538461 0.19831730769230768 0.21724759615384615
2 0.7415865384615384 0.7019230769230769 0.18058894230769232 0.3215144230769231
2 0.8834134615384616 0.7355769230769231 0.19050480769230768 0.25961538461538464
2 0.9074519230769231 0.5492788461538461 0.09435096153846154 0.11057692307692307
2 0.9086538461538461 0.44711538461538464 0.10576923076923077 0.10036057692307693
1 0.10216346153846154 0.140625 0.05078125 0.017728365384615384
1 0.15865384615384615 0.13822115384615385 0.048677884615384616 0.016826923076923076
1 0.2283653846153846 0.13701923076923078 0.052584134615384616 0.024939903846153848
1 0.28365384615384615 0.13942307692307693 0.052884615384615384 0.02013221153846154
1 0.42427884615384615 0.13701923076923078 0.06009615384615385 0.023737980769230768
1 0.5384615384615384 0.1346153846153846 0.053786057692307696 0.024338942307692308
1 0.5925480769230769 0.1346153846153846 0.052884615384615384 0.019230769230769232
1 0.7319711538461539 0.1346153846153846 0.06490384615384616 0.014423076923076924
1 0.8461538461538461 0.12980769230769232 0.05198317307692308 0.018329326923076924
1 0.9038461538461539 0.1310096153846154 0.04807692307692308 0.015925480769230768
1 0.39302884615384615 0.8677884615384616 0.03365384615384615 0.015625
1 0.5588942307692307 0.8677884615384616 0.017127403846153848 0.014723557692307692
1 0.5865384615384616 0.8701923076923077 0.03876201923076923 0.018629807692307692
1 0.7463942307692307 0.8653846153846154 0.0625 0.013822115384615384
1 0.7884615384615384 0.8653846153846154 0.024939903846153848 0.018028846153846152
1 0.8329326923076923 0.8653846153846154 0.017127403846153848 0.010216346153846154
1 0.8737980769230769 0.8641826923076923 0.060396634615384616 0.012920673076923076
0 0.04447115384615385 0.5997596153846154 0.041165865384615384 0.06009615384615385
0 0.11057692307692307 0.6069711538461539 0.05348557692307692 0.06580528846153846
0 0.21033653846153846 0.6081730769230769 0.030949519230769232 0.0625
0 0.26322115384615385 0.609375 0.03125 0.055588942307692304
0 0.2283653846153846 0.7439903846153846 0.047475961538461536 0.05498798076923077
0 0.4074519230769231 0.7235576923076923 0.03665865384615385 0.05859375
0 0.43509615384615385 0.7524038461538461 0.01893028846153846 0.024639423076923076
0 0.46153846153846156 0.7704326923076923 0.03936298076923077 0.0546875
0 0.4519230769230769 0.8930288461538461 0.053786057692307696 0.07451923076923077
0 0.47716346153846156 0.1622596153846154 0.050180288461538464 0.07421875
0 0.7884615384615384 0.1622596153846154 0.05739182692307692 0.07962740384615384
0 0.8353365384615384 0.3713942307692308 0.04567307692307692 0.07932692307692307
0 0.8461538461538461 0.5228365384615384 0.038161057692307696 0.05498798076923077
0 0.8701923076923077 0.46875 0.042367788461538464 0.052884615384615384
0 0.7908653846153846 0.5721153846153846 0.05348557692307692 0.05859375
0 0.8329326923076923 0.6346153846153846 0.05498798076923077 0.07241586538461539
0 0.4375 0.6033653846153846 0.05348557692307692 0.051682692307692304