2 0.17307692307692307 0.40024038461538464 0.29236778846153844 0.4933894230769231
2 0.08173076923076923 0.7788461538461539 0.10967548076923077 0.23557692307692307
2 0.17548076923076922 0.7776442307692307 0.12920673076923078 0.2403846153846154
2 0.2692307692307692 0.7788461538461539 0.11508413461538461 0.23978365384615385
2 0.48677884615384615 0.0889423076923077 0.2899639423076923 0.1484375
2 0.4891826923076923 0.5252403846153846 0.28185096153846156 0.7373798076923077
2 0.5480769230769231 0.765625 0.1814903846153846 0.2620192307692308
2 0.3737980769230769 0.6177884615384616 0.07421875 0.09014423076923077
2 0.375 0.8317307692307693 0.06280048076923077 0.11959134615384616
2 0.43509615384615385 0.8293269230769231 0.056790865384615384 0.11087740384615384
2 0.43509615384615385 0.9447115384615384 0.07692307692307693 0.08233173076923077
2 0.8076923076923077 0.08774038461538461 0.28756009615384615 0.11388221153846154
2 0.8088942307692307 0.27884615384615385 0.3290264423076923 0.31189903846153844
2 0.7560096153846154 0.5240384615384616 0.20462740384615385 0.22235576923076922
2 0.7283653846153846 0.7283653846153846 0.18659855769230768 0.3278245192307692
2 0.875 0.7632211538461539 0.16316105769230768 0.25240384615384615
2 0.8990384615384616 0.5733173076923077 0.09615384615384616 0.1123798076923077
2 0.8990384615384616 0.46875 0.10667067307692307 0.10216346153846154
1 0.07572115384615384 0.15504807692307693 0.052884615384615384 0.012920673076923076
1 0.13341346153846154 0.15264423076923078 0.051382211538461536 0.02403846153846154
1 0.20432692307692307 0.15144230769230768 0.052584134615384616 0.01953125
1 0.2620192307692308 0.15384615384615385 0.05318509615384615 0.020432692307692308
1 0.4050480769230769 0.1502403846153846 0.060396634615384616 0.019230769230769232
1 0.5216346153846154 0.14783653846153846 0.054086538461538464 0.02403846153846154
1 0.578125 0.14783653846153846 0.055588942307692304 0.030348557692307692
1 0.7199519230769231 0.14783653846153846 0.0673076923076923 0.021634615384615384
1 0.8365384615384616 0.14302884615384615 0.052584134615384616 0.01201923076923077
1 0.8954326923076923 0.14543269230769232 0.05078125 0.01201923076923077
1 0.37259615384615385 0.8978365384615384 0.03395432692307692 0.014423076923076924
1 0.5420673076923077 0.8978365384615384 0.016526442307692308 0.014423076923076924
1 0.5709134615384616 0.9002403846153846 0.040865384615384616 0.019230769230769232
1 0.734375 0.8954326923076923 0.06460336538461539 0.017728365384615384
1 0.7776442307692307 0.8954326923076923 0.02674278846153846 0.020733173076923076
1 0.8233173076923077 0.8966346153846154 0.017728365384615384 0.014423076923076924
1 0.8653846153846154 0.8942307692307693 0.0625 0.01532451923076923
0 0.020432692307692308 0.6237980769230769 0.040865384615384616 0.06490384615384616
0 0.08413461538461539 0.6310096153846154 0.04717548076923077 0.06520432692307693
0 0.1875 0.6334134615384616 0.03876201923076923 0.06580528846153846
0 0.24158653846153846 0.6346153846153846 0.036057692307692304 0.05829326923076923
0 0.20552884615384615 0.7716346153846154 0.050180288461538464 0.057692307692307696
0 0.3870192307692308 0.75 0.0390625 0.05889423076923077
0 0.41586538461538464 0.7800480769230769 0.015625 0.026141826923076924
0 0.44350961538461536 0.7980769230769231 0.040865384615384616 0.053786057692307696
0 0.4338942307692308 0.9242788461538461 0.052884615384615384 0.07481971153846154
0 0.45913461538461536 0.1778846153846154 0.052884615384615384 0.0772235576923077
0 0.7776442307692307 0.17668269230769232 0.05498798076923077 0.08383413461538461
0 0.8245192307692307 0.390625 0.05709134615384615 0.08413461538461539
0 0.8365384615384616 0.5456730769230769 0.04807692307692308 0.05829326923076923
0 0.8605769230769231 0.49038461538461536 0.047475961538461536 0.05739182692307692
0 0.7800480769230769 0.5961538461538461 0.05618990384615385 0.06310096153846154
0 0.8221153846153846 0.6598557692307693 0.057692307692307696 0.0751201923076923
0 0.41947115384615385 0.6274038461538461 0.05108173076923077 0.04837740384615385