2 0.15865384615384615 0.5132211538461539 0.1541466346153846 0.31580528846153844
2 0.25240384615384615 0.5096153846153846 0.07181490384615384 0.3034855769230769
2 0.32211538461538464 0.49399038461538464 0.10096153846153846 0.29116586538461536
2 0.4206730769230769 0.49158653846153844 0.13010817307692307 0.2860576923076923
2 0.5396634615384616 0.4963942307692308 0.10576923076923077 0.2956730769230769
2 0.640625 0.5012019230769231 0.14603365384615385 0.28695913461538464
2 0.06009615384615385 0.19230769230769232 0.1201923076923077 0.3125
2 0.15144230769230768 0.19591346153846154 0.140625 0.3004807692307692
2 0.44591346153846156 0.1971153846153846 0.5144230769230769 0.3278245192307692
2 0.8149038461538461 0.43028846153846156 0.3701923076923077 0.7740384615384616
2 0.7704326923076923 0.45913461538461536 0.16045673076923078 0.25961538461538464
2 0.7620192307692307 0.6923076923076923 0.14963942307692307 0.18239182692307693
1 0.013221153846153846 0.20432692307692307 0.026442307692307692 0.2644230769230769
1 0.04326923076923077 0.03245192307692308 0.029447115384615384 0.03064903846153846
1 0.08774038461538461 0.03125 0.03125 0.025240384615384616
1 0.12980769230769232 0.028846153846153848 0.033052884615384616 0.03365384615384615
1 0.17307692307692307 0.03365384615384615 0.029747596153846152 0.0390625
1 0.21634615384615385 0.03485576923076923 0.034555288461538464 0.035757211538461536
1 0.25721153846153844 0.03365384615384615 0.029447115384615384 0.034555288461538464
1 0.32572115384615385 0.03125 0.036959134615384616 0.03786057692307692
1 0.3713942307692308 0.027644230769230768 0.04056490384615385 0.038461538461538464
1 0.41947115384615385 0.03365384615384615 0.03515625 0.033052884615384616
1 0.4675480769230769 0.03125 0.02734375 0.03245192307692308
1 0.515625 0.03125 0.03064903846153846 0.033052884615384616
1 0.5649038461538461 0.03125 0.033353365384615384 0.03786057692307692
1 0.6105769230769231 0.03245192307692308 0.033353365384615384 0.03515625
1 0.6598557692307693 0.03245192307692308 0.02674278846153846 0.026442307692307692
1 0.7259615384615384 0.04326923076923077 0.029747596153846152 0.027644230769230768
1 0.7680288461538461 0.04447115384615385 0.03155048076923077 0.027043269230769232
1 0.8112980769230769 0.04326923076923077 0.03515625 0.042367788461538464
1 0.8533653846153846 0.04567307692307692 0.03275240384615385 0.033052884615384616
1 0.8978365384615384 0.04807692307692308 0.03545673076923077 0.034254807692307696
1 0.9399038461538461 0.04447115384615385 0.029146634615384616 0.026442307692307692
1 0.9735576923076923 0.13581730769230768 0.01953125 0.0673076923076923
1 0.9747596153846154 0.24759615384615385 0.015925480769230768 0.06219951923076923
1 0.9735576923076923 0.35697115384615385 0.023737980769230768 0.0790264423076923
1 0.9723557692307693 0.45913461538461536 0.017127403846153848 0.06310096153846154
1 0.9723557692307693 0.5721153846153846 0.016526442307692308 0.07211538461538461
1 0.9759615384615384 0.6838942307692307 0.020432692307692308 0.060396634615384616
1 0.9735576923076923 0.7836538461538461 0.023737980769230768 0.0625
1 0.6947115384615384 0.7307692307692307 0.014122596153846154 0.07181490384615384
1 0.6574519230769231 0.6550480769230769 0.02734375 0.03064903846153846
1 0.6105769230769231 0.6526442307692307 0.028245192307692308 0.028846153846153848
1 0.5612980769230769 0.6502403846153846 0.028846153846153848 0.025841346153846152
1 0.5132211538461539 0.6502403846153846 0.03125 0.030348557692307692
1 0.4206730769230769 0.6466346153846154 0.029447115384615384 0.025240384615384616
1 0.3713942307692308 0.6478365384615384 0.03064903846153846 0.021935096153846152
1 0.32211538461538464 0.6526442307692307 0.029747596153846152 0.03064903846153846
1 0.2668269230769231 0.6778846153846154 0.03365384615384615 0.039663461538461536
0 0.11057692307692307 0.390625 0.029747596153846152 0.04326923076923077
0 0.12740384615384615 0.36658653846153844 0.0234375 0.041165865384615384
0 0.1875 0.29447115384615385 0.043569711538461536 0.09615384615384616
0 0.22235576923076922 0.39663461538461536 0.030949519230769232 0.054086538461538464
0 0.30528846153846156 0.3401442307692308 0.015625 0.040865384615384616
0 0.2932692307692308 0.17427884615384615 0.023737980769230768 0.045973557692307696
0 0.3449519230769231 0.39302884615384615 0.028846153846153848 0.051382211538461536
0 0.3125 0.4014423076923077 0.024639423076923076 0.03876201923076923
0 0.4855769230769231 0.390625 0.020432692307692308 0.04176682692307692
0 0.5817307692307693 0.3894230769230769 0.020432692307692308 0.05709134615384615
0 0.46634615384615385 0.6382211538461539 0.033052884615384616 0.04176682692307692
0 0.8125 0.7668269230769231 0.024338942307692308 0.05228365384615385
0 0.8125 0.6129807692307693 0.029146634615384616 0.06310096153846154
0 0.7103365384615384 0.3161057692307692 0.035757211538461536 0.039963942307692304
0 0.6610576923076923 0.27163461538461536 0.03395432692307692 0.04266826923076923