2 0.19591346153846154 0.53125 0.13942307692307693 0.3037860576923077
2 0.28725961538461536 0.5276442307692307 0.07061298076923077 0.29116586538461536
2 0.35216346153846156 0.5120192307692307 0.11538461538461539 0.2743389423076923
2 0.4483173076923077 0.5096153846153846 0.13131009615384615 0.2746394230769231
2 0.5612980769230769 0.5144230769230769 0.09765625 0.2800480769230769
2 0.6586538461538461 0.5192307692307693 0.09555288461538461 0.2692307692307692
2 0.08774038461538461 0.2247596153846154 0.15564903846153846 0.30078125
2 0.18990384615384615 0.22596153846153846 0.10667067307692307 0.28846153846153844
2 0.4723557692307692 0.22716346153846154 0.5075120192307693 0.34825721153846156
2 0.8233173076923077 0.45072115384615385 0.35336538461538464 0.7427884615384616
2 0.7824519230769231 0.47836538461538464 0.17457932692307693 0.25540865384615385
2 0.7740384615384616 0.703125 0.13040865384615385 0.1661658653846154
1 0.036057692307692304 0.23677884615384615 0.07211538461538461 0.25721153846153844
1 0.08653846153846154 0.06971153846153846 0.024939903846153848 0.024939903846153848
1 0.12860576923076922 0.06850961538461539 0.032151442307692304 0.030348557692307692
1 0.16947115384615385 0.06610576923076923 0.030348557692307692 0.030949519230769232
1 0.21033653846153846 0.07091346153846154 0.03125 0.039963942307692304
1 0.25240384615384615 0.07211538461538461 0.034254807692307696 0.03365384615384615
1 0.29086538461538464 0.07091346153846154 0.024338942307692308 0.03125
1 0.35697115384615385 0.06850961538461539 0.03545673076923077 0.032151442307692304
1 0.40024038461538464 0.06490384615384616 0.03545673076923077 0.03395432692307692
1 0.44591346153846156 0.07091346153846154 0.031850961538461536 0.030949519230769232
1 0.49158653846153844 0.06971153846153846 0.025841346153846152 0.028545673076923076
1 0.5384615384615384 0.06971153846153846 0.024939903846153848 0.028545673076923076
1 0.5853365384615384 0.06850961538461539 0.031850961538461536 0.035757211538461536
1 0.6298076923076923 0.06971153846153846 0.028846153846153848 0.029447115384615384
1 0.6766826923076923 0.06971153846153846 0.028846153846153848 0.02794471153846154
1 0.7403846153846154 0.07932692307692307 0.030048076923076924 0.024939903846153848
1 0.78125 0.08173076923076923 0.028846153846153848 0.024338942307692308
1 0.8221153846153846 0.08052884615384616 0.030048076923076924 0.039963942307692304
1 0.8629807692307693 0.08173076923076923 0.025240384615384616 0.028545673076923076
1 0.9050480769230769 0.08413461538461539 0.03545673076923077 0.03756009615384615
1 0.9447115384615384 0.08173076923076923 0.028245192307692308 0.024939903846153848
1 0.9783653846153846 0.16826923076923078 0.02013221153846154 0.06670673076923077
1 0.9783653846153846 0.2764423076923077 0.01532451923076923 0.057692307692307696
1 0.9783653846153846 0.38100961538461536 0.0234375 0.07451923076923077
1 0.9771634615384616 0.47836538461538464 0.015925480769230768 0.0625
1 0.9771634615384616 0.5865384615384616 0.026141826923076924 0.0673076923076923
1 0.9795673076923077 0.6935096153846154 0.020733173076923076 0.057692307692307696
1 0.9783653846153846 0.7896634615384616 0.02283653846153846 0.06009615384615385
1 0.7103365384615384 0.7391826923076923 0.016526442307692308 0.0673076923076923
1 0.6742788461538461 0.6670673076923077 0.026442307692307692 0.02674278846153846
1 0.6298076923076923 0.6634615384615384 0.024939903846153848 0.028545673076923076
1 0.5829326923076923 0.6622596153846154 0.02734375 0.025540865384615384
1 0.5360576923076923 0.6610576923076923 0.028545673076923076 0.024639423076923076
1 0.44711538461538464 0.6586538461538461 0.028545673076923076 0.024338942307692308
1 0.40024038461538464 0.6598557692307693 0.030348557692307692 0.022235576923076924
1 0.35336538461538464 0.6634615384615384 0.03365384615384615 0.033353365384615384
1 0.3004807692307692 0.6887019230769231 0.03395432692307692 0.04146634615384615
0 0.1502403846153846 0.41346153846153844 0.025540865384615384 0.0390625
0 0.16706730769230768 0.390625 0.021935096153846152 0.04056490384615385
0 0.22355769230769232 0.32091346153846156 0.025240384615384616 0.09134615384615384
0 0.25721153846153844 0.41947115384615385 0.02403846153846154 0.052884615384615384
0 0.33774038461538464 0.36538461538461536 0.015925480769230768 0.038461538461538464
0 0.32572115384615385 0.20552884615384615 0.022536057692307692 0.046274038461538464
0 0.375 0.41586538461538464 0.01953125 0.05228365384615385
0 0.34375 0.4230769230769231 0.023137019230769232 0.038461538461538464
0 0.5096153846153846 0.41225961538461536 0.02403846153846154 0.041165865384615384
0 0.6021634615384616 0.41225961538461536 0.017728365384615384 0.052884615384615384
0 0.49158653846153844 0.6514423076923077 0.030949519230769232 0.03876201923076923
0 0.8233173076923077 0.7740384615384616 0.027043269230769232 0.048978365384615384
0 0.8233173076923077 0.6262019230769231 0.028846153846153848 0.0625
0 0.7247596153846154 0.34134615384615385 0.031850961538461536 0.037259615384615384
0 0.6778846153846154 0.29927884615384615 0.03365384615384615 0.04056490384615385