2 0.17668269230769232 0.5396634615384616 0.1463341346153846 0.31580528846153844
2 0.2704326923076923 0.5372596153846154 0.11868990384615384 0.3010817307692308
2 0.3401442307692308 0.5204326923076923 0.0889423076923077 0.2917668269230769
2 0.4387019230769231 0.5180288461538461 0.1427283653846154 0.29086538461538464
2 0.5576923076923077 0.5240384615384616 0.13942307692307693 0.29927884615384615
2 0.6586538461538461 0.5276442307692307 0.1388221153846154 0.28695913461538464
2 0.07572115384615384 0.21875 0.15144230769230768 0.3173076923076923
2 0.16947115384615385 0.22235576923076922 0.1466346153846154 0.2998798076923077
2 0.4639423076923077 0.22355769230769232 0.5060096153846154 0.31640625
2 0.8377403846153846 0.4567307692307692 0.3245192307692308 0.7740384615384616
2 0.7884615384615384 0.4855769230769231 0.1814903846153846 0.26802884615384615
2 0.7800480769230769 0.7199519230769231 0.14423076923076922 0.17938701923076922
1 0.014423076923076924 0.23317307692307693 0.028846153846153848 0.2692307692307692
1 0.06129807692307692 0.06009615384615385 0.027043269230769232 0.028245192307692308
1 0.10576923076923077 0.057692307692307696 0.030048076923076924 0.028846153846153848
1 0.14783653846153846 0.055288461538461536 0.028846153846153848 0.03245192307692308
1 0.19110576923076922 0.06009615384615385 0.035757211538461536 0.04266826923076923
1 0.234375 0.0625 0.035757211538461536 0.03756009615384615
1 0.27524038461538464 0.06009615384615385 0.028846153846153848 0.034555288461538464
1 0.34375 0.057692307692307696 0.03876201923076923 0.038461538461538464
1 0.3894230769230769 0.054086538461538464 0.03876201923076923 0.038461538461538464
1 0.4375 0.06009615384615385 0.029747596153846152 0.029447115384615384
1 0.4855769230769231 0.05889423076923077 0.02794471153846154 0.03125
1 0.5324519230769231 0.05889423076923077 0.03064903846153846 0.031850961538461536
1 0.5829326923076923 0.057692307692307696 0.035757211538461536 0.03786057692307692
1 0.6286057692307693 0.05889423076923077 0.02674278846153846 0.030949519230769232
1 0.6778846153846154 0.06009615384615385 0.028545673076923076 0.024639423076923076
1 0.7439903846153846 0.06971153846153846 0.032151442307692304 0.028245192307692308
1 0.7860576923076923 0.07091346153846154 0.03275240384615385 0.03064903846153846
1 0.8293269230769231 0.07091346153846154 0.029146634615384616 0.04056490384615385
1 0.8713942307692307 0.07211538461538461 0.030949519230769232 0.033052884615384616
1 0.9158653846153846 0.07451923076923077 0.03786057692307692 0.03786057692307692
1 0.9579326923076923 0.07091346153846154 0.030348557692307692 0.026442307692307692
1 0.9879807692307693 0.16105769230769232 0.02403846153846154 0.0673076923076923
1 0.9903846153846154 0.27403846153846156 0.019230769230769232 0.0625
1 0.9879807692307693 0.38221153846153844 0.02403846153846154 0.07692307692307693
1 0.9891826923076923 0.484375 0.021634615384615384 0.06490384615384616
1 0.9879807692307693 0.5973557692307693 0.02403846153846154 0.06971153846153846
1 0.9915865384615384 0.7091346153846154 0.016826923076923076 0.0625
1 0.9903846153846154 0.8100961538461539 0.019230769230769232 0.0625
1 0.7127403846153846 0.7572115384615384 0.017728365384615384 0.07181490384615384
1 0.6754807692307693 0.6826923076923077 0.033353365384615384 0.03365384615384615
1 0.6286057692307693 0.6790865384615384 0.027043269230769232 0.03064903846153846
1 0.5793269230769231 0.6778846153846154 0.025240384615384616 0.0234375
1 0.53125 0.6766826923076923 0.03245192307692308 0.030348557692307692
1 0.4387019230769231 0.6730769230769231 0.028846153846153848 0.028245192307692308
1 0.3894230769230769 0.6754807692307693 0.029447115384615384 0.023737980769230768
1 0.3401442307692308 0.6790865384615384 0.03515625 0.031850961538461536
1 0.2848557692307692 0.7055288461538461 0.03365384615384615 0.04146634615384615
0 0.12860576923076922 0.4170673076923077 0.025540865384615384 0.04146634615384615
0 0.14543269230769232 0.39302884615384615 0.026442307692307692 0.04176682692307692
0 0.20552884615384615 0.32091346153846156 0.039963942307692304 0.09795673076923077
0 0.2403846153846154 0.4230769230769231 0.024939903846153848 0.05709134615384615
0 0.3233173076923077 0.36778846153846156 0.01622596153846154 0.04266826923076923
0 0.3112980769230769 0.20072115384615385 0.016526442307692308 0.045973557692307696
0 0.3629807692307692 0.4206730769230769 0.024639423076923076 0.052584134615384616
0 0.33052884615384615 0.42788461538461536 0.016826923076923076 0.038161057692307696
0 0.5036057692307693 0.4170673076923077 0.026442307692307692 0.04176682692307692
0 0.5997596153846154 0.4170673076923077 0.02403846153846154 0.05588942307692308
0 0.484375 0.6658653846153846 0.036057692307692304 0.04717548076923077
0 0.8305288461538461 0.7944711538461539 0.03515625 0.052884615384615384
0 0.8305288461538461 0.640625 0.032151442307692304 0.0655048076923077
0 0.7283653846153846 0.3425480769230769 0.03395432692307692 0.039963942307692304
0 0.6790865384615384 0.29927884615384615 0.032151442307692304 0.04146634615384615