2 0.12139423076923077 0.4387019230769231 0.21364182692307693 0.6709735576923077
2 0.30288461538461536 0.25600961538461536 0.19110576923076922 0.31881009615384615
2 0.7463942307692307 0.49158653846153844 0.4260817307692308 0.9696514423076923
2 0.4735576923076923 0.44471153846153844 0.2692307692307692 0.6965144230769231
2 0.30649038461538464 0.6033653846153846 0.17608173076923078 0.36117788461538464
2 0.046875 0.8185096153846154 0.09375 0.18028846153846154
0 0.04567307692307692 0.6682692307692307 0.07602163461538461 0.14002403846153846
0 0.20432692307692307 0.6153846153846154 0.0811298076923077 0.17427884615384615
0 0.30528846153846156 0.49158653846153844 0.0733173076923077 0.17457932692307693
0 0.3473557692307692 0.8137019230769231 0.13251201923076922 0.3389423076923077
0 0.6370192307692307 0.3762019230769231 0.09164663461538461 0.17487980769230768
1 0.013221153846153846 0.20793269230769232 0.026442307692307692 0.14182692307692307
1 0.013221153846153846 0.6057692307692307 0.026442307692307692 0.20673076923076922
1 0.9375 0.17427884615384615 0.08173076923076923 0.24699519230769232
1 0.9399038461538461 0.7608173076923077 0.0733173076923077 0.24849759615384615