2 0.1141826923076923 0.43149038461538464 0.2283653846153846 0.6899038461538461
2 0.2824519230769231 0.24639423076923078 0.18058894230769232 0.3203125
2 0.7283653846153846 0.49038461538461536 0.4855769230769231 0.9807692307692307
2 0.4543269230769231 0.4375 0.23677884615384615 0.7010216346153846
2 0.2848557692307692 0.5985576923076923 0.19861778846153846 0.36959134615384615
2 0.028846153846153848 0.8173076923076923 0.057692307692307696 0.18269230769230768
0 0.030048076923076924 0.6622596153846154 0.06009615384615385 0.14182692307692307
0 0.18269230769230768 0.6105769230769231 0.1063701923076923 0.1817908653846154
0 0.28365384615384615 0.4855769230769231 0.08743990384615384 0.17698317307692307
0 0.3269230769230769 0.8112980769230769 0.09134615384615384 0.34945913461538464
0 0.6189903846153846 0.36778846153846156 0.09795673076923077 0.1739783653846154
1 0.9230769230769231 0.16346153846153846 0.029447115384615384 0.2551081730769231
1 0.9254807692307693 0.7584134615384616 0.048677884615384616 0.2527043269230769