2 0.125 0.43990384615384615 0.25 0.6875
2 0.2932692307692308 0.25721153846153844 0.18299278846153846 0.31790865384615385
2 0.7379807692307693 0.4951923076923077 0.4948918269230769 0.9864783653846154
2 0.4639423076923077 0.4483173076923077 0.33143028846153844 0.6944110576923077
2 0.2956730769230769 0.6081730769230769 0.17878605769230768 0.36177884615384615
2 0.03485576923076923 0.8257211538461539 0.06971153846153846 0.1796875
0 0.03365384615384615 0.671875 0.05739182692307692 0.13792067307692307
0 0.1935096153846154 0.6189903846153846 0.10877403846153846 0.18028846153846154
0 0.29447115384615385 0.4951923076923077 0.07692307692307693 0.17427884615384615
0 0.33653846153846156 0.8197115384615384 0.08743990384615384 0.34975961538461536
0 0.6286057692307693 0.3786057692307692 0.08443509615384616 0.17307692307692307
1 0.006009615384615385 0.609375 0.01201923076923077 0.2091346153846154
1 0.9302884615384616 0.17548076923076922 0.04447115384615385 0.25450721153846156
1 0.9326923076923077 0.765625 0.0673076923076923 0.25