2 0.1045673076923077 0.2644230769230769 0.2091346153846154 0.2692307692307692
2 0.4651442307692308 0.48197115384615385 0.5552884615384616 0.7085336538461539
2 0.4182692307692308 0.703125 0.20282451923076922 0.24849759615384615
2 0.6189903846153846 0.7007211538461539 0.23377403846153846 0.27554086538461536
2 0.2536057692307692 0.9170673076923077 0.16346153846153846 0.14903846153846154
2 0.09975961538461539 0.7620192307692307 0.19951923076923078 0.15384615384615385
2 0.10576923076923077 0.6117788461538461 0.21153846153846154 0.19471153846153846
2 0.10216346153846154 0.46274038461538464 0.19501201923076922 0.12319711538461539
0 0.23677884615384615 0.3449519230769231 0.08323317307692307 0.10426682692307693
0 0.23076923076923078 0.49038461538461536 0.07271634615384616 0.05709134615384615
0 0.234375 0.6117788461538461 0.0889423076923077 0.08804086538461539
0 0.3425480769230769 0.6201923076923077 0.0850360576923077 0.08563701923076923
0 0.5889423076923077 0.6153846153846154 0.0868389423076923 0.09495192307692307
0 0.10336538461538461 0.6706730769230769 0.0712139423076923 0.08203125
0 0.26802884615384615 0.8762019230769231 0.08954326923076923 0.09375
0 0.28846153846153844 0.0985576923076923 0.078125 0.09645432692307693
1 0.10336538461538461 0.125 0.1162860576923077 0.034555288461538464
1 0.5168269230769231 0.12620192307692307 0.24459134615384615 0.044771634615384616
1 0.7295673076923077 0.20192307692307693 0.036057692307692304 0.0634014423076923
1 0.7295673076923077 0.4567307692307692 0.03125 0.11057692307692307
1 0.5925480769230769 0.8389423076923077 0.10907451923076923 0.056790865384615384
1 0.4026442307692308 0.8425480769230769 0.11388221153846154 0.041165865384615384
1 0.10336538461538461 0.8377403846153846 0.0733173076923077 0.05048076923076923