2 0.11538461538461539 0.22716346153846154 0.22145432692307693 0.27584134615384615
2 0.4795673076923077 0.4483173076923077 0.5498798076923077 0.7067307692307693
2 0.4326923076923077 0.671875 0.23106971153846154 0.27163461538461536
2 0.6346153846153846 0.6682692307692307 0.23076923076923078 0.27403846153846156
2 0.265625 0.8870192307692307 0.15534855769230768 0.13912259615384615
2 0.10697115384615384 0.7319711538461539 0.20462740384615385 0.13942307692307693
2 0.11057692307692307 0.5793269230769231 0.20703125 0.16917067307692307
2 0.11298076923076923 0.42788461538461536 0.21243990384615385 0.1544471153846154
0 0.24879807692307693 0.3088942307692308 0.09405048076923077 0.11298076923076923
0 0.2439903846153846 0.45552884615384615 0.07842548076923077 0.060697115384615384
0 0.24639423076923078 0.578125 0.08984375 0.0889423076923077
0 0.3557692307692308 0.5877403846153846 0.08653846153846154 0.08413461538461539
0 0.6057692307692307 0.5817307692307693 0.09104567307692307 0.09645432692307693
0 0.1141826923076923 0.6370192307692307 0.07481971153846154 0.0859375
0 0.28125 0.8461538461538461 0.09585336538461539 0.10006009615384616
0 0.3004807692307692 0.05889423076923077 0.0868389423076923 0.10336538461538461
1 0.1141826923076923 0.08653846153846154 0.11838942307692307 0.03756009615384615
1 0.5324519230769231 0.08774038461538461 0.2403846153846154 0.0703125
1 0.7475961538461539 0.16466346153846154 0.038461538461538464 0.06400240384615384
1 0.7463942307692307 0.421875 0.03635817307692308 0.11328125
1 0.6081730769230769 0.8088942307692307 0.11117788461538461 0.05438701923076923
1 0.4170673076923077 0.8112980769230769 0.1171875 0.04176682692307692
1 0.1141826923076923 0.8076923076923077 0.07361778846153846 0.043870192307692304