2 0.125 0.25240384615384615 0.21574519230769232 0.2686298076923077
2 0.4795673076923077 0.4675480769230769 0.6183894230769231 0.7424879807692307
2 0.4338942307692308 0.6850961538461539 0.22596153846153846 0.26502403846153844
2 0.6310096153846154 0.6814903846153846 0.19861778846153846 0.2481971153846154
2 0.27163461538461536 0.8954326923076923 0.1580528846153846 0.1424278846153846
2 0.11778846153846154 0.7439903846153846 0.18780048076923078 0.11388221153846154
2 0.1201923076923077 0.5949519230769231 0.20222355769230768 0.1661658653846154
2 0.12259615384615384 0.44711538461538464 0.20733173076923078 0.15775240384615385
0 0.2548076923076923 0.3317307692307692 0.078125 0.1045673076923077
0 0.25 0.47475961538461536 0.07181490384615384 0.05498798076923077
0 0.25240384615384615 0.59375 0.08263221153846154 0.08233173076923077
0 0.359375 0.6033653846153846 0.0889423076923077 0.08713942307692307
0 0.6021634615384616 0.5973557692307693 0.08954326923076923 0.0946514423076923
0 0.12379807692307693 0.6514423076923077 0.0673076923076923 0.07752403846153846
0 0.2860576923076923 0.8545673076923077 0.08743990384615384 0.0928485576923077
0 0.30528846153846156 0.08774038461538461 0.08143028846153846 0.0985576923076923
1 0.12379807692307693 0.11538461538461539 0.11538461538461539 0.03365384615384615
1 0.5300480769230769 0.11658653846153846 0.23768028846153846 0.055588942307692304
1 0.7403846153846154 0.19110576923076922 0.03756009615384615 0.0625
1 0.7391826923076923 0.4411057692307692 0.03365384615384615 0.1084735576923077
1 0.6045673076923077 0.8185096153846154 0.10817307692307693 0.05618990384615385
1 0.4182692307692308 0.8221153846153846 0.11538461538461539 0.05318509615384615
1 0.12379807692307693 0.8173076923076923 0.07361778846153846 0.047776442307692304