2 0.08774038461538461 0.1466346153846154 0.1661658653846154 0.27524038461538464
2 0.5588942307692307 0.39302884615384615 0.8725961538461539 0.7860576923076923
2 0.8401442307692307 0.3317307692307692 0.1505408653846154 0.09495192307692307
2 0.8497596153846154 0.43509615384615385 0.17457932692307693 0.125
2 0.8605769230769231 0.5516826923076923 0.1736778846153846 0.11748798076923077
2 0.375 0.4014423076923077 0.4035456730769231 0.2587139423076923
2 0.36778846153846156 0.6129807692307693 0.39002403846153844 0.234375
2 0.4182692307692308 0.8293269230769231 0.49549278846153844 0.28455528846153844
1 0.17307692307692307 0.11899038461538461 0.052584134615384616 0.13611778846153846
1 0.171875 0.4050480769230769 0.036959134615384616 0.14212740384615385
1 0.17427884615384615 0.625 0.05438701923076923 0.13972355769230768
1 0.17548076923076922 0.8389423076923077 0.042067307692307696 0.13521634615384615
1 0.7932692307692307 0.01201923076923077 0.1778846153846154 0.02403846153846154
0 0.18028846153846154 0.22596153846153846 0.1541466346153846 0.06790865384615384
0 0.7475961538461539 0.32091346153846156 0.08263221153846154 0.06099759615384615
0 0.5360576923076923 0.32572115384615385 0.09705528846153846 0.07211538461538461
0 0.734375 0.4423076923076923 0.07872596153846154 0.05318509615384615
0 0.8004807692307693 0.4807692307692308 0.07632211538461539 0.06760817307692307
0 0.7127403846153846 0.609375 0.08173076923076923 0.1201923076923077
0 0.5348557692307693 0.5456730769230769 0.08353365384615384 0.06670673076923077
0 0.6105769230769231 0.7019230769230769 0.07151442307692307 0.07662259615384616