2 0.10817307692307693 0.14423076923076922 0.18870192307692307 0.27974759615384615
2 0.5661057692307693 0.3581730769230769 0.7469951923076923 0.7028245192307693
2 0.8377403846153846 0.3233173076923077 0.14212740384615385 0.08653846153846154
2 0.8473557692307693 0.4230769230769231 0.17127403846153846 0.13010817307692307
2 0.8581730769230769 0.5372596153846154 0.16706730769230768 0.10426682692307693
2 0.3870192307692308 0.390625 0.3753004807692308 0.21484375
2 0.3798076923076923 0.5949519230769231 0.3858173076923077 0.26231971153846156
2 0.42908653846153844 0.8064903846153846 0.4774639423076923 0.24849759615384615
1 0.19230769230769232 0.11658653846153846 0.05228365384615385 0.13221153846153846
1 0.19110576923076922 0.3942307692307692 0.026141826923076924 0.1349158653846154
1 0.1935096153846154 0.6069711538461539 0.052884615384615384 0.13311298076923078
1 0.1935096153846154 0.8149038461538461 0.039963942307692304 0.1307091346153846
1 0.7920673076923077 0.016826923076923076 0.17067307692307693 0.03365384615384615
0 0.19951923076923078 0.22115384615384615 0.15354567307692307 0.07662259615384616
0 0.7475961538461539 0.3125 0.08203125 0.05889423076923077
0 0.5432692307692307 0.31850961538461536 0.0907451923076923 0.06400240384615384
0 0.734375 0.43149038461538464 0.08173076923076923 0.06430288461538461
0 0.7992788461538461 0.4675480769230769 0.0673076923076923 0.057692307692307696
0 0.7139423076923077 0.5925480769230769 0.0859375 0.11868990384615384
0 0.5420673076923077 0.5300480769230769 0.08353365384615384 0.0673076923076923
0 0.6153846153846154 0.6814903846153846 0.07181490384615384 0.07481971153846154