2 0.09014423076923077 0.12980769230769232 0.18028846153846154 0.25961538461538464
2 0.5528846153846154 0.34615384615384615 0.7644230769230769 0.6923076923076923
2 0.8329326923076923 0.29927884615384615 0.15114182692307693 0.10096153846153846
2 0.84375 0.4014423076923077 0.17698317307692307 0.1310096153846154
2 0.8545673076923077 0.5192307692307693 0.17307692307692307 0.11087740384615384
2 0.36778846153846156 0.36778846153846156 0.38912259615384615 0.22626201923076922
2 0.3605769230769231 0.5793269230769231 0.3954326923076923 0.2536057692307692
2 0.4110576923076923 0.796875 0.4948918269230769 0.27734375
1 0.16706730769230768 0.08533653846153846 0.05498798076923077 0.13611778846153846
1 0.1658653846153846 0.3713942307692308 0.043569711538461536 0.14152644230769232
1 0.16826923076923078 0.5913461538461539 0.042367788461538464 0.13972355769230768
1 0.16947115384615385 0.8052884615384616 0.03365384615384615 0.1346153846153846
0 0.17427884615384615 0.1935096153846154 0.15655048076923078 0.06971153846153846
0 0.7403846153846154 0.28725961538461536 0.0772235576923077 0.050180288461538464
0 0.5300480769230769 0.2932692307692308 0.0946514423076923 0.06790865384615384
0 0.7271634615384616 0.4098557692307692 0.07692307692307693 0.05078125
0 0.7944711538461539 0.44711538461538464 0.0751201923076923 0.06760817307692307
0 0.7055288461538461 0.5757211538461539 0.08834134615384616 0.12259615384615384
0 0.5288461538461539 0.5120192307692307 0.0907451923076923 0.07692307692307693
0 0.6033653846153846 0.6682692307692307 0.07091346153846154 0.07602163461538461