2 0.15144230769230768 0.21514423076923078 0.30288461538461536 0.19471153846153846
2 0.21394230769230768 0.39663461538461536 0.06219951923076923 0.2265625
2 0.20793269230769232 0.49038461538461536 0.20372596153846154 0.42758413461538464
2 0.08052884615384616 0.4891826923076923 0.16105769230769232 0.4206730769230769
2 0.07211538461538461 0.38341346153846156 0.09555288461538461 0.18058894230769232
2 0.14543269230769232 0.3557692307692308 0.06971153846153846 0.09705528846153846
2 0.14543269230769232 0.47115384615384615 0.08804086538461539 0.10096153846153846
2 0.8137019230769231 0.17307692307692307 0.29627403846153844 0.057992788461538464
2 0.9026442307692307 0.31971153846153844 0.13191105769230768 0.23137019230769232
2 0.8930288461538461 0.5372596153846154 0.1796875 0.22325721153846154
2 0.8545673076923077 0.6682692307692307 0.21484375 0.06610576923076923
2 0.7548076923076923 0.5036057692307693 0.2361778846153846 0.4053485576923077
2 0.7235576923076923 0.33413461538461536 0.13521634615384615 0.2698317307692308
2 0.8112980769230769 0.2548076923076923 0.0655048076923077 0.11448317307692307
2 0.40865384615384615 0.3016826923076923 0.19170673076923078 0.31971153846153844
2 0.5552884615384616 0.30408653846153844 0.1775841346153846 0.3206129807692308
2 0.5444711538461539 0.5769230769230769 0.19230769230769232 0.24939903846153846
2 0.3545673076923077 0.5072115384615384 0.05078125 0.0907451923076923
2 0.39302884615384615 0.578125 0.1346153846153846 0.22896634615384615
2 0.4050480769230769 0.7728365384615384 0.12229567307692307 0.14903846153846154
1 0.1466346153846154 0.14423076923076922 0.04417067307692308 0.028846153846153848
1 0.40024038461538464 0.14182692307692307 0.05618990384615385 0.02403846153846154
1 0.5600961538461539 0.14543269230769232 0.06310096153846154 0.03515625
1 0.32572115384615385 0.2920673076923077 0.025841346153846152 0.12229567307692307
1 0.3245192307692308 0.4951923076923077 0.013521634615384616 0.04296875
1 0.5288461538461539 0.7067307692307693 0.057692307692307696 0.024939903846153848
1 0.46153846153846156 0.7956730769230769 0.023737980769230768 0.061899038461538464
1 0.38822115384615385 0.8557692307692307 0.06009615384615385 0.027644230769230768
1 0.3449519230769231 0.7992788461538461 0.02674278846153846 0.06490384615384616
1 0.6598557692307693 0.33052884615384615 0.026141826923076924 0.14122596153846154
1 0.6610576923076923 0.5757211538461539 0.014723557692307692 0.04537259615384615
1 0.9663461538461539 0.3293269230769231 0.014122596153846154 0.10997596153846154
1 0.9663461538461539 0.5252403846153846 0.033052884615384616 0.12169471153846154
1 0.004807692307692308 0.4206730769230769 0.009615384615384616 0.08173076923076923
0 0.020432692307692308 0.11538461538461539 0.038461538461538464 0.07301682692307693
0 0.020432692307692308 0.2644230769230769 0.040865384615384616 0.0673076923076923
0 0.21634615384615385 0.2512019230769231 0.039663461538461536 0.07481971153846154
0 0.2668269230769231 0.2512019230769231 0.03485576923076923 0.07481971153846154
0 0.05889423076923077 0.4987980769230769 0.036959134615384616 0.07542067307692307
0 0.09735576923076923 0.34975961538461536 0.041165865384615384 0.0673076923076923
0 0.42788461538461536 0.49158653846153844 0.038161057692307696 0.06881009615384616
0 0.4483173076923077 0.5853365384615384 0.04807692307692308 0.06881009615384616
0 0.3858173076923077 0.5228365384615384 0.03155048076923077 0.051382211538461536
0 0.3858173076923077 0.5949519230769231 0.03064903846153846 0.05498798076923077
0 0.4362980769230769 0.7235576923076923 0.030348557692307692 0.07181490384615384
0 0.43990384615384615 0.8894230769230769 0.04266826923076923 0.08774038461538461
0 0.7632211538461539 0.44350961538461536 0.027043269230769232 0.06520432692307693
0 0.7992788461538461 0.33533653846153844 0.03665865384615385 0.05618990384615385
0 0.8569711538461539 0.3737980769230769 0.04657451923076923 0.07842548076923077
0 0.8293269230769231 0.5216346153846154 0.03936298076923077 0.052884615384615384
0 0.5649038461538461 0.4411057692307692 0.024639423076923076 0.04176682692307692
0 0.5901442307692307 0.44591346153846156 0.03545673076923077 0.05438701923076923