2 0.15985576923076922 0.17908653846153846 0.3004807692307692 0.15384615384615385
2 0.2247596153846154 0.3581730769230769 0.06400240384615384 0.22626201923076922
2 0.21754807692307693 0.45072115384615385 0.23888221153846154 0.43028846153846156
2 0.08533653846153846 0.45072115384615385 0.17067307692307693 0.41586538461538464
2 0.0829326923076923 0.3449519230769231 0.09765625 0.1778846153846154
2 0.15504807692307693 0.3173076923076923 0.07481971153846154 0.09735576923076923
2 0.15625 0.43149038461538464 0.09194711538461539 0.10396634615384616
2 0.8209134615384616 0.13581730769230768 0.29056490384615385 0.10877403846153846
2 0.9086538461538461 0.28125 0.12560096153846154 0.23046875
2 0.9002403846153846 0.49759615384615385 0.1661658653846154 0.21574519230769232
2 0.8605769230769231 0.6274038461538461 0.2127403846153846 0.06370192307692307
2 0.7620192307692307 0.4651442307692308 0.22566105769230768 0.40054086538461536
2 0.7319711538461539 0.2956730769230769 0.11298076923076923 0.25991586538461536
2 0.8185096153846154 0.21634615384615385 0.06430288461538461 0.11057692307692307
2 0.4182692307692308 0.26322115384615385 0.1974158653846154 0.3200120192307692
2 0.5637019230769231 0.265625 0.13792067307692307 0.3055889423076923
2 0.5528846153846154 0.5372596153846154 0.1775841346153846 0.23888221153846154
2 0.3641826923076923 0.46875 0.051382211538461536 0.0907451923076923
2 0.4026442307692308 0.5384615384615384 0.16105769230769232 0.2400841346153846
2 0.41346153846153844 0.7307692307692307 0.10516826923076923 0.1349158653846154
1 0.15745192307692307 0.10697115384615384 0.04657451923076923 0.03125
1 0.4098557692307692 0.1045673076923077 0.05618990384615385 0.028846153846153848
1 0.5685096153846154 0.10817307692307693 0.0625 0.03275240384615385
1 0.33533653846153844 0.2548076923076923 0.03665865384615385 0.11959134615384616
1 0.33413461538461536 0.45552884615384615 0.013521634615384616 0.040865384615384616
1 0.5372596153846154 0.6658653846153846 0.057692307692307696 0.02794471153846154
1 0.4699519230769231 0.7536057692307693 0.017728365384615384 0.06490384615384616
1 0.39783653846153844 0.8137019230769231 0.060697115384615384 0.03545673076923077
1 0.3545673076923077 0.7584134615384616 0.026141826923076924 0.06490384615384616
1 0.6682692307692307 0.2920673076923077 0.04296875 0.13731971153846154
1 0.6682692307692307 0.5360576923076923 0.013521634615384616 0.043569711538461536
1 0.9723557692307693 0.2920673076923077 0.022536057692307692 0.10426682692307693
1 0.9723557692307693 0.4855769230769231 0.03545673076923077 0.1201923076923077
1 0.009615384615384616 0.38221153846153844 0.019230769230769232 0.08173076923076923
0 0.03125 0.07932692307692307 0.034254807692307696 0.07241586538461539
0 0.03245192307692308 0.2283653846153846 0.04026442307692308 0.06370192307692307
0 0.22596153846153846 0.21394230769230768 0.043870192307692304 0.07602163461538461
0 0.2776442307692308 0.21394230769230768 0.03545673076923077 0.07301682692307693
0 0.06971153846153846 0.45913461538461536 0.033353365384615384 0.07301682692307693
0 0.10817307692307693 0.3112980769230769 0.048978365384615384 0.0703125
0 0.4362980769230769 0.4519230769230769 0.044771634615384616 0.06820913461538461
0 0.4567307692307692 0.5456730769230769 0.05198317307692308 0.0712139423076923
0 0.3942307692307692 0.4831730769230769 0.03275240384615385 0.05318509615384615
0 0.3954326923076923 0.5552884615384616 0.03125 0.053786057692307696
0 0.44591346153846156 0.6826923076923077 0.03155048076923077 0.06850961538461539
0 0.4483173076923077 0.8473557692307693 0.04026442307692308 0.0889423076923077
0 0.7704326923076923 0.40384615384615385 0.03545673076923077 0.06760817307692307
0 0.8052884615384616 0.2980769230769231 0.03485576923076923 0.056490384615384616
0 0.8629807692307693 0.33533653846153844 0.04417067307692308 0.07542067307692307
0 0.8353365384615384 0.48197115384615385 0.04176682692307692 0.0546875
0 0.5733173076923077 0.4014423076923077 0.028846153846153848 0.04326923076923077
0 0.5985576923076923 0.40625 0.025240384615384616 0.052584134615384616