2 0.18629807692307693 0.22115384615384615 0.30528846153846156 0.18359375
2 0.25 0.39783653846153844 0.09044471153846154 0.22325721153846154
2 0.2439903846153846 0.49038461538461536 0.17548076923076922 0.40955528846153844
2 0.10096153846153846 0.49038461538461536 0.1484375 0.40955528846153844
2 0.11057692307692307 0.38461538461538464 0.09525240384615384 0.17728365384615385
2 0.18269230769230768 0.35697115384615385 0.06760817307692307 0.09615384615384616
2 0.18269230769230768 0.47115384615384615 0.08713942307692307 0.1006610576923077
2 0.8401442307692307 0.1778846153846154 0.29146634615384615 0.06850961538461539
2 0.9278846153846154 0.32211538461538464 0.11989182692307693 0.22506009615384615
2 0.9182692307692307 0.5360576923076923 0.16286057692307693 0.2109375
2 0.8798076923076923 0.6646634615384616 0.21123798076923078 0.055588942307692304
2 0.7824519230769231 0.5036057692307693 0.18599759615384615 0.3864182692307692
2 0.7524038461538461 0.33653846153846156 0.13010817307692307 0.2644230769230769
2 0.8377403846153846 0.25841346153846156 0.0673076923076923 0.11268028846153846
2 0.4423076923076923 0.30408653846153844 0.20582932692307693 0.3191105769230769
2 0.5865384615384616 0.30649038461538464 0.15895432692307693 0.31069711538461536
2 0.5757211538461539 0.5757211538461539 0.1856971153846154 0.24188701923076922
2 0.38822115384615385 0.5072115384615384 0.055588942307692304 0.09044471153846154
2 0.4266826923076923 0.5769230769230769 0.1463341346153846 0.23106971153846154
2 0.4375 0.7668269230769231 0.10606971153846154 0.1388221153846154
1 0.18389423076923078 0.14903846153846154 0.045072115384615384 0.028846153846153848
1 0.4338942307692308 0.1466346153846154 0.05588942307692308 0.02403846153846154
1 0.5913461538461539 0.1502403846153846 0.06280048076923077 0.031850961538461536
1 0.3605769230769231 0.2956730769230769 0.029447115384615384 0.11929086538461539
1 0.3581730769230769 0.49399038461538464 0.014723557692307692 0.040865384615384616
1 0.5600961538461539 0.703125 0.05739182692307692 0.026141826923076924
1 0.49399038461538464 0.7896634615384616 0.012319711538461538 0.06460336538461539
1 0.421875 0.8485576923076923 0.060396634615384616 0.028846153846153848
1 0.3798076923076923 0.7944711538461539 0.014723557692307692 0.06460336538461539
1 0.6887019230769231 0.3329326923076923 0.015925480769230768 0.13942307692307693
1 0.6899038461538461 0.5733173076923077 0.009915865384615384 0.04326923076923077
1 0.9903846153846154 0.3317307692307692 0.013521634615384616 0.10576923076923077
1 0.9879807692307693 0.5228365384615384 0.02403846153846154 0.11778846153846154
1 0.036057692307692304 0.4230769230769231 0.024639423076923076 0.08173076923076923
0 0.05889423076923077 0.12139423076923077 0.03665865384615385 0.07211538461538461
0 0.06009615384615385 0.2692307692307692 0.033052884615384616 0.0625
0 0.25240384615384615 0.2548076923076923 0.047776442307692304 0.07632211538461539
0 0.30288461538461536 0.2548076923076923 0.029747596153846152 0.07211538461538461
0 0.09735576923076923 0.49759615384615385 0.03064903846153846 0.07211538461538461
0 0.13581730769230768 0.35216346153846156 0.05108173076923077 0.07001201923076923
0 0.46033653846153844 0.49038461538461536 0.044771634615384616 0.06790865384615384
0 0.4807692307692308 0.5829326923076923 0.04717548076923077 0.0655048076923077
0 0.4182692307692308 0.5216346153846154 0.03756009615384615 0.05348557692307692
0 0.41947115384615385 0.5925480769230769 0.03365384615384615 0.055288461538461536
0 0.46875 0.71875 0.024939903846153848 0.07151442307692307
0 0.4723557692307692 0.8822115384615384 0.055288461538461536 0.09104567307692307
0 0.7908653846153846 0.44350961538461536 0.038461538461538464 0.0655048076923077
0 0.8257211538461539 0.33774038461538464 0.03125 0.0546875
0 0.8822115384615384 0.375 0.04417067307692308 0.07632211538461539
0 0.8545673076923077 0.5204326923076923 0.045072115384615384 0.05498798076923077
0 0.5949519230769231 0.4411057692307692 0.027043269230769232 0.04146634615384615
0 0.6201923076923077 0.44591346153846156 0.033052884615384616 0.052884615384615384