2 0.3293269230769231 0.18990384615384615 0.5579927884615384 0.35486778846153844
2 0.7728365384615384 0.22355769230769232 0.34945913461538464 0.37950721153846156
2 0.5685096153846154 0.45913461538461536 0.20402644230769232 0.23677884615384615
2 0.5697115384615384 0.6213942307692307 0.2010216346153846 0.07992788461538461
2 0.25841346153846156 0.4951923076923077 0.42788461538461536 0.3644831730769231
2 0.8173076923076923 0.48197115384615385 0.2653245192307692 0.18419471153846154
2 0.8088942307692307 0.609375 0.25150240384615385 0.12980769230769232
2 0.7848557692307693 0.8942307692307693 0.31490384615384615 0.18329326923076922
1 0.28966346153846156 0.046875 0.22746394230769232 0.03155048076923077
1 0.7163461538461539 0.046875 0.2166466346153846 0.04176682692307692
1 0.2824519230769231 0.6622596153846154 0.21003605769230768 0.045973557692307696
1 0.7091346153846154 0.9819711538461539 0.1385216346153846 0.022536057692307692
1 0.859375 0.9807692307692307 0.16105769230769232 0.038461538461538464
0 0.41225961538461536 0.4098557692307692 0.14122596153846154 0.08323317307692307
0 0.5396634615384616 0.359375 0.12319711538461539 0.07872596153846154
0 0.7367788461538461 0.3762019230769231 0.15534855769230768 0.06520432692307693
0 0.5036057692307693 0.038461538461538464 0.11778846153846154 0.07692307692307693
0 0.6430288461538461 0.4723557692307692 0.1084735576923077 0.06009615384615385
0 0.75 0.5384615384615384 0.10036057692307693 0.06670673076923077
0 0.5372596153846154 0.6069711538461539 0.1180889423076923 0.07872596153846154
0 0.5360576923076923 0.6875 0.12860576923076922 0.09104567307692307
0 0.578125 0.9026442307692307 0.13311298076923078 0.09134615384615384