2 0.32572115384615385 0.22956730769230768 0.5405649038461539 0.3010817307692308
2 0.7728365384615384 0.2644230769230769 0.3894230769230769 0.41346153846153844
2 0.5661057692307693 0.5012019230769231 0.2091346153846154 0.24308894230769232
2 0.5673076923076923 0.6634615384615384 0.20192307692307693 0.08653846153846154
2 0.2548076923076923 0.5360576923076923 0.4287860576923077 0.36568509615384615
2 0.8173076923076923 0.5228365384615384 0.26382211538461536 0.16826923076923078
2 0.8076923076923077 0.6514423076923077 0.25060096153846156 0.11177884615384616
2 0.78125 0.9278846153846154 0.3076923076923077 0.14423076923076922
1 0.2860576923076923 0.08653846153846154 0.21724759615384615 0.06219951923076923
1 0.7151442307692307 0.08653846153846154 0.21875 0.03936298076923077
1 0.27884615384615385 0.7043269230769231 0.21213942307692307 0.023737980769230768
0 0.40865384615384615 0.4519230769230769 0.13521634615384615 0.06850961538461539
0 0.5372596153846154 0.40024038461538464 0.12770432692307693 0.08353365384615384
0 0.7355769230769231 0.4170673076923077 0.1580528846153846 0.06580528846153846
0 0.5024038461538461 0.06610576923076923 0.11899038461538461 0.09405048076923077
0 0.6418269230769231 0.5144230769230769 0.11598557692307693 0.07632211538461539
0 0.7487980769230769 0.5805288461538461 0.09915865384615384 0.07001201923076923
0 0.5348557692307693 0.6490384615384616 0.11298076923076923 0.06760817307692307
0 0.5336538461538461 0.7295673076923077 0.12890625 0.08864182692307693
0 0.5757211538461539 0.9459134615384616 0.13311298076923078 0.0889423076923077