2 0.33533653846153844 0.21514423076923078 0.5543870192307693 0.3629807692307692
2 0.7728365384615384 0.24879807692307693 0.3635817307692308 0.39122596153846156
2 0.5709134615384616 0.4807692307692308 0.23317307692307693 0.25991586538461536
2 0.5721153846153846 0.640625 0.19230769230769232 0.06580528846153846
2 0.2668269230769231 0.515625 0.4170673076923077 0.3524639423076923
2 0.8161057692307693 0.5024038461538461 0.24729567307692307 0.14032451923076922
2 0.8076923076923077 0.6286057692307693 0.24609375 0.12830528846153846
2 0.7836538461538461 0.90625 0.3125 0.1875
1 0.296875 0.07451923076923077 0.21905048076923078 0.04417067307692308
1 0.7163461538461539 0.07451923076923077 0.21213942307692307 0.04717548076923077
1 0.28966346153846156 0.6802884615384616 0.2091346153846154 0.023737980769230768
1 0.7079326923076923 0.9903846153846154 0.13221153846153846 0.019230769230769232
1 0.8557692307692307 0.9879807692307693 0.15865384615384615 0.02403846153846154
0 0.4170673076923077 0.4326923076923077 0.13221153846153846 0.0634014423076923
0 0.5420673076923077 0.38221153846153844 0.12229567307692307 0.07301682692307693
0 0.7355769230769231 0.39783653846153844 0.15354567307692307 0.07932692307692307
0 0.5084134615384616 0.054086538461538464 0.11838942307692307 0.09885817307692307
0 0.6442307692307693 0.49278846153846156 0.11057692307692307 0.06640625
0 0.7487980769230769 0.5576923076923077 0.09885817307692307 0.07151442307692307
0 0.5408653846153846 0.6262019230769231 0.11177884615384616 0.06971153846153846
0 0.5384615384615384 0.7043269230769231 0.12469951923076923 0.08713942307692307
0 0.5793269230769231 0.9170673076923077 0.1307091346153846 0.08864182692307693