2 0.08653846153846154 0.17548076923076922 0.14813701923076922 0.25060096153846156
2 0.53125 0.24759615384615385 0.7983774038461539 0.4912860576923077
2 0.43028846153846156 0.3870192307692308 0.11568509615384616 0.10546875
2 0.21634615384615385 0.4723557692307692 0.32602163461538464 0.2917668269230769
2 0.6418269230769231 0.6490384615384616 0.5958533653846154 0.4762620192307692
2 0.6622596153846154 0.7463942307692307 0.13701923076923078 0.20342548076923078
1 0.05048076923076923 0.4891826923076923 0.043870192307692304 0.1661658653846154
1 0.9146634615384616 0.2512019230769231 0.03365384615384615 0.30018028846153844
1 0.9170673076923077 0.5420673076923077 0.017427884615384616 0.09885817307692307
1 0.1466346153846154 0.13341346153846154 0.029146634615384616 0.13942307692307693
0 0.1502403846153846 0.2536057692307692 0.11838942307692307 0.10306490384615384
0 0.47716346153846156 0.27524038461538464 0.0703125 0.07932692307692307
0 0.44350961538461536 0.46875 0.04657451923076923 0.053786057692307696
0 0.3918269230769231 0.5024038461538461 0.057992788461538464 0.09044471153846154
0 0.5829326923076923 0.7355769230769231 0.059495192307692304 0.08563701923076923
0 0.5432692307692307 0.8545673076923077 0.10096153846153846 0.15084134615384615