2 0.08774038461538461 0.17668269230769232 0.13641826923076922 0.24729567307692307
2 0.5288461538461539 0.24879807692307693 0.7779447115384616 0.4441105769230769
2 0.42788461538461536 0.3858173076923077 0.11658653846153846 0.10576923076923077
2 0.21754807692307693 0.4699519230769231 0.32361778846153844 0.28695913461538464
2 0.6370192307692307 0.6454326923076923 0.5516826923076923 0.40865384615384615
2 0.6574519230769231 0.7427884615384616 0.13792067307692307 0.20192307692307693
1 0.052884615384615384 0.4879807692307692 0.04807692307692308 0.1640625
1 0.9086538461538461 0.25240384615384615 0.04807692307692308 0.2932692307692308
1 0.9110576923076923 0.5396634615384616 0.03245192307692308 0.09795673076923077
1 0.14783653846153846 0.1346153846153846 0.04657451923076923 0.1385216346153846
0 0.15144230769230768 0.2536057692307692 0.11448317307692307 0.09615384615384616
0 0.47475961538461536 0.27524038461538464 0.07842548076923077 0.08653846153846154
0 0.4411057692307692 0.4675480769230769 0.05438701923076923 0.059495192307692304
0 0.390625 0.5 0.06430288461538461 0.09134615384615384
0 0.5793269230769231 0.7307692307692307 0.061598557692307696 0.08623798076923077
0 0.5408653846153846 0.8497596153846154 0.10186298076923077 0.15114182692307693