2 0.08774038461538461 0.17668269230769232 0.14603365384615385 0.2481971153846154
2 0.5300480769230769 0.25240384615384615 0.8004807692307693 0.5048076923076923
2 0.42908653846153844 0.3870192307692308 0.12800480769230768 0.11989182692307693
2 0.21754807692307693 0.4723557692307692 0.33353365384615385 0.3004807692307692
2 0.640625 0.6478365384615384 0.5591947115384616 0.4149639423076923
2 0.6610576923076923 0.7451923076923077 0.1201923076923077 0.19681490384615385
1 0.051682692307692304 0.4891826923076923 0.038461538461538464 0.1661658653846154
1 0.9122596153846154 0.25240384615384615 0.046274038461538464 0.2971754807692308
1 0.9146634615384616 0.5408653846153846 0.016826923076923076 0.1006610576923077
1 0.14783653846153846 0.1346153846153846 0.022536057692307692 0.13942307692307693
0 0.15144230769230768 0.2548076923076923 0.11448317307692307 0.09645432692307693
0 0.47716346153846156 0.2764423076923077 0.08323317307692307 0.0907451923076923
0 0.4423076923076923 0.46875 0.04417067307692308 0.05348557692307692
0 0.3918269230769231 0.5024038461538461 0.053786057692307696 0.0829326923076923
0 0.5817307692307693 0.734375 0.0673076923076923 0.08924278846153846
0 0.5420673076923077 0.8533653846153846 0.08413461538461539 0.14393028846153846