2 0.5180288461538461 0.140625 0.9311899038461539 0.15084134615384615
2 0.203125 0.3485576923076923 0.3245192307692308 0.265625
2 0.5612980769230769 0.5733173076923077 0.4807692307692308 0.7190504807692307
2 0.8557692307692307 0.7127403846153846 0.22115384615384615 0.11838942307692307
2 0.8653846153846154 0.8425480769230769 0.22686298076923078 0.14212740384615385
2 0.8605769230769231 0.37740384615384615 0.25931490384615385 0.3128004807692308
0 0.3317307692307692 0.40024038461538464 0.10967548076923077 0.08173076923076923
0 0.5865384615384616 0.18870192307692307 0.11508413461538461 0.09435096153846154
0 0.7824519230769231 0.49399038461538464 0.0928485576923077 0.0751201923076923
0 0.8822115384615384 0.5096153846153846 0.09104567307692307 0.06850961538461539
0 0.7091346153846154 0.8509615384615384 0.10967548076923077 0.08533653846153846
0 0.7127403846153846 0.6045673076923077 0.09915865384615384 0.07932692307692307
0 0.8581730769230769 0.7944711538461539 0.1063701923076923 0.07692307692307693
0 0.6742788461538461 0.9483173076923077 0.12740384615384615 0.10336538461538461
1 0.2127403846153846 0.22115384615384615 0.15865384615384615 0.029447115384615384
1 0.43990384615384615 0.22235576923076922 0.12139423076923077 0.04326923076923077
1 0.6790865384615384 0.22115384615384615 0.07542067307692307 0.04266826923076923
1 0.8725961538461539 0.21754807692307693 0.1541466346153846 0.04657451923076923
1 0.9867788461538461 0.28125 0.026442307692307692 0.038461538461538464