2 0.5240384615384616 0.12379807692307693 0.9519230769230769 0.17548076923076922
2 0.20432692307692307 0.33774038461538464 0.33203125 0.27584134615384615
2 0.5709134615384616 0.5673076923076923 0.4152644230769231 0.7076322115384616
2 0.8701923076923077 0.7091346153846154 0.22626201923076922 0.13822115384615385
2 0.8798076923076923 0.8425480769230769 0.2400841346153846 0.15715144230769232
2 0.8762019230769231 0.36778846153846156 0.2403846153846154 0.29867788461538464
0 0.33533653846153844 0.390625 0.11328125 0.08804086538461539
0 0.5961538461538461 0.17427884615384615 0.11568509615384616 0.09344951923076923
0 0.796875 0.4855769230769231 0.09615384615384616 0.08143028846153846
0 0.8978365384615384 0.5024038461538461 0.09435096153846154 0.07662259615384616
0 0.7211538461538461 0.8509615384615384 0.10967548076923077 0.0811298076923077
0 0.7247596153846154 0.5985576923076923 0.10336538461538461 0.08563701923076923
0 0.8737980769230769 0.7932692307692307 0.1123798076923077 0.078125
0 0.6875 0.9519230769230769 0.11959134615384616 0.09525240384615384
1 0.21394230769230768 0.20793269230769232 0.16376201923076922 0.050180288461538464
1 0.44711538461538464 0.2091346153846154 0.12560096153846154 0.047776442307692304
1 0.6911057692307693 0.20793269230769232 0.07451923076923077 0.03155048076923077
1 0.8882211538461539 0.20432692307692307 0.15564903846153846 0.06310096153846154