2 0.5204326923076923 0.1346153846153846 0.9486177884615384 0.15925480769230768
2 0.20072115384615385 0.34615384615384615 0.3395432692307692 0.2881610576923077
2 0.5637019230769231 0.5745192307692307 0.47866586538461536 0.73046875
2 0.8629807692307693 0.7163461538461539 0.22536057692307693 0.12530048076923078
2 0.8725961538461539 0.8485576923076923 0.2265625 0.14032451923076922
2 0.8617788461538461 0.3737980769230769 0.2764423076923077 0.33413461538461536
0 0.33052884615384615 0.39903846153846156 0.10336538461538461 0.06850961538461539
0 0.5901442307692307 0.18389423076923078 0.11207932692307693 0.08443509615384616
0 0.7884615384615384 0.49399038461538464 0.09555288461538461 0.07962740384615384
0 0.8894230769230769 0.5096153846153846 0.09134615384615384 0.07181490384615384
0 0.7139423076923077 0.8569711538461539 0.1015625 0.07421875
0 0.7175480769230769 0.6057692307692307 0.1024639423076923 0.08263221153846154
0 0.8665865384615384 0.7992788461538461 0.10426682692307693 0.07061298076923077
0 0.6790865384615384 0.9555288461538461 0.11778846153846154 0.0889423076923077
1 0.21033653846153846 0.21634615384615385 0.15865384615384615 0.0625
1 0.4411057692307692 0.21754807692307693 0.1268028846153846 0.04056490384615385
1 0.6838942307692307 0.21634615384615385 0.07542067307692307 0.039663461538461536
1 0.8798076923076923 0.2127403846153846 0.15474759615384615 0.05108173076923077
1 0.9903846153846154 0.27884615384615385 0.019230769230769232 0.038461538461538464