2 0.7223557692307693 0.2800480769230769 0.33653846153846156 0.14122596153846154
2 0.7211538461538461 0.3918269230769231 0.34044471153846156 0.11478365384615384
2 0.7223557692307693 0.5060096153846154 0.33383413461538464 0.15655048076923078
2 0.21514423076923078 0.7055288461538461 0.42788461538461536 0.18058894230769232
2 0.0733173076923077 0.6021634615384616 0.12980769230769232 0.08443509615384616
2 0.25721153846153844 0.6009615384615384 0.18299278846153846 0.06760817307692307
2 0.28365384615384615 0.4326923076923077 0.5576923076923077 0.42427884615384615
2 0.042067307692307696 0.47836538461538464 0.08413461538461539 0.15865384615384615
2 0.2548076923076923 0.5997596153846154 0.17818509615384615 0.08443509615384616
2 0.3954326923076923 0.43990384615384615 0.08022836538461539 0.08743990384615384
0 0.4567307692307692 0.4495192307692308 0.06760817307692307 0.03876201923076923
0 0.38221153846153844 0.5120192307692307 0.07271634615384616 0.04326923076923077
0 0.4855769230769231 0.5721153846153846 0.08233173076923077 0.10997596153846154
0 0.3737980769230769 0.6117788461538461 0.06430288461538461 0.04326923076923077
0 0.3918269230769231 0.6213942307692307 0.047776442307692304 0.050180288461538464
0 0.5769230769230769 0.4182692307692308 0.08082932692307693 0.046875
0 0.5709134615384616 0.3112980769230769 0.06580528846153846 0.039963942307692304
0 0.5769230769230769 0.47115384615384615 0.07782451923076923 0.03876201923076923
0 0.04807692307692308 0.38221153846153844 0.05859375 0.05198317307692308
0 0.10697115384615384 0.6514423076923077 0.057692307692307696 0.04417067307692308
1 0.013221153846153846 0.3076923076923077 0.026442307692307692 0.15865384615384615
1 0.8990384615384616 0.2824519230769231 0.039663461538461536 0.10336538461538461
1 0.9002403846153846 0.3918269230769231 0.03515625 0.09254807692307693
1 0.9002403846153846 0.5048076923076923 0.03155048076923077 0.10606971153846154
1 0.003605769230769231 0.5973557692307693 0.007211538461538462 0.055288461538461536
1 0.009615384615384616 0.7043269230769231 0.019230769230769232 0.125
1 0.09014423076923077 0.4855769230769231 0.022536057692307692 0.1583533653846154