2 0.7211538461538461 0.2644230769230769 0.34134615384615385 0.17728365384615385
2 0.7199519230769231 0.37740384615384615 0.35096153846153844 0.16766826923076922
2 0.7211538461538461 0.4951923076923077 0.33533653846153844 0.1240985576923077
2 0.20793269230769232 0.6971153846153846 0.41586538461538464 0.1388221153846154
2 0.06129807692307692 0.5901442307692307 0.12259615384615384 0.07932692307692307
2 0.24639423076923078 0.5913461538461539 0.19230769230769232 0.08713942307692307
2 0.28125 0.4182692307692308 0.5625 0.44711538461538464
2 0.03245192307692308 0.4675480769230769 0.06460336538461539 0.15655048076923078
2 0.2439903846153846 0.5901442307692307 0.18269230769230768 0.08924278846153846
2 0.3870192307692308 0.4266826923076923 0.07632211538461539 0.08413461538461539
0 0.4495192307692308 0.4362980769230769 0.07662259615384616 0.05108173076923077
0 0.3737980769230769 0.5012019230769231 0.07481971153846154 0.045072115384615384
0 0.4795673076923077 0.5625 0.07842548076923077 0.10997596153846154
0 0.36538461538461536 0.6033653846153846 0.06640625 0.04296875
0 0.38341346153846156 0.6117788461538461 0.05048076923076923 0.052884615384615384
0 0.5721153846153846 0.4050480769230769 0.08143028846153846 0.03545673076923077
0 0.5661057692307693 0.296875 0.0655048076923077 0.03635817307692308
0 0.5721153846153846 0.45913461538461536 0.078125 0.04266826923076923
0 0.03245192307692308 0.36778846153846156 0.06430288461538461 0.054086538461538464
0 0.09254807692307693 0.6430288461538461 0.05979567307692308 0.046274038461538464
1 0.9014423076923077 0.2668269230769231 0.0390625 0.10576923076923077
1 0.9014423076923077 0.3786057692307692 0.04296875 0.09615384615384616
1 0.9014423076923077 0.49399038461538464 0.029146634615384616 0.1084735576923077
1 0.07572115384615384 0.4735576923076923 0.050180288461538464 0.1580528846153846