2 0.7367788461538461 0.29447115384615385 0.3428485576923077 0.11748798076923077
2 0.7355769230769231 0.40865384615384615 0.35486778846153844 0.15294471153846154
2 0.7367788461538461 0.5276442307692307 0.3434495192307692 0.15625
2 0.21754807692307693 0.7319711538461539 0.43509615384615385 0.19951923076923078
2 0.0673076923076923 0.6262019230769231 0.13341346153846154 0.08383413461538461
2 0.25721153846153844 0.625 0.1932091346153846 0.10606971153846154
2 0.29447115384615385 0.45072115384615385 0.5889423076923077 0.4879807692307692
2 0.037259615384615384 0.4987980769230769 0.07451923076923077 0.16105769230769232
2 0.2548076923076923 0.6237980769230769 0.18299278846153846 0.0928485576923077
2 0.39903846153846156 0.4579326923076923 0.08082932692307693 0.08804086538461539
0 0.46274038461538464 0.46875 0.07481971153846154 0.052884615384615384
0 0.3858173076923077 0.5336538461538461 0.08173076923076923 0.05739182692307692
0 0.49278846153846156 0.5949519230769231 0.07241586538461539 0.10727163461538461
0 0.37740384615384615 0.6370192307692307 0.06280048076923077 0.03756009615384615
0 0.3954326923076923 0.6454326923076923 0.05108173076923077 0.052884615384615384
0 0.5865384615384616 0.4362980769230769 0.08203125 0.04056490384615385
0 0.5805288461538461 0.3269230769230769 0.0673076923076923 0.039663461538461536
0 0.5865384615384616 0.49158653846153844 0.08082932692307693 0.04026442307692308
0 0.042067307692307696 0.39903846153846156 0.06430288461538461 0.05709134615384615
0 0.10216346153846154 0.6766826923076923 0.059495192307692304 0.04567307692307692
1 0.008413461538461538 0.3233173076923077 0.016826923076923076 0.1658653846153846
1 0.9182692307692307 0.296875 0.03786057692307692 0.1084735576923077
1 0.9194711538461539 0.4098557692307692 0.03665865384615385 0.09885817307692307
1 0.9194711538461539 0.5264423076923077 0.039963942307692304 0.11057692307692307
1 0.004807692307692308 0.7331730769230769 0.009615384615384616 0.12980769230769232
1 0.08413461538461539 0.5060096153846154 0.02794471153846154 0.16135817307692307