2 0.3449519230769231 0.32091346153846156 0.3876201923076923 0.35306490384615385
2 0.10336538461538461 0.6694711538461539 0.1484375 0.36868990384615385
2 0.34615384615384615 0.6658653846153846 0.4026442307692308 0.41346153846153844
2 0.5973557692307693 0.6141826923076923 0.13611778846153846 0.48287259615384615
2 0.8317307692307693 0.31850961538461536 0.3230168269230769 0.34375
2 0.5961538461538461 0.2620192307692308 0.13010817307692307 0.18780048076923078
0 0.16346153846153846 0.5600961538461539 0.1541466346153846 0.13040865384615385
0 0.49759615384615385 0.5612980769230769 0.07632211538461539 0.09795673076923077
0 0.49278846153846156 0.4230769230769231 0.0907451923076923 0.1006610576923077
0 0.5961538461538461 0.40384615384615385 0.06820913461538461 0.11478365384615384
0 0.6935096153846154 0.42908653846153844 0.08864182692307693 0.10336538461538461
0 0.5793269230769231 0.9002403846153846 0.0859375 0.12319711538461539
1 0.16706730769230768 0.3269230769230769 0.028846153846153848 0.22536057692307693
1 0.9771634615384616 0.35096153846153844 0.04567307692307692 0.18269230769230768
1 0.16947115384615385 0.7367788461538461 0.021634615384615384 0.21875