2 0.3401442307692308 0.3112980769230769 0.3870192307692308 0.3479567307692308
2 0.09254807692307693 0.6670673076923077 0.1171875 0.37169471153846156
2 0.34134615384615385 0.6622596153846154 0.3942307692307692 0.41015625
2 0.5973557692307693 0.6105769230769231 0.2283653846153846 0.49609375
2 0.8365384615384616 0.3088942307692308 0.31189903846153844 0.33353365384615385
2 0.5961538461538461 0.25 0.1622596153846154 0.20733173076923078
0 0.15384615384615385 0.5552884615384616 0.16346153846153846 0.13942307692307693
0 0.4951923076923077 0.5564903846153846 0.09104567307692307 0.10817307692307693
0 0.49038461538461536 0.41586538461538464 0.08233173076923077 0.09254807692307693
0 0.5961538461538461 0.3954326923076923 0.08233173076923077 0.1201923076923077
0 0.6959134615384616 0.421875 0.09314903846153846 0.10426682692307693
0 0.578125 0.9026442307692307 0.08864182692307693 0.12740384615384615
1 0.15745192307692307 0.3173076923076923 0.04957932692307692 0.22596153846153846
1 0.984375 0.3401442307692308 0.03125 0.18990384615384615
1 0.15985576923076922 0.7355769230769231 0.01622596153846154 0.22175480769230768