2 0.35697115384615385 0.3112980769230769 0.3557692307692308 0.31490384615384615
2 0.11899038461538461 0.65625 0.13131009615384615 0.36478365384615385
2 0.3581730769230769 0.6514423076923077 0.3993389423076923 0.41256009615384615
2 0.6069711538461539 0.6009615384615384 0.1658653846153846 0.4846754807692308
2 0.8365384615384616 0.3076923076923077 0.3269230769230769 0.34615384615384615
2 0.6045673076923077 0.25240384615384615 0.16045673076923078 0.20282451923076922
0 0.1778846153846154 0.546875 0.15384615384615385 0.12830528846153846
0 0.5084134615384616 0.5492788461538461 0.08924278846153846 0.10426682692307693
0 0.5024038461538461 0.41225961538461536 0.09134615384615384 0.10096153846153846
0 0.6057692307692307 0.39302884615384615 0.07692307692307693 0.11388221153846154
0 0.7019230769230769 0.4182692307692308 0.08173076923076923 0.09645432692307693
0 0.5889423076923077 0.8846153846153846 0.07662259615384616 0.1162860576923077
1 0.1814903846153846 0.3173076923076923 0.04026442307692308 0.2205528846153846
1 0.9807692307692307 0.3389423076923077 0.038461538461538464 0.18269230769230768
1 0.18269230769230768 0.7223557692307693 0.05198317307692308 0.21153846153846154