1 0.3293269230769231 0.17908653846153846 0.1240985576923077 0.0655048076923077
1 0.5420673076923077 0.1778846153846154 0.15685096153846154 0.06219951923076923
1 0.921875 0.5384615384615384 0.05498798076923077 0.12590144230769232
1 0.8137019230769231 0.4338942307692308 0.16135817307692307 0.027043269230769232
1 0.7211538461538461 0.25961538461538464 0.03275240384615385 0.09495192307692307
1 0.3858173076923077 0.49759615384615385 0.6941105769230769 0.6385216346153846
1 0.16105769230769232 0.6526442307692307 0.23016826923076922 0.2644230769230769
1 0.7427884615384616 0.6189903846153846 0.3740985576923077 0.41015625
0 0.546875 0.6670673076923077 0.1123798076923077 0.1171875
0 0.7632211538461539 0.3629807692307692 0.13221153846153846 0.1310096153846154
0 0.2932692307692308 0.7211538461538461 0.11117788461538461 0.11959134615384616
0 0.3269230769230769 0.8665865384615384 0.1102764423076923 0.1427283653846154