1 0.3245192307692308 0.1935096153846154 0.12109375 0.07542067307692307
1 0.5324519230769231 0.19230769230769232 0.15625 0.06310096153846154
1 0.9038461538461539 0.5456730769230769 0.06310096153846154 0.12109375
1 0.7980769230769231 0.44350961538461536 0.1544471153846154 0.06009615384615385
1 0.7079326923076923 0.27283653846153844 0.025540865384615384 0.09134615384615384
1 0.3798076923076923 0.5048076923076923 0.70703125 0.6547475961538461
1 0.15865384615384615 0.6574519230769231 0.203125 0.24699519230769232
1 0.7295673076923077 0.625 0.32211538461538464 0.3662860576923077
0 0.5372596153846154 0.6706730769230769 0.1123798076923077 0.1162860576923077
0 0.7487980769230769 0.3737980769230769 0.1171875 0.1171875
0 0.28846153846153844 0.7247596153846154 0.10697115384615384 0.11688701923076923
0 0.32211538461538464 0.8677884615384616 0.09104567307692307 0.13010817307692307