1 0.32572115384615385 0.19471153846153846 0.1201923076923077 0.07241586538461539
1 0.5336538461538461 0.19230769230769232 0.15474759615384615 0.06640625
1 0.9026442307692307 0.5444711538461539 0.04567307692307692 0.1219951923076923
1 0.7980769230769231 0.4423076923076923 0.1583533653846154 0.048677884615384616
1 0.7079326923076923 0.27163461538461536 0.016526442307692308 0.09134615384615384
1 0.38100961538461536 0.5036057692307693 0.7355769230769231 0.6923076923076923
1 0.16105769230769232 0.65625 0.20612980769230768 0.24549278846153846
1 0.7283653846153846 0.6225961538461539 0.3566706730769231 0.3936298076923077
0 0.5384615384615384 0.6694711538461539 0.10036057692307693 0.10576923076923077
0 0.7487980769230769 0.37259615384615385 0.13131009615384615 0.12980769230769232
0 0.29086538461538464 0.7223557692307693 0.09164663461538461 0.10336538461538461
0 0.3245192307692308 0.8641826923076923 0.10546875 0.13762019230769232