2 0.4675480769230769 0.10216346153846154 0.8389423076923077 0.20432692307692307
2 0.47596153846153844 0.5252403846153846 0.8365384615384616 0.6697716346153846
2 0.7692307692307693 0.35336538461538464 0.25390625 0.32602163461538464
2 0.6442307692307693 0.7355769230769231 0.20072115384615385 0.24969951923076922
2 0.4879807692307692 0.7572115384615384 0.15895432692307693 0.17277644230769232
2 0.24519230769230768 0.7271634615384616 0.3792067307692308 0.29086538461538464
1 0.14423076923076922 0.1814903846153846 0.09555288461538461 0.032151442307692304
1 0.2439903846153846 0.18629807692307693 0.09615384615384616 0.05979567307692308
1 0.49399038461538464 0.1875 0.10426682692307693 0.048978365384615384
1 0.7584134615384616 0.18509615384615385 0.11268028846153846 0.06640625
1 0.04927884615384615 0.703125 0.055288461538461536 0.09344951923076923
0 0.3701923076923077 0.15504807692307693 0.10126201923076923 0.12770432692307693
0 0.6189903846153846 0.5853365384615384 0.11388221153846154 0.12980769230769232
0 0.78125 0.46875 0.1063701923076923 0.12860576923076922
0 0.8064903846153846 0.8521634615384616 0.14693509615384615 0.22596153846153846
0 0.30288461538461536 0.65625 0.11117788461538461 0.11478365384615384
0 0.6009615384615384 0.7211538461538461 0.1162860576923077 0.10606971153846154