2 0.4651442307692308 0.09735576923076923 0.8302283653846154 0.17548076923076922
2 0.47115384615384615 0.5420673076923077 0.8467548076923077 0.6811899038461539
2 0.7644230769230769 0.3701923076923077 0.22986778846153846 0.30799278846153844
2 0.6394230769230769 0.7536057692307693 0.20673076923076922 0.25210336538461536
2 0.4831730769230769 0.7740384615384616 0.14813701923076922 0.16256009615384615
2 0.2403846153846154 0.7451923076923077 0.35997596153846156 0.25
1 0.13942307692307693 0.19831730769230768 0.09555288461538461 0.032151442307692304
1 0.23918269230769232 0.203125 0.09615384615384616 0.059194711538461536
1 0.4891826923076923 0.20432692307692307 0.10426682692307693 0.05739182692307692
1 0.7536057692307693 0.20192307692307693 0.11207932692307693 0.061598557692307696
1 0.04447115384615385 0.7199519230769231 0.04146634615384615 0.08924278846153846
0 0.36538461538461536 0.171875 0.09104567307692307 0.12169471153846154
0 0.6141826923076923 0.6021634615384616 0.1271033653846154 0.13942307692307693
0 0.7764423076923077 0.4855769230769231 0.10096153846153846 0.12439903846153846
0 0.8016826923076923 0.8689903846153846 0.12770432692307693 0.22115384615384615
0 0.2980769230769231 0.6730769230769231 0.1063701923076923 0.10697115384615384
0 0.5973557692307693 0.7379807692307693 0.11688701923076923 0.10486778846153846