2 0.47716346153846156 0.12139423076923077 0.8245192307692307 0.24278846153846154
2 0.484375 0.5324519230769231 0.8942307692307693 0.7620192307692307
2 0.7752403846153846 0.3629807692307692 0.23828125 0.31310096153846156
2 0.6514423076923077 0.7415865384615384 0.20552884615384615 0.25150240384615385
2 0.4963942307692308 0.7620192307692307 0.15685096153846154 0.17247596153846154
2 0.25600961538461536 0.7331730769230769 0.375 0.2920673076923077
1 0.15625 0.1935096153846154 0.09224759615384616 0.038461538461538464
1 0.2548076923076923 0.1971153846153846 0.09525240384615384 0.056490384615384616
1 0.5024038461538461 0.19951923076923078 0.10216346153846154 0.04717548076923077
1 0.7644230769230769 0.1971153846153846 0.11057692307692307 0.06760817307692307
1 0.06370192307692307 0.7091346153846154 0.052884615384615384 0.09254807692307693
0 0.3798076923076923 0.16706730769230768 0.10096153846153846 0.12740384615384615
0 0.6262019230769231 0.5925480769230769 0.11057692307692307 0.1271033653846154
0 0.7860576923076923 0.47716346153846156 0.10126201923076923 0.12289663461538461
0 0.8112980769230769 0.8569711538461539 0.11838942307692307 0.21844951923076922
0 0.3137019230769231 0.6622596153846154 0.10787259615384616 0.10907451923076923
0 0.609375 0.7259615384615384 0.1123798076923077 0.09735576923076923