2 0.4651442307692308 0.125 0.8100961538461539 0.25
2 0.4579326923076923 0.4579326923076923 0.8125 0.5369591346153846
2 0.7175480769230769 0.6478365384615384 0.25961538461538464 0.12800480769230768
2 0.671875 0.7944711538461539 0.3428485576923077 0.14723557692307693
2 0.28846153846153844 0.7980769230769231 0.47055288461538464 0.2364783653846154
1 0.2536057692307692 0.1875 0.17097355769230768 0.06219951923076923
1 0.6490384615384616 0.19230769230769232 0.14993990384615385 0.042367788461538464
0 0.41586538461538464 0.1466346153846154 0.1580528846153846 0.11538461538461539
0 0.4362980769230769 0.7716346153846154 0.18118990384615385 0.12079326923076923
0 0.4050480769230769 0.8762019230769231 0.21454326923076922 0.21424278846153846
0 0.6610576923076923 0.7608173076923077 0.1541466346153846 0.12650240384615385