2 0.47716346153846156 0.14783653846153846 0.8052884615384616 0.2956730769230769
2 0.47115384615384615 0.49759615384615385 0.8028846153846154 0.5243389423076923
2 0.7307692307692307 0.6875 0.2704326923076923 0.16286057692307693
2 0.6838942307692307 0.8341346153846154 0.35306490384615385 0.20552884615384615
2 0.3004807692307692 0.8377403846153846 0.4753605769230769 0.20823317307692307
1 0.265625 0.22716346153846154 0.17518028846153846 0.04957932692307692
1 0.6610576923076923 0.23197115384615385 0.14873798076923078 0.051382211538461536
0 0.42908653846153844 0.18629807692307693 0.15084134615384615 0.10576923076923077
0 0.4483173076923077 0.8112980769230769 0.18118990384615385 0.1201923076923077
0 0.4170673076923077 0.9050480769230769 0.2091346153846154 0.18990384615384615
0 0.6742788461538461 0.8004807692307693 0.15174278846153846 0.11989182692307693