2 0.47836538461538464 0.12379807692307693 0.7932692307692307 0.24759615384615385
2 0.4735576923076923 0.4795673076923077 0.8227163461538461 0.5880408653846154
2 0.7247596153846154 0.6634615384615384 0.26622596153846156 0.16256009615384615
2 0.6802884615384616 0.8052884615384616 0.34194711538461536 0.18329326923076922
2 0.3088942307692308 0.8088942307692307 0.4543269230769231 0.15865384615384615
1 0.27403846153846156 0.21634615384615385 0.16917067307692307 0.048677884615384616
1 0.6586538461538461 0.22115384615384615 0.14332932692307693 0.057692307692307696
0 0.4326923076923077 0.17668269230769232 0.14903846153846154 0.10817307692307693
0 0.4519230769230769 0.7836538461538461 0.17217548076923078 0.1006610576923077
0 0.421875 0.8846153846153846 0.20042067307692307 0.20072115384615385
0 0.6706730769230769 0.7728365384615384 0.14963942307692307 0.11838942307692307