2 0.5697115384615384 0.10576923076923077 0.7076322115384616 0.21033653846153846
2 0.5480769230769231 0.5108173076923077 0.7980769230769231 0.6902043269230769
2 0.3016826923076923 0.5961538461538461 0.2283653846153846 0.12530048076923078
2 0.2920673076923077 0.7199519230769231 0.24699519230769232 0.18028846153846154
2 0.203125 0.859375 0.40625 0.23798076923076922
2 0.6598557692307693 0.8725961538461539 0.4924879807692308 0.1736778846153846
1 0.6634615384615384 0.21995192307692307 0.16856971153846154 0.039963942307692304
0 0.49038461538461536 0.17908653846153846 0.15354567307692307 0.13251201923076922
0 0.47115384615384615 0.6105769230769231 0.16436298076923078 0.07241586538461539
0 0.4987980769230769 0.8497596153846154 0.19020432692307693 0.10426682692307693
0 0.5216346153846154 0.9254807692307693 0.20673076923076922 0.14903846153846154
0 0.32091346153846156 0.8389423076923077 0.16165865384615385 0.1310096153846154