2 0.5841346153846154 0.12379807692307693 0.6826923076923077 0.24759615384615385
2 0.5637019230769231 0.4951923076923077 0.7596153846153846 0.6496394230769231
2 0.3269230769230769 0.578125 0.22025240384615385 0.1201923076923077
2 0.3173076923076923 0.6959134615384616 0.22986778846153846 0.15174278846153846
2 0.22235576923076922 0.8305288461538461 0.4113581730769231 0.23287259615384615
2 0.6706730769230769 0.8425480769230769 0.47506009615384615 0.24368990384615385
1 0.6754807692307693 0.21634615384615385 0.16346153846153846 0.06310096153846154
0 0.5084134615384616 0.17668269230769232 0.14753605769230768 0.12650240384615385
0 0.4891826923076923 0.5913461538461539 0.16105769230769232 0.08563701923076923
0 0.5168269230769231 0.8197115384615384 0.18780048076923078 0.1201923076923077
0 0.5372596153846154 0.9038461538461539 0.21875 0.19230769230769232
0 0.34615384615384615 0.8100961538461539 0.14933894230769232 0.11598557692307693