2 0.5817307692307693 0.11057692307692307 0.6923076923076923 0.22115384615384615
2 0.5612980769230769 0.4891826923076923 0.7376802884615384 0.6090745192307693
2 0.32211538461538464 0.5733173076923077 0.22626201923076922 0.13731971153846154
2 0.3125 0.6923076923076923 0.23497596153846154 0.1622596153846154
2 0.21634615384615385 0.828125 0.41796875 0.22746394230769232
2 0.6694711538461539 0.8401442307692307 0.4834735576923077 0.21814903846153846
1 0.6730769230769231 0.20793269230769232 0.16376201923076922 0.059495192307692304
0 0.5060096153846154 0.16826923076923078 0.14182692307692307 0.11598557692307693
0 0.4855769230769231 0.5865384615384616 0.16316105769230768 0.0868389423076923
0 0.5144230769230769 0.8185096153846154 0.18329326923076922 0.09765625
0 0.5336538461538461 0.9038461538461539 0.22115384615384615 0.19230769230769232
0 0.34134615384615385 0.8076923076923077 0.15895432692307693 0.1307091346153846