2 0.09495192307692307 0.36538461538461536 0.18269230769230768 0.5345552884615384
2 0.3245192307692308 0.3605769230769231 0.40775240384615385 0.5381610576923077
2 0.6057692307692307 0.6418269230769231 0.26352163461538464 0.38491586538461536
2 0.8221153846153846 0.6454326923076923 0.2692307692307692 0.37349759615384615
2 0.7908653846153846 0.2824519230769231 0.3362379807692308 0.38221153846153844
2 0.5721153846153846 0.359375 0.1775841346153846 0.20673076923076922
2 0.5841346153846154 0.18509615384615385 0.12590144230769232 0.14873798076923078
1 0.14903846153846154 0.2932692307692308 0.03756009615384615 0.35546875
1 0.9375 0.27524038461538464 0.04927884615384615 0.17097355769230768
1 0.9362980769230769 0.6490384615384616 0.032151442307692304 0.18269230769230768
0 0.7355769230769231 0.5264423076923077 0.06790865384615384 0.10546875
0 0.6586538461538461 0.20552884615384615 0.05859375 0.08804086538461539
0 0.6802884615384616 0.41225961538461536 0.061598557692307696 0.12319711538461539
0 0.6189903846153846 0.5072115384615384 0.06881009615384616 0.1201923076923077
0 0.47115384615384615 0.546875 0.08623798076923077 0.13131009615384615
0 0.6538461538461539 0.8305288461538461 0.11538461538461539 0.2581129807692308