2 0.0985576923076923 0.36177884615384615 0.14483173076923078 0.5399639423076923
2 0.328125 0.35697115384615385 0.38671875 0.5261418269230769
2 0.609375 0.6382211538461539 0.27554086538461536 0.3879206730769231
2 0.8257211538461539 0.6418269230769231 0.23317307692307693 0.35606971153846156
2 0.7944711538461539 0.27884615384615385 0.30618990384615385 0.3641826923076923
2 0.5757211538461539 0.3557692307692308 0.17938701923076922 0.20673076923076922
2 0.5877403846153846 0.1814903846153846 0.12349759615384616 0.1427283653846154
1 0.15264423076923078 0.28966346153846156 0.07061298076923077 0.34765625
1 0.9411057692307693 0.27163461538461536 0.0546875 0.16856971153846154
1 0.9399038461538461 0.6454326923076923 0.043569711538461536 0.18088942307692307
0 0.7391826923076923 0.5228365384615384 0.07932692307692307 0.11207932692307693
0 0.6610576923076923 0.20192307692307693 0.05859375 0.08623798076923077
0 0.6838942307692307 0.40865384615384615 0.07361778846153846 0.12920673076923078
0 0.6225961538461539 0.5036057692307693 0.05859375 0.11838942307692307
0 0.47475961538461536 0.5420673076923077 0.0694110576923077 0.12349759615384616
0 0.6574519230769231 0.8269230769230769 0.08473557692307693 0.25931490384615385