2 0.07932692307692307 0.38221153846153844 0.14423076923076922 0.5615985576923077
2 0.31850961538461536 0.3762019230769231 0.43028846153846156 0.5625
2 0.609375 0.6694711538461539 0.22385817307692307 0.3819110576923077
2 0.8341346153846154 0.6730769230769231 0.2442908653846154 0.37109375
2 0.8028846153846154 0.2956730769230769 0.3473557692307692 0.3987379807692308
2 0.5757211538461539 0.3762019230769231 0.17608173076923078 0.20973557692307693
2 0.5877403846153846 0.19471153846153846 0.14903846153846154 0.16766826923076922
1 0.13581730769230768 0.30649038461538464 0.019230769230769232 0.36778846153846156
1 0.9543269230769231 0.28846153846153844 0.04417067307692308 0.1817908653846154
1 0.953125 0.6766826923076923 0.026442307692307692 0.19230769230769232
0 0.7451923076923077 0.5492788461538461 0.08713942307692307 0.11748798076923077
0 0.6646634615384616 0.21514423076923078 0.06881009615384616 0.09314903846153846
0 0.6875 0.43028846153846156 0.07662259615384616 0.13401442307692307
0 0.6237980769230769 0.5288461538461539 0.07061298076923077 0.125
0 0.4699519230769231 0.5697115384615384 0.07842548076923077 0.13371394230769232
0 0.6598557692307693 0.8653846153846154 0.09795673076923077 0.26893028846153844