2 0.23076923076923078 0.31490384615384615 0.1544471153846154 0.25600961538461536
2 0.20552884615384615 0.41947115384615385 0.10576923076923077 0.05979567307692308
2 0.2091346153846154 0.5769230769230769 0.1307091346153846 0.2512019230769231
2 0.30408653846153844 0.6634615384615384 0.07421875 0.07692307692307693
2 0.3016826923076923 0.5721153846153846 0.08383413461538461 0.10576923076923077
2 0.3713942307692308 0.30288461538461536 0.14753605769230768 0.23918269230769232
2 0.3473557692307692 0.5600961538461539 0.1893028846153846 0.29897836538461536
2 0.5384615384615384 0.44711538461538464 0.30709134615384615 0.5342548076923077
2 0.7319711538461539 0.3088942307692308 0.1796875 0.24278846153846154
2 0.6923076923076923 0.4951923076923077 0.08143028846153846 0.1162860576923077
2 0.7680288461538461 0.49278846153846156 0.08864182692307693 0.1307091346153846
2 0.7307692307692307 0.6382211538461539 0.17818509615384615 0.17578125
2 0.5408653846153846 0.5949519230769231 0.23137019230769232 0.2626201923076923
2 0.34134615384615385 0.7668269230769231 0.14513221153846154 0.0733173076923077
1 0.234375 0.1778846153846154 0.0625 0.027644230769230768
1 0.37259615384615385 0.17668269230769232 0.04837740384615385 0.020733173076923076
1 0.5300480769230769 0.18269230769230768 0.12740384615384615 0.029146634615384616
1 0.6189903846153846 0.18028846153846154 0.035757211538461536 0.01953125
1 0.7415865384615384 0.1814903846153846 0.0703125 0.030348557692307692
1 0.7331730769230769 0.7247596153846154 0.04417067307692308 0.030348557692307692
1 0.6189903846153846 0.7259615384615384 0.041165865384615384 0.02794471153846154
1 0.4891826923076923 0.7199519230769231 0.07932692307692307 0.040865384615384616
1 0.2127403846153846 0.7199519230769231 0.05108173076923077 0.02403846153846154
0 0.20673076923076922 0.3557692307692308 0.03876201923076923 0.04927884615384615
0 0.3112980769230769 0.3894230769230769 0.0946514423076923 0.07692307692307693
0 0.328125 0.5096153846153846 0.08383413461538461 0.10997596153846154
0 0.3088942307692308 0.7439903846153846 0.05048076923076923 0.06971153846153846
0 0.375 0.7487980769230769 0.04417067307692308 0.08864182692307693
0 0.24278846153846154 0.484375 0.052584134615384616 0.06911057692307693
0 0.6670673076923077 0.3762019230769231 0.04567307692307692 0.0625
0 0.7644230769230769 0.5901442307692307 0.05318509615384615 0.07451923076923077
0 0.6682692307692307 0.640625 0.061899038461538464 0.06490384615384616
0 0.8341346153846154 0.6418269230769231 0.052884615384615384 0.0625
0 0.75 0.5060096153846154 0.053786057692307696 0.06520432692307693