2 0.21514423076923078 0.3125 0.18269230769230768 0.26953125
2 0.18870192307692307 0.41466346153846156 0.11207932692307693 0.07542067307692307
2 0.19230769230769232 0.5709134615384616 0.15384615384615385 0.2527043269230769
2 0.2860576923076923 0.6574519230769231 0.07692307692307693 0.07962740384615384
2 0.2848557692307692 0.5661057692307693 0.07542067307692307 0.10306490384615384
2 0.35336538461538464 0.3004807692307692 0.13942307692307693 0.23557692307692307
2 0.3293269230769231 0.5540865384615384 0.17818509615384615 0.29146634615384615
2 0.5192307692307693 0.4423076923076923 0.2776442307692308 0.5285456730769231
2 0.7091346153846154 0.30528846153846156 0.16436298076923078 0.23167067307692307
2 0.6706730769230769 0.49038461538461536 0.07692307692307693 0.11538461538461539
2 0.7451923076923077 0.48677884615384615 0.08774038461538461 0.12980769230769232
2 0.7091346153846154 0.6310096153846154 0.17698317307692307 0.17518028846153846
2 0.5204326923076923 0.5877403846153846 0.23076923076923078 0.26111778846153844
2 0.3245192307692308 0.7584134615384616 0.14903846153846154 0.08383413461538461
1 0.21875 0.17668269230769232 0.0625 0.025540865384615384
1 0.3545673076923077 0.17548076923076922 0.050180288461538464 0.018329326923076924
1 0.5096153846153846 0.18028846153846154 0.12469951923076923 0.048677884615384616
1 0.5985576923076923 0.1778846153846154 0.034254807692307696 0.023137019230769232
1 0.71875 0.18028846153846154 0.07151442307692307 0.029747596153846152
1 0.7115384615384616 0.7163461538461539 0.043569711538461536 0.028245192307692308
1 0.5985576923076923 0.7175480769230769 0.03876201923076923 0.025841346153846152
1 0.4699519230769231 0.7127403846153846 0.07932692307692307 0.04026442307692308
1 0.19591346153846154 0.7115384615384616 0.05108173076923077 0.027644230769230768
0 0.19110576923076922 0.35216346153846156 0.03665865384615385 0.05048076923076923
0 0.2932692307692308 0.3858173076923077 0.09044471153846154 0.06881009615384616
0 0.31009615384615385 0.5036057692307693 0.0772235576923077 0.10426682692307693
0 0.2920673076923077 0.7355769230769231 0.049879807692307696 0.06850961538461539
0 0.35697115384615385 0.7403846153846154 0.050180288461538464 0.08774038461538461
0 0.22596153846153846 0.4795673076923077 0.05829326923076923 0.07211538461538461
0 0.6466346153846154 0.3713942307692308 0.04837740384615385 0.06460336538461539
0 0.7427884615384616 0.5841346153846154 0.053786057692307696 0.07241586538461539
0 0.6466346153846154 0.6334134615384616 0.057992788461538464 0.06430288461538461
0 0.8112980769230769 0.6346153846153846 0.05108173076923077 0.061598557692307696
0 0.7283653846153846 0.5012019230769231 0.057992788461538464 0.06881009615384616