2 0.22716346153846154 0.3401442307692308 0.1893028846153846 0.26742788461538464
2 0.20072115384615385 0.4411057692307692 0.1084735576923077 0.07451923076923077
2 0.20552884615384615 0.5961538461538461 0.12319711538461539 0.24519230769230768
2 0.296875 0.6802884615384616 0.07451923076923077 0.07752403846153846
2 0.2956730769230769 0.5901442307692307 0.07211538461538461 0.0985576923076923
2 0.3629807692307692 0.328125 0.12439903846153846 0.2244591346153846
2 0.3401442307692308 0.578125 0.17487980769230768 0.2899639423076923
2 0.5264423076923077 0.46875 0.2785456730769231 0.51953125
2 0.7139423076923077 0.33413461538461536 0.19140625 0.2442908653846154
2 0.6754807692307693 0.515625 0.08263221153846154 0.1180889423076923
2 0.7487980769230769 0.5132211538461539 0.07542067307692307 0.12259615384615384
2 0.7127403846153846 0.6550480769230769 0.1697716346153846 0.16676682692307693
2 0.5276442307692307 0.6117788461538461 0.24188701923076922 0.2668269230769231
2 0.33413461538461536 0.7800480769230769 0.14002403846153846 0.07061298076923077
1 0.23076923076923078 0.20673076923076922 0.06280048076923077 0.03275240384615385
1 0.3641826923076923 0.20552884615384615 0.049879807692307696 0.021334134615384616
1 0.5168269230769231 0.21153846153846154 0.12469951923076923 0.030048076923076924
1 0.6045673076923077 0.20793269230769232 0.03545673076923077 0.025540865384615384
1 0.7223557692307693 0.21033653846153846 0.0694110576923077 0.019230769230769232
1 0.7163461538461539 0.7391826923076923 0.04326923076923077 0.026442307692307692
1 0.6045673076923077 0.7403846153846154 0.040865384615384616 0.028245192307692308
1 0.47716346153846156 0.734375 0.07842548076923077 0.04146634615384615
1 0.2091346153846154 0.734375 0.048978365384615384 0.030348557692307692
0 0.203125 0.3798076923076923 0.04026442307692308 0.05198317307692308
0 0.30408653846153844 0.41346153846153844 0.08864182692307693 0.0673076923076923
0 0.32091346153846156 0.5300480769230769 0.06911057692307693 0.10096153846153846
0 0.30288461538461536 0.7572115384615384 0.03876201923076923 0.06280048076923077
0 0.36658653846153844 0.7620192307692307 0.045072115384615384 0.08623798076923077
0 0.23798076923076922 0.5048076923076923 0.047475961538461536 0.0634014423076923
0 0.6514423076923077 0.39903846153846156 0.05198317307692308 0.06640625
0 0.7451923076923077 0.6081730769230769 0.047475961538461536 0.06790865384615384
0 0.6514423076923077 0.65625 0.061598557692307696 0.0634014423076923
0 0.8125 0.6574519230769231 0.05318509615384615 0.060697115384615384
0 0.7319711538461539 0.5264423076923077 0.059495192307692304 0.06790865384615384