2 0.25240384615384615 0.15865384615384615 0.12860576923076922 0.0859375
2 0.08774038461538461 0.27403846153846156 0.09945913461538461 0.1307091346153846
2 0.09014423076923077 0.40865384615384615 0.10276442307692307 0.1385216346153846
2 0.30528846153846156 0.4855769230769231 0.34555288461538464 0.5492788461538461
2 0.34975961538461536 0.8449519230769231 0.24308894230769232 0.1463341346153846
2 0.16346153846153846 0.8341346153846154 0.12439903846153846 0.13401442307692307
2 0.09375 0.8016826923076923 0.11057692307692307 0.22355769230769232
2 0.09014423076923077 0.5889423076923077 0.12800480769230768 0.2166466346153846
2 0.609375 0.39302884615384615 0.23407451923076922 0.37710336538461536
2 0.8269230769230769 0.39663461538461536 0.2839543269230769 0.4032451923076923
2 0.8269230769230769 0.6742788461538461 0.2647235576923077 0.22295673076923078
2 0.8257211538461539 0.8449519230769231 0.24849759615384615 0.13731971153846154
2 0.6117788461538461 0.7415865384615384 0.19951923076923078 0.33443509615384615
2 0.578125 0.6298076923076923 0.1123798076923077 0.10667067307692307
0 0.2548076923076923 0.1814903846153846 0.0625 0.08473557692307693
0 0.10216346153846154 0.36778846153846156 0.049879807692307696 0.05829326923076923
0 0.11177884615384616 0.5036057692307693 0.04807692307692308 0.0625
0 0.15384615384615385 0.6574519230769231 0.061598557692307696 0.059194711538461536
0 0.26802884615384615 0.6814903846153846 0.05618990384615385 0.08954326923076923
0 0.265625 0.8040865384615384 0.0703125 0.09435096153846154
0 0.17307692307692307 0.7536057692307693 0.053786057692307696 0.08924278846153846
0 0.6165865384615384 0.6586538461538461 0.07061298076923077 0.07572115384615384
0 0.6694711538461539 0.5528846153846154 0.0751201923076923 0.09615384615384616
0 0.7199519230769231 0.7355769230769231 0.0703125 0.07301682692307693
0 0.7211538461538461 0.8197115384615384 0.06700721153846154 0.07301682692307693
1 0.6610576923076923 0.9134615384615384 0.038161057692307696 0.01893028846153846
1 0.6346153846153846 0.21153846153846154 0.0967548076923077 0.028545673076923076
1 0.3786057692307692 0.21033653846153846 0.1201923076923077 0.040865384615384616
1 0.46875 0.5 0.033052884615384616 0.1580528846153846
1 0.9483173076923077 0.6754807692307693 0.012920673076923076 0.04807692307692308
1 0.8810096153846154 0.7800480769230769 0.09915865384615384 0.041165865384615384
1 0.18389423076923078 0.9086538461538461 0.03365384615384615 0.029146634615384616
1 0.0985576923076923 0.21033653846153846 0.028846153846153848 0.009615384615384616