2 0.24278846153846154 0.16346153846153846 0.1349158653846154 0.1015625
2 0.07692307692307693 0.27884615384615385 0.0967548076923077 0.13040865384615385
2 0.07932692307692307 0.41466346153846156 0.10036057692307693 0.13641826923076922
2 0.2956730769230769 0.49158653846153844 0.36478365384615385 0.5643028846153846
2 0.3401442307692308 0.8521634615384616 0.2578125 0.17548076923076922
2 0.15264423076923078 0.8413461538461539 0.11538461538461539 0.12620192307692307
2 0.0829326923076923 0.8088942307692307 0.1505408653846154 0.23317307692307693
2 0.07932692307692307 0.5949519230769231 0.13401442307692307 0.21935096153846154
2 0.6021634615384616 0.39783653846153844 0.19951923076923078 0.3680889423076923
2 0.8209134615384616 0.4014423076923077 0.3094951923076923 0.41256009615384615
2 0.8197115384615384 0.6802884615384616 0.265625 0.22566105769230768
2 0.8197115384615384 0.8521634615384616 0.24519230769230768 0.12319711538461539
2 0.6045673076923077 0.7487980769230769 0.2403846153846154 0.34945913461538464
2 0.5697115384615384 0.6358173076923077 0.12469951923076923 0.1219951923076923
0 0.24519230769230768 0.18509615384615385 0.05889423076923077 0.08263221153846154
0 0.09134615384615384 0.37259615384615385 0.043870192307692304 0.057692307692307696
0 0.10096153846153846 0.5096153846153846 0.05829326923076923 0.0712139423076923
0 0.14302884615384615 0.6634615384615384 0.05498798076923077 0.052584134615384616
0 0.25721153846153844 0.6887019230769231 0.06760817307692307 0.09435096153846154
0 0.25600961538461536 0.8112980769230769 0.07992788461538461 0.09915865384615384
0 0.1622596153846154 0.7596153846153846 0.059194711538461536 0.09104567307692307
0 0.609375 0.6646634615384616 0.06580528846153846 0.06971153846153846
0 0.6622596153846154 0.5576923076923077 0.07692307692307693 0.09615384615384616
0 0.7127403846153846 0.7427884615384616 0.0694110576923077 0.07181490384615384
0 0.7139423076923077 0.8269230769230769 0.057992788461538464 0.06700721153846154
1 0.6538461538461539 0.9206730769230769 0.03876201923076923 0.024338942307692308
1 0.6274038461538461 0.21514423076923078 0.10006009615384616 0.03635817307692308
1 0.36899038461538464 0.21514423076923078 0.12289663461538461 0.016826923076923076
1 0.46033653846153844 0.5048076923076923 0.04326923076923077 0.15775240384615385
1 0.9423076923076923 0.6826923076923077 0.009915865384615384 0.04807692307692308
1 0.875 0.7872596153846154 0.09735576923076923 0.035757211538461536
1 0.17427884615384615 0.9170673076923077 0.03365384615384615 0.028846153846153848
1 0.08774038461538461 0.21394230769230768 0.028846153846153848 0.013822115384615384