2 0.2668269230769231 0.12860576923076922 0.1388221153846154 0.10276442307692307
2 0.10096153846153846 0.2439903846153846 0.1063701923076923 0.13641826923076922
2 0.10216346153846154 0.38100961538461536 0.11268028846153846 0.14182692307692307
2 0.31971153846153844 0.45913461538461536 0.3662860576923077 0.5670072115384616
2 0.36538461538461536 0.8221153846153846 0.26352163461538464 0.19140625
2 0.17668269230769232 0.8112980769230769 0.13251201923076922 0.14152644230769232
2 0.10697115384615384 0.7788461538461539 0.14693509615384615 0.23497596153846154
2 0.10216346153846154 0.5625 0.13671875 0.22145432692307693
2 0.6274038461538461 0.36538461538461536 0.24609375 0.38070913461538464
2 0.8473557692307693 0.36778846153846156 0.2959735576923077 0.4089543269230769
2 0.8473557692307693 0.6490384615384616 0.26712740384615385 0.22596153846153846
2 0.8461538461538461 0.8221153846153846 0.2587139423076923 0.16466346153846154
2 0.6310096153846154 0.7175480769230769 0.23828125 0.35096153846153844
2 0.5961538461538461 0.6045673076923077 0.11989182692307693 0.1171875
0 0.2692307692307692 0.1502403846153846 0.06790865384615384 0.08924278846153846
0 0.11538461538461539 0.3389423076923077 0.047475961538461536 0.061598557692307696
0 0.12379807692307693 0.47716346153846156 0.05438701923076923 0.06580528846153846
0 0.16706730769230768 0.6322115384615384 0.06099759615384615 0.05859375
0 0.2824519230769231 0.6574519230769231 0.06580528846153846 0.0946514423076923
0 0.2800480769230769 0.7800480769230769 0.07451923076923077 0.09885817307692307
0 0.18629807692307693 0.7295673076923077 0.05588942307692308 0.09134615384615384
0 0.6346153846153846 0.6334134615384616 0.0712139423076923 0.07391826923076923
0 0.6887019230769231 0.5264423076923077 0.0703125 0.09585336538461539
0 0.7391826923076923 0.7115384615384616 0.07481971153846154 0.07752403846153846
0 0.7415865384615384 0.796875 0.06520432692307693 0.07211538461538461
1 0.6802884615384616 0.890625 0.038161057692307696 0.017728365384615384
1 0.6526442307692307 0.1814903846153846 0.09885817307692307 0.036057692307692304
1 0.3942307692307692 0.18028846153846154 0.12469951923076923 0.015024038461538462
1 0.4855769230769231 0.4723557692307692 0.038461538461538464 0.16015625
1 0.9699519230769231 0.6514423076923077 0.011117788461538462 0.04807692307692308
1 0.9026442307692307 0.7560096153846154 0.09945913461538461 0.04056490384615385
1 0.19831730769230768 0.8870192307692307 0.03545673076923077 0.029447115384615384
1 0.11177884615384616 0.18028846153846154 0.028846153846153848 0.009615384615384616