2 0.2692307692307692 0.09254807692307693 0.4423076923076923 0.18509615384615385
2 0.11177884615384616 0.3161057692307692 0.16646634615384615 0.3055889423076923
2 0.25 0.31490384615384615 0.2109375 0.31640625
2 0.1502403846153846 0.5060096153846154 0.20853365384615385 0.09915865384615384
2 0.10216346153846154 0.5925480769230769 0.10576923076923077 0.0946514423076923
2 0.2932692307692308 0.5060096153846154 0.0673076923076923 0.08383413461538461
2 0.4026442307692308 0.47475961538461536 0.16556490384615385 0.15685096153846154
2 0.40384615384615385 0.2824519230769231 0.18840144230769232 0.2527043269230769
2 0.7524038461538461 0.08653846153846154 0.43209134615384615 0.12620192307692307
2 0.7560096153846154 0.2668269230769231 0.44981971153846156 0.28275240384615385
2 0.6490384615384616 0.45913461538461536 0.24579326923076922 0.21183894230769232
2 0.5697115384615384 0.5048076923076923 0.07632211538461539 0.08233173076923077
2 0.5925480769230769 0.5973557692307693 0.1084735576923077 0.0889423076923077
2 0.8173076923076923 0.6057692307692307 0.29927884615384615 0.10486778846153846
2 0.8665865384615384 0.4579326923076923 0.2325721153846154 0.2130408653846154
1 0.12139423076923077 0.15745192307692307 0.0889423076923077 0.02403846153846154
1 0.25721153846153844 0.15745192307692307 0.13431490384615385 0.051382211538461536
1 0.3954326923076923 0.15865384615384615 0.1463341346153846 0.02794471153846154
1 0.6189903846153846 0.16346153846153846 0.10787259615384616 0.029146634615384616
1 0.7860576923076923 0.16466346153846154 0.12890625 0.025540865384615384
1 0.9050480769230769 0.16346153846153846 0.1271033653846154 0.028846153846153848
1 0.8329326923076923 0.5552884615384616 0.10817307692307693 0.04447115384615385
1 0.6971153846153846 0.5540865384615384 0.07301682692307693 0.026442307692307692
0 0.18990384615384615 0.3449519230769231 0.05318509615384615 0.05078125
0 0.2127403846153846 0.14182692307692307 0.041165865384615384 0.057692307692307696
0 0.3545673076923077 0.14543269230769232 0.05588942307692308 0.06460336538461539
0 0.6995192307692307 0.14903846153846154 0.0634014423076923 0.07572115384615384
0 0.3076923076923077 0.3449519230769231 0.056490384615384616 0.051382211538461536
0 0.3485576923076923 0.44591346153846156 0.0634014423076923 0.055288461538461536
0 0.28966346153846156 0.4495192307692308 0.05438701923076923 0.04837740384615385
0 0.20793269230769232 0.48677884615384615 0.050180288461538464 0.057692307692307696
0 0.12980769230769232 0.5288461538461539 0.04837740384615385 0.047475961538461536
0 0.625 0.4831730769230769 0.043569711538461536 0.04447115384615385
0 0.6911057692307693 0.5697115384615384 0.04657451923076923 0.04447115384615385
0 0.6646634615384616 0.5949519230769231 0.057692307692307696 0.04537259615384615
0 0.9350961538461539 0.4182692307692308 0.05348557692307692 0.04927884615384615