2 0.27163461538461536 0.09134615384615384 0.44711538461538464 0.18269230769230768
2 0.11298076923076923 0.3173076923076923 0.13521634615384615 0.30228365384615385
2 0.25240384615384615 0.3161057692307692 0.16376201923076922 0.30288461538461536
2 0.15144230769230768 0.5084134615384616 0.20282451923076922 0.07872596153846154
2 0.10336538461538461 0.5949519230769231 0.10216346153846154 0.09375
2 0.29447115384615385 0.5084134615384616 0.07061298076923077 0.08653846153846154
2 0.4050480769230769 0.47716346153846156 0.16346153846153846 0.15564903846153846
2 0.4074519230769231 0.28365384615384615 0.18028846153846154 0.2512019230769231
2 0.7572115384615384 0.08653846153846154 0.4362980769230769 0.12620192307692307
2 0.7608173076923077 0.2668269230769231 0.4504206730769231 0.28305288461538464
2 0.6526442307692307 0.46033653846153844 0.22926682692307693 0.18599759615384615
2 0.5733173076923077 0.5072115384615384 0.07061298076923077 0.0811298076923077
2 0.5961538461538461 0.5997596153846154 0.11929086538461539 0.09915865384615384
2 0.8221153846153846 0.6081730769230769 0.2980769230769231 0.08203125
2 0.8713942307692307 0.46033653846153844 0.21484375 0.19050480769230768
1 0.12259615384615384 0.15865384615384615 0.0907451923076923 0.0234375
1 0.25961538461538464 0.15865384615384615 0.1346153846153846 0.048978365384615384
1 0.39783653846153844 0.15865384615384615 0.1466346153846154 0.024338942307692308
1 0.6237980769230769 0.16346153846153846 0.10817307692307693 0.023137019230769232
1 0.7908653846153846 0.16466346153846154 0.12950721153846154 0.016526442307692308
1 0.9098557692307693 0.16346153846153846 0.12740384615384615 0.0234375
1 0.8389423076923077 0.5576923076923077 0.10997596153846154 0.038461538461538464
1 0.7019230769230769 0.5564903846153846 0.07632211538461539 0.031850961538461536
0 0.19110576923076922 0.34615384615384615 0.05078125 0.04417067307692308
0 0.21394230769230768 0.14182692307692307 0.047776442307692304 0.061899038461538464
0 0.35697115384615385 0.14543269230769232 0.055288461538461536 0.06400240384615384
0 0.7043269230769231 0.14903846153846154 0.06280048076923077 0.07572115384615384
0 0.31009615384615385 0.34615384615384615 0.052884615384615384 0.048677884615384616
0 0.35096153846153844 0.44711538461538464 0.05859375 0.05198317307692308
0 0.2920673076923077 0.45072115384615385 0.05438701923076923 0.050180288461538464
0 0.2091346153846154 0.4891826923076923 0.05198317307692308 0.057692307692307696
0 0.1310096153846154 0.53125 0.051382211538461536 0.05198317307692308
0 0.6286057692307693 0.4855769230769231 0.04567307692307692 0.043870192307692304
0 0.6947115384615384 0.5709134615384616 0.04837740384615385 0.046274038461538464
0 0.6694711538461539 0.5973557692307693 0.059194711538461536 0.044771634615384616
0 0.9399038461538461 0.41947115384615385 0.051682692307692304 0.04567307692307692