2 0.2548076923076923 0.07692307692307693 0.4519230769230769 0.15384615384615385
2 0.09495192307692307 0.3076923076923077 0.1346153846153846 0.30258413461538464
2 0.23557692307692307 0.30649038461538464 0.2127403846153846 0.3194110576923077
2 0.13341346153846154 0.5012019230769231 0.21003605769230768 0.11328125
2 0.08413461538461539 0.5889423076923077 0.10546875 0.09525240384615384
2 0.27884615384615385 0.5012019230769231 0.07241586538461539 0.08864182692307693
2 0.390625 0.46875 0.17097355769230768 0.1640625
2 0.3918269230769231 0.27403846153846156 0.18719951923076922 0.25841346153846156
2 0.7451923076923077 0.08413461538461539 0.4423076923076923 0.16826923076923078
2 0.75 0.25721153846153844 0.45643028846153844 0.25991586538461536
2 0.640625 0.453125 0.24368990384615385 0.20462740384615385
2 0.5600961538461539 0.5 0.0772235576923077 0.08623798076923077
2 0.5829326923076923 0.59375 0.11538461538461539 0.09645432692307693
2 0.8112980769230769 0.6021634615384616 0.3004807692307692 0.08413461538461539
2 0.8617788461538461 0.4519230769230769 0.23347355769230768 0.21183894230769232
1 0.1045673076923077 0.14783653846153846 0.08924278846153846 0.03545673076923077
1 0.24278846153846154 0.14783653846153846 0.13972355769230768 0.036959134615384616
1 0.38221153846153844 0.14783653846153846 0.14873798076923078 0.02734375
1 0.6105769230769231 0.15264423076923078 0.1063701923076923 0.036057692307692304
1 0.7788461538461539 0.15384615384615385 0.12920673076923078 0.029146634615384616
1 0.9002403846153846 0.15264423076923078 0.1271033653846154 0.03545673076923077
1 0.828125 0.5516826923076923 0.1084735576923077 0.045973557692307696
1 0.6899038461538461 0.5504807692307693 0.07271634615384616 0.03245192307692308
0 0.17427884615384615 0.33774038461538464 0.055588942307692304 0.052884615384615384
0 0.1971153846153846 0.1310096153846154 0.052884615384615384 0.06430288461538461
0 0.3401442307692308 0.1346153846153846 0.057692307692307696 0.06610576923076923
0 0.6923076923076923 0.13822115384615385 0.0673076923076923 0.0751201923076923
0 0.29447115384615385 0.33774038461538464 0.057692307692307696 0.05588942307692308
0 0.33533653846153844 0.43990384615384615 0.06009615384615385 0.048978365384615384
0 0.27524038461538464 0.44350961538461536 0.05498798076923077 0.05108173076923077
0 0.19230769230769232 0.48197115384615385 0.052884615384615384 0.059495192307692304
0 0.11298076923076923 0.5240384615384616 0.053786057692307696 0.05318509615384615
0 0.6153846153846154 0.47836538461538464 0.0390625 0.04266826923076923
0 0.6826923076923077 0.5649038461538461 0.04927884615384615 0.047475961538461536
0 0.65625 0.5913461538461539 0.056790865384615384 0.04266826923076923
0 0.9302884615384616 0.4110576923076923 0.048677884615384616 0.043870192307692304