2 0.25240384615384615 0.43149038461538464 0.2647235576923077 0.40564903846153844
2 0.7199519230769231 0.13341346153846154 0.32481971153846156 0.21814903846153846
2 0.71875 0.5168269230769231 0.36929086538461536 0.6015625
2 0.43149038461538464 0.71875 0.2860576923076923 0.2166466346153846
2 0.47596153846153844 0.5528846153846154 0.1544471153846154 0.14933894230769232
2 0.47475961538461536 0.3485576923076923 0.19230769230769232 0.24969951923076922
2 0.20673076923076922 0.7163461538461539 0.20192307692307693 0.19801682692307693
1 0.2548076923076923 0.22716346153846154 0.14362980769230768 0.036959134615384616
1 0.4855769230769231 0.22596153846153846 0.07301682692307693 0.034254807692307696
1 0.7536057692307693 0.2247596153846154 0.16526442307692307 0.04537259615384615
0 0.5925480769230769 0.3581730769230769 0.1180889423076923 0.11899038461538461
0 0.6346153846153846 0.18509615384615385 0.08533653846153846 0.1102764423076923
0 0.34375 0.5949519230769231 0.09044471153846154 0.11298076923076923
0 0.3233173076923077 0.7319711538461539 0.06911057692307693 0.0703125
0 0.49278846153846156 0.6694711538461539 0.0634014423076923 0.08804086538461539
0 0.5144230769230769 0.8137019230769231 0.12590144230769232 0.21394230769230768