2 0.25841346153846156 0.4110576923076923 0.2995793269230769 0.4188701923076923
2 0.7211538461538461 0.11658653846153846 0.31850961538461536 0.2091346153846154
2 0.7199519230769231 0.4951923076923077 0.40625 0.6057692307692307
2 0.4362980769230769 0.6947115384615384 0.27403846153846156 0.1932091346153846
2 0.4795673076923077 0.53125 0.17938701923076922 0.17277644230769232
2 0.4795673076923077 0.3293269230769231 0.17518028846153846 0.23677884615384615
2 0.21394230769230768 0.6923076923076923 0.20192307692307693 0.1974158653846154
1 0.2608173076923077 0.21033653846153846 0.14212740384615385 0.03155048076923077
1 0.4891826923076923 0.20793269230769232 0.07451923076923077 0.041165865384615384
1 0.7548076923076923 0.20793269230769232 0.16856971153846154 0.021334134615384616
0 0.5949519230769231 0.3389423076923077 0.11538461538461539 0.11448317307692307
0 0.6370192307692307 0.16826923076923078 0.09044471153846154 0.11478365384615384
0 0.34975961538461536 0.5721153846153846 0.10276442307692307 0.12109375
0 0.328125 0.7079326923076923 0.06580528846153846 0.0703125
0 0.49759615384615385 0.6466346153846154 0.06310096153846154 0.08653846153846154
0 0.5180288461538461 0.7896634615384616 0.09885817307692307 0.20402644230769232