2 0.24759615384615385 0.4182692307692308 0.25991586538461536 0.3984375
2 0.7103365384615384 0.12379807692307693 0.3094951923076923 0.18509615384615385
2 0.7091346153846154 0.5024038461538461 0.33653846153846156 0.5859375
2 0.4254807692307692 0.7019230769230769 0.2842548076923077 0.21544471153846154
2 0.46875 0.5384615384615384 0.17217548076923078 0.16736778846153846
2 0.46875 0.33653846153846156 0.1583533653846154 0.22956730769230768
2 0.20192307692307693 0.7007211538461539 0.18689903846153846 0.18419471153846154
1 0.25 0.21754807692307693 0.14393028846153846 0.03155048076923077
1 0.47836538461538464 0.21514423076923078 0.07211538461538461 0.030949519230769232
1 0.7427884615384616 0.21514423076923078 0.16796875 0.030348557692307692
0 0.5841346153846154 0.34615384615384615 0.1015625 0.10126201923076923
0 0.6262019230769231 0.17548076923076922 0.08383413461538461 0.109375
0 0.3389423076923077 0.5793269230769231 0.08713942307692307 0.11448317307692307
0 0.3173076923076923 0.7151442307692307 0.07602163461538461 0.07872596153846154
0 0.48677884615384615 0.6538461538461539 0.06430288461538461 0.08653846153846154
0 0.5072115384615384 0.796875 0.1102764423076923 0.20823317307692307