1 0.04447115384615385 0.23798076923076922 0.04326923076923077 0.1349158653846154
1 0.04447115384615385 0.3858173076923077 0.03064903846153846 0.051382211538461536
1 0.05048076923076923 0.7980769230769231 0.04417067307692308 0.1640625
1 0.8076923076923077 0.22355769230769232 0.06610576923076923 0.16736778846153846
0 0.8377403846153846 0.34615384615384615 0.11838942307692307 0.11147836538461539
0 0.28125 0.2764423076923077 0.0733173076923077 0.08743990384615384
0 0.34375 0.5492788461538461 0.0811298076923077 0.07842548076923077
0 0.421875 0.6682692307692307 0.09885817307692307 0.1162860576923077
0 0.2704326923076923 0.6766826923076923 0.10366586538461539 0.09615384615384616
2 0.19591346153846154 0.234375 0.27554086538461536 0.20042067307692307
2 0.25841346153846156 0.39663461538461536 0.11538461538461539 0.12920673076923078
2 0.13581730769230768 0.4014423076923077 0.13701923076923078 0.1580528846153846
2 0.18990384615384615 0.5324519230769231 0.24609375 0.19020432692307693
2 0.20432692307692307 0.7920673076923077 0.30859375 0.3446514423076923
2 0.5600961538461539 0.3918269230769231 0.5036057692307693 0.6301081730769231
2 0.8966346153846154 0.24519230769230768 0.19200721153846154 0.3503605769230769