1 0.039663461538461536 0.23918269230769232 0.05048076923076923 0.13251201923076922
1 0.039663461538461536 0.3858173076923077 0.03125 0.05438701923076923
1 0.04567307692307692 0.7956730769230769 0.052584134615384616 0.16376201923076922
1 0.7992788461538461 0.2247596153846154 0.05588942307692308 0.16646634615384615
0 0.8293269230769231 0.3473557692307692 0.12439903846153846 0.1171875
0 0.27524038461538464 0.2776442307692308 0.08383413461538461 0.09435096153846154
0 0.33774038461538464 0.5480769230769231 0.0694110576923077 0.06700721153846154
0 0.41466346153846156 0.6670673076923077 0.09825721153846154 0.11358173076923077
0 0.2644230769230769 0.6742788461538461 0.09525240384615384 0.08804086538461539
2 0.18990384615384615 0.23557692307692307 0.2698317307692308 0.1971153846153846
2 0.25240384615384615 0.39663461538461536 0.11538461538461539 0.12530048076923078
2 0.1310096153846154 0.4014423076923077 0.13131009615384615 0.15354567307692307
2 0.18389423076923078 0.53125 0.25961538461538464 0.2109375
2 0.19831730769230768 0.7884615384615384 0.3293269230769231 0.3602764423076923
2 0.5528846153846154 0.3918269230769231 0.5856370192307693 0.6787860576923077
2 0.8882211538461539 0.24639423076923078 0.17487980769230768 0.34375