1 0.042067307692307696 0.24519230769230768 0.03635817307692308 0.1307091346153846
1 0.042067307692307696 0.3894230769230769 0.028846153846153848 0.04927884615384615
1 0.04927884615384615 0.7956730769230769 0.0703125 0.15895432692307693
1 0.7944711538461539 0.23076923076923078 0.04567307692307692 0.16436298076923078
0 0.8233173076923077 0.35096153846153844 0.11207932692307693 0.1006610576923077
0 0.27524038461538464 0.2824519230769231 0.07421875 0.08834134615384616
0 0.33653846153846156 0.5504807692307693 0.0712139423076923 0.06670673076923077
0 0.41346153846153844 0.6682692307692307 0.09134615384615384 0.1141826923076923
0 0.2644230769230769 0.6754807692307693 0.09555288461538461 0.08653846153846154
2 0.19110576923076922 0.24158653846153846 0.2902644230769231 0.22896634615384615
2 0.2536057692307692 0.40024038461538464 0.12349759615384616 0.1346153846153846
2 0.13221153846153846 0.40625 0.11959134615384616 0.14483173076923078
2 0.18509615384615385 0.5336538461538461 0.25 0.19771634615384615
2 0.19951923076923078 0.7896634615384616 0.31790865384615385 0.3485576923076923
2 0.5504807692307693 0.3954326923076923 0.5625 0.6652644230769231
2 0.8810096153846154 0.2512019230769231 0.19381009615384615 0.3440504807692308