2 0.17548076923076922 0.2548076923076923 0.2920673076923077 0.42758413461538464
2 0.17548076923076922 0.6850961538461539 0.2731370192307692 0.4143629807692308
2 0.5865384615384616 0.4651442307692308 0.6787860576923077 0.9230769230769231
2 0.7355769230769231 0.6814903846153846 0.27884615384615385 0.4326923076923077
2 0.8810096153846154 0.45913461538461536 0.23798076923076922 0.8461538461538461
1 0.8449519230769231 0.1935096153846154 0.03064903846153846 0.3125
1 0.4362980769230769 0.03485576923076923 0.1180889423076923 0.026442307692307692
1 0.03125 0.3485576923076923 0.0625 0.23557692307692307
1 0.03125 0.609375 0.03275240384615385 0.23858173076923078
0 0.28846153846153844 0.41466346153846156 0.0907451923076923 0.10787259615384616
0 0.2920673076923077 0.6141826923076923 0.0889423076923077 0.1201923076923077
0 0.7127403846153846 0.42427884615384615 0.08383413461538461 0.14152644230769232
0 0.875 0.40384615384615385 0.10126201923076923 0.11658653846153846
0 0.45913461538461536 0.7752403846153846 0.08653846153846154 0.11207932692307693
0 0.6033653846153846 0.5961538461538461 0.08263221153846154 0.13371394230769232
0 0.35697115384615385 0.9387019230769231 0.10817307692307693 0.12259615384615384