2 0.17668269230769232 0.25961538461538464 0.35336538461538464 0.4519230769230769
2 0.17548076923076922 0.6790865384615384 0.32211538461538464 0.43509615384615385
2 0.5757211538461539 0.4651442307692308 0.5844350961538461 0.8716947115384616
2 0.7211538461538461 0.6754807692307693 0.2512019230769231 0.41736778846153844
2 0.8930288461538461 0.46033653846153844 0.19411057692307693 0.8344350961538461
1 0.828125 0.20072115384615385 0.04567307692307692 0.3043870192307692
1 0.43028846153846156 0.04567307692307692 0.11598557692307693 0.033052884615384616
1 0.03245192307692308 0.35096153846153844 0.06009615384615385 0.23197115384615385
1 0.03485576923076923 0.6057692307692307 0.026141826923076924 0.23076923076923078
0 0.2860576923076923 0.41586538461538464 0.08052884615384616 0.10006009615384616
0 0.28966346153846156 0.609375 0.09375 0.1201923076923077
0 0.6995192307692307 0.4254807692307692 0.07181490384615384 0.13040865384615385
0 0.8569711538461539 0.4050480769230769 0.08473557692307693 0.10576923076923077
0 0.4519230769230769 0.7668269230769231 0.09044471153846154 0.1102764423076923
0 0.5925480769230769 0.5925480769230769 0.08864182692307693 0.13221153846153846
0 0.35216346153846156 0.9350961538461539 0.09375 0.12980769230769232