2 0.1814903846153846 0.2620192307692308 0.3347355769230769 0.4417067307692308
2 0.1814903846153846 0.6754807692307693 0.28515625 0.41346153846153844
2 0.578125 0.4639423076923077 0.5796274038461539 0.8611778846153846
2 0.7211538461538461 0.671875 0.2734375 0.4182692307692308
2 0.890625 0.4579326923076923 0.21875 0.8245192307692307
1 0.8269230769230769 0.20192307692307693 0.052884615384615384 0.29747596153846156
1 0.4338942307692308 0.04927884615384615 0.11328125 0.03125
1 0.039663461538461536 0.35096153846153844 0.06009615384615385 0.23137019230769232
1 0.042067307692307696 0.6021634615384616 0.041165865384615384 0.2283653846153846
0 0.29086538461538464 0.41466346153846156 0.09104567307692307 0.10576923076923077
0 0.29447115384615385 0.6069711538461539 0.09375 0.11868990384615384
0 0.6995192307692307 0.42427884615384615 0.09224759615384616 0.14092548076923078
0 0.8557692307692307 0.4050480769230769 0.09705528846153846 0.11328125
0 0.4543269230769231 0.7620192307692307 0.07692307692307693 0.10216346153846154
0 0.59375 0.5901442307692307 0.0811298076923077 0.12770432692307693
0 0.35697115384615385 0.9314903846153846 0.10336538461538461 0.13701923076923078