0 0.12259615384615384 0.2860576923076923 0.18840144230769232 0.2941706730769231
0 0.578125 0.2860576923076923 0.4182692307692308 0.3233173076923077
0 0.4050480769230769 0.6442307692307693 0.7575120192307693 0.46724759615384615
0 0.8629807692307693 0.6418269230769231 0.16856971153846154 0.42397836538461536
1 0.78125 0.28125 0.029447115384615384 0.15925480769230768
1 0.7800480769230769 0.5925480769230769 0.06971153846153846 0.24699519230769232
0 0.09975961538461539 0.8137019230769231 0.11268028846153846 0.1346153846153846
0 0.09014423076923077 0.4723557692307692 0.09915865384615384 0.11688701923076923
0 0.4266826923076923 0.40024038461538464 0.0889423076923077 0.12229567307692307
0 0.7451923076923077 0.7836538461538461 0.12469951923076923 0.12049278846153846
2 0.2980769230769231 0.2956730769230769 0.19170673076923078 0.3173076923076923