0 0.1346153846153846 0.2980769230769231 0.19230769230769232 0.28455528846153844
0 0.5721153846153846 0.2980769230769231 0.39002403846153844 0.2932692307692308
0 0.40625 0.640625 0.7454927884615384 0.51171875
0 0.84375 0.6394230769230769 0.20192307692307693 0.41346153846153844
1 0.765625 0.2932692307692308 0.030949519230769232 0.15384615384615385
1 0.7644230769230769 0.5913461538461539 0.02403846153846154 0.24068509615384615
0 0.11298076923076923 0.8028846153846154 0.1015625 0.1240985576923077
0 0.10336538461538461 0.47716346153846156 0.08082932692307693 0.09945913461538461
0 0.4254807692307692 0.4074519230769231 0.09104567307692307 0.11868990384615384
0 0.7319711538461539 0.7752403846153846 0.13221153846153846 0.12830528846153846
2 0.30288461538461536 0.3076923076923077 0.1739783653846154 0.3019831730769231