0 0.12860576923076922 0.3016826923076923 0.19891826923076922 0.2899639423076923
0 0.5661057692307693 0.3016826923076923 0.3719951923076923 0.2644230769230769
0 0.40024038461538464 0.6454326923076923 0.7472956730769231 0.51171875
0 0.8389423076923077 0.6430288461538461 0.20552884615384615 0.41165865384615385
1 0.7596153846153846 0.2980769230769231 0.038161057692307696 0.15384615384615385
1 0.7584134615384616 0.5961538461538461 0.03665865384615385 0.24068509615384615
0 0.10697115384615384 0.8076923076923077 0.11838942307692307 0.1349158653846154
0 0.09735576923076923 0.4807692307692308 0.0850360576923077 0.10546875
0 0.41947115384615385 0.4110576923076923 0.10366586538461539 0.12890625
0 0.7259615384615384 0.7788461538461539 0.13040865384615385 0.12890625
2 0.296875 0.3125 0.15715144230769232 0.29356971153846156