2 0.6237980769230769 0.09375 0.09344951923076923 0.06790865384615384
2 0.4362980769230769 0.2091346153846154 0.0946514423076923 0.1502403846153846
2 0.5276442307692307 0.2091346153846154 0.10757211538461539 0.15925480769230768
2 0.6262019230769231 0.2091346153846154 0.1268028846153846 0.16736778846153846
2 0.7103365384615384 0.17548076923076922 0.08954326923076923 0.10096153846153846
2 0.7139423076923077 0.25600961538461536 0.0673076923076923 0.0703125
2 0.6045673076923077 0.3918269230769231 0.2770432692307692 0.21604567307692307
2 0.42427884615384615 0.31850961538461536 0.08022836538461539 0.06911057692307693
2 0.4338942307692308 0.4254807692307692 0.10426682692307693 0.1580528846153846
2 0.28725961538461536 0.5444711538461539 0.11868990384615384 0.08443509615384616
2 0.28365384615384615 0.7079326923076923 0.15955528846153846 0.2581129807692308
0 0.28846153846153844 0.8629807692307693 0.09104567307692307 0.08173076923076923
0 0.34975961538461536 0.5637019230769231 0.04056490384615385 0.040865384615384616
0 0.47115384615384615 0.36778846153846156 0.029146634615384616 0.043569711538461536
0 0.41466346153846156 0.3605769230769231 0.032151442307692304 0.03395432692307692
0 0.47596153846153844 0.27283653846153844 0.023737980769230768 0.03515625
0 0.5564903846153846 0.27163461538461536 0.030949519230769232 0.042067307692307696
0 0.6466346153846154 0.12139423076923077 0.029146634615384616 0.032151442307692304
0 0.6862980769230769 0.18870192307692307 0.02734375 0.025841346153846152
0 0.7307692307692307 0.2091346153846154 0.019831730769230768 0.03365384615384615
0 0.4951923076923077 0.48677884615384615 0.02794471153846154 0.03064903846153846
1 0.43149038461538464 0.5012019230769231 0.05108173076923077 0.02403846153846154
1 0.3425480769230769 0.6610576923076923 0.021033653846153848 0.08052884615384616
1 0.5745192307692307 0.5 0.04266826923076923 0.014423076923076924
1 0.6694711538461539 0.4987980769230769 0.05078125 0.022536057692307692
1 0.4375 0.1346153846153846 0.04927884615384615 0.023737980769230768
1 0.5348557692307693 0.13341346153846154 0.046274038461538464 0.022536057692307692