2 0.6189903846153846 0.10336538461538461 0.09825721153846154 0.07091346153846154
2 0.4254807692307692 0.22115384615384615 0.11117788461538461 0.16316105769230768
2 0.5204326923076923 0.22115384615384615 0.10336538461538461 0.16316105769230768
2 0.6201923076923077 0.22115384615384615 0.1141826923076923 0.16376201923076922
2 0.7079326923076923 0.1875 0.0889423076923077 0.10096153846153846
2 0.7103365384615384 0.2692307692307692 0.07001201923076923 0.07632211538461539
2 0.5985576923076923 0.4098557692307692 0.3076923076923077 0.2569110576923077
2 0.41346153846153844 0.33413461538461536 0.08173076923076923 0.06790865384615384
2 0.42427884615384615 0.44350961538461536 0.11057692307692307 0.16075721153846154
2 0.27283653846153844 0.5649038461538461 0.11388221153846154 0.07632211538461539
2 0.2692307692307692 0.7331730769230769 0.16376201923076922 0.265625
0 0.27403846153846156 0.8918269230769231 0.08653846153846154 0.07301682692307693
0 0.33653846153846156 0.5853365384615384 0.0390625 0.038461538461538464
0 0.46153846153846156 0.38461538461538464 0.029146634615384616 0.047475961538461536
0 0.40384615384615385 0.37740384615384615 0.033353365384615384 0.034555288461538464
0 0.4675480769230769 0.28725961538461536 0.020733173076923076 0.03545673076923077
0 0.5492788461538461 0.2860576923076923 0.03064903846153846 0.042367788461538464
0 0.6418269230769231 0.13221153846153846 0.03275240384615385 0.03786057692307692
0 0.6814903846153846 0.20072115384615385 0.030348557692307692 0.027043269230769232
0 0.7283653846153846 0.22115384615384615 0.02794471153846154 0.037259615384615384
0 0.48677884615384615 0.5060096153846154 0.028846153846153848 0.032151442307692304
1 0.4206730769230769 0.5216346153846154 0.05348557692307692 0.024939903846153848
1 0.33052884615384615 0.6850961538461539 0.016826923076923076 0.08173076923076923
1 0.5673076923076923 0.5192307692307693 0.04296875 0.015024038461538462
1 0.6658653846153846 0.5192307692307693 0.05228365384615385 0.014723557692307692
1 0.4266826923076923 0.14543269230769232 0.051382211538461536 0.025841346153846152
1 0.5276442307692307 0.14302884615384615 0.045973557692307696 0.016826923076923076