2 0.6310096153846154 0.08052884615384616 0.09615384615384616 0.0694110576923077
2 0.4411057692307692 0.1971153846153846 0.10907451923076923 0.16286057692307693
2 0.5336538461538461 0.1971153846153846 0.09104567307692307 0.15865384615384615
2 0.6334134615384616 0.19831730769230768 0.12980769230769232 0.17037259615384615
2 0.7199519230769231 0.16346153846153846 0.0850360576923077 0.10006009615384616
2 0.7223557692307693 0.24519230769230768 0.06881009615384616 0.0712139423076923
2 0.6117788461538461 0.38341346153846156 0.28185096153846156 0.21935096153846154
2 0.42908653846153844 0.3088942307692308 0.08022836538461539 0.0694110576923077
2 0.4387019230769231 0.4170673076923077 0.09314903846153846 0.15204326923076922
2 0.28966346153846156 0.5372596153846154 0.1171875 0.07542067307692307
2 0.2860576923076923 0.7043269230769231 0.1346153846153846 0.26021634615384615
0 0.29086538461538464 0.8605769230769231 0.08713942307692307 0.07602163461538461
0 0.35216346153846156 0.5576923076923077 0.038461538461538464 0.0390625
0 0.47596153846153844 0.3581730769230769 0.034555288461538464 0.047475961538461536
0 0.41947115384615385 0.35096153846153844 0.03515625 0.03756009615384615
0 0.48197115384615385 0.2620192307692308 0.022536057692307692 0.03395432692307692
0 0.5637019230769231 0.2620192307692308 0.03155048076923077 0.04296875
0 0.6538461538461539 0.10817307692307693 0.028545673076923076 0.033353365384615384
0 0.6947115384615384 0.17668269230769232 0.03275240384615385 0.028846153846153848
0 0.7403846153846154 0.1971153846153846 0.0234375 0.034254807692307696
0 0.5012019230769231 0.4795673076923077 0.027043269230769232 0.030949519230769232
1 0.4362980769230769 0.49399038461538464 0.051382211538461536 0.025540865384615384
1 0.34615384615384615 0.65625 0.010216346153846154 0.08143028846153846
1 0.5817307692307693 0.49278846153846156 0.04296875 0.014423076923076924
1 0.6778846153846154 0.49158653846153844 0.04927884615384615 0.026141826923076924
1 0.4423076923076923 0.12259615384615384 0.05318509615384615 0.028846153846153848
1 0.5420673076923077 0.1201923076923077 0.04567307692307692 0.018329326923076924