2 0.057692307692307696 0.19110576923076922 0.1063701923076923 0.14723557692307693
2 0.06850961538461539 0.43509615384615385 0.13701923076923078 0.35096153846153844
2 0.17307692307692307 0.36658653846153844 0.14513221153846154 0.53125
2 0.11899038461538461 0.6550480769230769 0.22355769230769232 0.060396634615384616
2 0.28966346153846156 0.71875 0.10727163461538461 0.18269230769230768
2 0.38822115384615385 0.7199519230769231 0.12229567307692307 0.18479567307692307
2 0.2704326923076923 0.35336538461538464 0.059495192307692304 0.1310096153846154
2 0.3245192307692308 0.33533653846153844 0.05709134615384615 0.11538461538461539
2 0.39783653846153844 0.3942307692307692 0.1268028846153846 0.23978365384615385
2 0.328125 0.45072115384615385 0.059194711538461536 0.11298076923076923
2 0.3389423076923077 0.5264423076923077 0.22025240384615385 0.22986778846153846
2 0.33774038461538464 0.19230769230769232 0.21484375 0.16346153846153846
2 0.5961538461538461 0.3605769230769231 0.22175480769230768 0.49549278846153844
2 0.8161057692307693 0.1875 0.21875 0.16346153846153846
2 0.8173076923076923 0.5480769230769231 0.2608173076923077 0.5435697115384616
2 0.7367788461538461 0.3485576923076923 0.07001201923076923 0.140625
2 0.7860576923076923 0.35216346153846156 0.05348557692307692 0.1346153846153846
2 0.7427884615384616 0.4675480769230769 0.06129807692307692 0.10727163461538461
2 0.7860576923076923 0.46634615384615385 0.03936298076923077 0.09645432692307693
1 0.3389423076923077 0.10576923076923077 0.16766826923076922 0.015024038461538462
1 0.39302884615384615 0.8185096153846154 0.05438701923076923 0.04026442307692308
1 0.28365384615384615 0.8209134615384616 0.043569711538461536 0.027043269230769232
1 0.44350961538461536 0.5721153846153846 0.014423076923076924 0.0967548076923077
1 0.8197115384615384 0.11177884615384616 0.17307692307692307 0.030348557692307692
1 0.7415865384615384 0.2704326923076923 0.045973557692307696 0.021634615384615384
1 0.7920673076923077 0.2824519230769231 0.04537259615384615 0.03635817307692308
1 0.8653846153846154 0.27163461538461536 0.08774038461538461 0.028846153846153848
1 0.7632211538461539 0.8149038461538461 0.0546875 0.02794471153846154
1 0.8701923076923077 0.8257211538461539 0.03936298076923077 0.020733173076923076
1 0.921875 0.7295673076923077 0.026141826923076924 0.09435096153846154
1 0.9242788461538461 0.5757211538461539 0.014423076923076924 0.10576923076923077
0 0.12980769230769232 0.20432692307692307 0.04717548076923077 0.07151442307692307
0 0.28125 0.24278846153846154 0.03395432692307692 0.05348557692307692
0 0.36778846153846156 0.2439903846153846 0.03245192307692308 0.055588942307692304
0 0.28365384615384615 0.390625 0.037259615384615384 0.05108173076923077
0 0.36899038461538464 0.49158653846153844 0.02734375 0.057692307692307696
0 0.41225961538461536 0.6550480769230769 0.03125 0.06911057692307693
0 0.27403846153846156 0.6622596153846154 0.03936298076923077 0.060697115384615384
0 0.7019230769230769 0.5456730769230769 0.038161057692307696 0.052584134615384616
0 0.7548076923076923 0.30649038461538464 0.029747596153846152 0.05048076923076923
0 0.7512019230769231 0.3894230769230769 0.036057692307692304 0.052884615384615384
0 0.7512019230769231 0.44711538461538464 0.028846153846153848 0.05318509615384615