2 0.09975961538461539 0.18509615384615385 0.10877403846153846 0.14393028846153846
2 0.09975961538461539 0.4170673076923077 0.11268028846153846 0.3332331730769231
2 0.2091346153846154 0.35096153846153844 0.20162259615384615 0.49549278846153844
2 0.15865384615384615 0.6225961538461539 0.21243990384615385 0.09134615384615384
2 0.31850961538461536 0.6826923076923077 0.11388221153846154 0.1814903846153846
2 0.4110576923076923 0.6838942307692307 0.1162860576923077 0.17518028846153846
2 0.3004807692307692 0.33774038461538464 0.052584134615384616 0.125
2 0.35216346153846156 0.31971153846153844 0.04807692307692308 0.10576923076923077
2 0.4206730769230769 0.37740384615384615 0.08143028846153846 0.22506009615384615
2 0.3545673076923077 0.43028846153846156 0.06520432692307693 0.1102764423076923
2 0.36538461538461536 0.5012019230769231 0.20612980769230768 0.21424278846153846
2 0.3641826923076923 0.18629807692307693 0.2091346153846154 0.1619591346153846
2 0.6069711538461539 0.3449519230769231 0.30288461538461536 0.49038461538461536
2 0.8149038461538461 0.1814903846153846 0.19771634615384615 0.14212740384615385
2 0.8173076923076923 0.5216346153846154 0.2776442307692308 0.5138221153846154
2 0.7403846153846154 0.3329326923076923 0.06820913461538461 0.13311298076923078
2 0.7872596153846154 0.33653846153846156 0.055288461538461536 0.12620192307692307
2 0.7463942307692307 0.44591346153846156 0.059495192307692304 0.09915865384615384
2 0.7860576923076923 0.44471153846153844 0.04837740384615385 0.09525240384615384
1 0.36538461538461536 0.1045673076923077 0.1544471153846154 0.019230769230769232
1 0.41586538461538464 0.7776442307692307 0.047776442307692304 0.03155048076923077
1 0.3125 0.7788461538461539 0.042367788461538464 0.029747596153846152
1 0.4639423076923077 0.5432692307692307 0.013822115384615384 0.09555288461538461
1 0.8185096153846154 0.11057692307692307 0.16165865384615385 0.039663461538461536
1 0.7451923076923077 0.25961538461538464 0.04326923076923077 0.01953125
1 0.7932692307692307 0.27163461538461536 0.03876201923076923 0.029447115384615384
1 0.8617788461538461 0.2608173076923077 0.08413461538461539 0.03635817307692308
1 0.765625 0.7740384615384616 0.05108173076923077 0.027644230769230768
1 0.8665865384615384 0.7836538461538461 0.036959134615384616 0.02403846153846154
1 0.9158653846153846 0.6923076923076923 0.014122596153846154 0.09555288461538461
1 0.9170673076923077 0.5480769230769231 0.01622596153846154 0.1006610576923077
0 0.16826923076923078 0.1971153846153846 0.03756009615384615 0.0634014423076923
0 0.3112980769230769 0.23317307692307693 0.027043269230769232 0.04837740384615385
0 0.39302884615384615 0.234375 0.026141826923076924 0.05048076923076923
0 0.3137019230769231 0.3737980769230769 0.030348557692307692 0.046274038461538464
0 0.39302884615384615 0.46875 0.025841346153846152 0.05318509615384615
0 0.4338942307692308 0.6225961538461539 0.03635817307692308 0.06640625
0 0.30408653846153844 0.6286057692307693 0.03125 0.05498798076923077
0 0.7079326923076923 0.5192307692307693 0.03635817307692308 0.05198317307692308
0 0.7572115384615384 0.29447115384615385 0.028245192307692308 0.046274038461538464
0 0.7536057692307693 0.37259615384615385 0.03545673076923077 0.051682692307692304
0 0.7536057692307693 0.4254807692307692 0.03635817307692308 0.053786057692307696