2 0.09615384615384616 0.18389423076923078 0.1201923076923077 0.15204326923076922
2 0.09615384615384616 0.421875 0.13431490384615385 0.34314903846153844
2 0.20793269230769232 0.35336538461538464 0.12319711538461539 0.5132211538461539
2 0.15625 0.6322115384615384 0.2205528846153846 0.0811298076923077
2 0.31971153846153844 0.6947115384615384 0.12590144230769232 0.18659855769230768
2 0.41586538461538464 0.6959134615384616 0.11508413461538461 0.1778846153846154
2 0.3016826923076923 0.3401442307692308 0.052884615384615384 0.12740384615384615
2 0.3545673076923077 0.32211538461538464 0.060396634615384616 0.11448317307692307
2 0.4254807692307692 0.38100961538461536 0.0967548076923077 0.23317307692307693
2 0.3581730769230769 0.43509615384615385 0.052884615384615384 0.10606971153846154
2 0.36899038461538464 0.5084134615384616 0.20012019230769232 0.21003605769230768
2 0.36778846153846156 0.18509615384615385 0.20192307692307693 0.14783653846153846
2 0.6165865384615384 0.3473557692307692 0.25961538461538464 0.4969951923076923
2 0.8293269230769231 0.17908653846153846 0.2169471153846154 0.1700721153846154
2 0.8317307692307693 0.5288461538461539 0.24609375 0.5243389423076923
2 0.7536057692307693 0.33533653846153844 0.06490384615384616 0.13701923076923078
2 0.8016826923076923 0.3389423076923077 0.049879807692307696 0.12980769230769232
2 0.7596153846153846 0.4519230769230769 0.04717548076923077 0.09735576923076923
2 0.8004807692307693 0.45072115384615385 0.051682692307692304 0.09765625
1 0.36899038461538464 0.10096153846153846 0.16015625 0.020432692307692308
1 0.4206730769230769 0.7920673076923077 0.048677884615384616 0.03155048076923077
1 0.31490384615384615 0.7932692307692307 0.043870192307692304 0.029447115384615384
1 0.4699519230769231 0.5516826923076923 0.012620192307692308 0.09615384615384616
1 0.8341346153846154 0.10697115384615384 0.16826923076923078 0.03064903846153846
1 0.7584134615384616 0.25961538461538464 0.045973557692307696 0.028245192307692308
1 0.8076923076923077 0.27283653846153844 0.04326923076923077 0.03545673076923077
1 0.8774038461538461 0.2620192307692308 0.08713942307692307 0.0390625
1 0.7788461538461539 0.7884615384615384 0.052584134615384616 0.019230769230769232
1 0.8834134615384616 0.7980769230769231 0.036959134615384616 0.020432692307692308
1 0.9326923076923077 0.7043269230769231 0.010516826923076924 0.09615384615384616
1 0.9350961538461539 0.5564903846153846 0.028245192307692308 0.09945913461538461
0 0.1658653846153846 0.19591346153846154 0.03485576923076923 0.06520432692307693
0 0.3125 0.23317307692307693 0.029447115384615384 0.051682692307692304
0 0.39663461538461536 0.234375 0.025240384615384616 0.05078125
0 0.31490384615384615 0.37740384615384615 0.028545673076923076 0.047776442307692304
0 0.39783653846153844 0.47475961538461536 0.030949519230769232 0.05588942307692308
0 0.4387019230769231 0.6322115384615384 0.035757211538461536 0.06820913461538461
0 0.30528846153846156 0.6394230769230769 0.03365384615384615 0.05709134615384615
0 0.7199519230769231 0.5264423076923077 0.04026442307692308 0.05228365384615385
0 0.7704326923076923 0.2956730769230769 0.026141826923076924 0.04837740384615385
0 0.7668269230769231 0.3762019230769231 0.03756009615384615 0.05438701923076923
0 0.7680288461538461 0.43149038461538464 0.02734375 0.052884615384615384