2 0.3557692307692308 0.10216346153846154 0.3317307692307692 0.19861778846153846
2 0.7163461538461539 0.11658653846153846 0.33653846153846156 0.23317307692307693
2 0.6213942307692307 0.29447115384615385 0.6457331730769231 0.18118990384615385
2 0.5889423076923077 0.44350961538461536 0.5775240384615384 0.22896634615384615
2 0.36899038461538464 0.6021634615384616 0.5144230769230769 0.2629206730769231
2 0.2668269230769231 0.7548076923076923 0.3176081730769231 0.13912259615384615
2 0.19110576923076922 0.8918269230769231 0.17037259615384615 0.1388221153846154
2 0.3473557692307692 0.9122596153846154 0.13191105769230768 0.11057692307692307
2 0.5685096153846154 0.8966346153846154 0.28665865384615385 0.14423076923076922
2 0.78125 0.8966346153846154 0.1583533653846154 0.12530048076923078
2 0.7139423076923077 0.7548076923076923 0.31640625 0.16887019230769232
2 0.7800480769230769 0.6045673076923077 0.3485576923076923 0.19891826923076922
2 0.49399038461538464 0.7584134615384616 0.1268028846153846 0.1505408653846154
0 0.4963942307692308 0.8461538461538461 0.12289663461538461 0.047776442307692304
0 0.25841346153846156 0.8978365384615384 0.1268028846153846 0.06099759615384615
0 0.24879807692307693 0.8473557692307693 0.09825721153846154 0.059495192307692304
0 0.2247596153846154 0.7103365384615384 0.07211538461538461 0.046274038461538464
0 0.08052884615384616 0.6622596153846154 0.12800480769230768 0.06881009615384616
0 0.3401442307692308 0.6694711538461539 0.1219951923076923 0.07211538461538461
0 0.5997596153846154 0.7127403846153846 0.08173076923076923 0.046274038461538464
0 0.46634615384615385 0.5925480769230769 0.10096153846153846 0.045973557692307696
0 0.6550480769230769 0.546875 0.09825721153846154 0.06009615384615385
1 0.421875 0.9627403846153846 0.25961538461538464 0.04176682692307692
1 0.8774038461538461 0.7644230769230769 0.024639423076923076 0.12530048076923078
1 0.8689903846153846 0.8786057692307693 0.0546875 0.0985576923076923
1 0.8822115384615384 0.4543269230769231 0.03485576923076923 0.0868389423076923
1 0.9675480769230769 0.3016826923076923 0.051382211538461536 0.14693509615384615
1 0.921875 0.3870192307692308 0.055288461538461536 0.02403846153846154
1 0.5480769230769231 0.09134615384615384 0.047776442307692304 0.14393028846153846
1 0.6706730769230769 0.019230769230769232 0.22115384615384615 0.038461538461538464
1 0.36899038461538464 0.20432692307692307 0.11778846153846154 0.033353365384615384
1 0.09134615384615384 0.8209134615384616 0.024338942307692308 0.15594951923076922
1 0.09975961538461539 0.5697115384615384 0.03545673076923077 0.0733173076923077
1 0.18509615384615385 0.5276442307692307 0.15775240384615385 0.03635817307692308
1 0.9122596153846154 0.6959134615384616 0.055588942307692304 0.030949519230769232
0 0.7223557692307693 0.19471153846153846 0.11868990384615384 0.05198317307692308