2 0.37259615384615385 0.10817307692307693 0.3557692307692308 0.21634615384615385
2 0.7487980769230769 0.11899038461538461 0.3485576923076923 0.23798076923076922
2 0.6502403846153846 0.30528846153846156 0.6751802884615384 0.23527644230769232
2 0.6153846153846154 0.45913461538461536 0.5973557692307693 0.24579326923076922
2 0.38822115384615385 0.6237980769230769 0.5336538461538461 0.27403846153846156
2 0.28125 0.7824519230769231 0.3362379807692308 0.15594951923076922
2 0.203125 0.9242788461538461 0.1796875 0.14723557692307693
2 0.3641826923076923 0.9447115384615384 0.13221153846153846 0.11057692307692307
2 0.5925480769230769 0.9146634615384616 0.31490384615384615 0.17067307692307693
2 0.8149038461538461 0.9254807692307693 0.18269230769230768 0.14903846153846154
2 0.7451923076923077 0.7824519230769231 0.32181490384615385 0.14122596153846154
2 0.8149038461538461 0.6262019230769231 0.36147836538461536 0.21003605769230768
2 0.5168269230769231 0.7860576923076923 0.14423076923076922 0.1640625
0 0.5204326923076923 0.8774038461538461 0.13131009615384615 0.0712139423076923
0 0.27283653846153844 0.9314903846153846 0.12800480769230768 0.051382211538461536
0 0.26322115384615385 0.8786057692307693 0.10096153846153846 0.060396634615384616
0 0.23798076923076922 0.7367788461538461 0.08082932692307693 0.055588942307692304
0 0.08774038461538461 0.6875 0.13221153846153846 0.06760817307692307
0 0.3581730769230769 0.6947115384615384 0.12590144230769232 0.0811298076923077
0 0.6274038461538461 0.7391826923076923 0.0859375 0.052884615384615384
0 0.4891826923076923 0.6141826923076923 0.10426682692307693 0.051382211538461536
0 0.6850961538461539 0.5673076923076923 0.1015625 0.061899038461538464
1 0.4411057692307692 0.9867788461538461 0.27163461538461536 0.026442307692307692
1 0.9146634615384616 0.7920673076923077 0.030348557692307692 0.13191105769230768
1 0.9074519230769231 0.9110576923076923 0.06400240384615384 0.10546875
1 0.9194711538461539 0.47115384615384615 0.041165865384615384 0.0907451923076923
1 0.9891826923076923 0.31009615384615385 0.021634615384615384 0.14903846153846154
1 0.9615384615384616 0.40024038461538464 0.057692307692307696 0.016826923076923076
1 0.5733173076923077 0.09375 0.046274038461538464 0.14903846153846154
1 0.7007211538461539 0.02283653846153846 0.2283653846153846 0.04567307692307692
1 0.3870192307692308 0.21153846153846154 0.12049278846153846 0.030048076923076924
1 0.09975961538461539 0.8509615384615384 0.017728365384615384 0.16286057692307693
1 0.10817307692307693 0.5901442307692307 0.04417067307692308 0.07932692307692307
1 0.1971153846153846 0.546875 0.16346153846153846 0.02734375
1 0.9519230769230769 0.7211538461538461 0.05859375 0.03786057692307692
0 0.7548076923076923 0.20072115384615385 0.12530048076923078 0.04326923076923077