2 0.3401442307692308 0.0889423076923077 0.35336538461538464 0.1778846153846154
2 0.7151442307692307 0.10096153846153846 0.34375 0.20192307692307693
2 0.6165865384615384 0.2692307692307692 0.6682692307692307 0.2938701923076923
2 0.5829326923076923 0.4230769230769231 0.5961538461538461 0.24879807692307693
2 0.35697115384615385 0.5865384615384616 0.5336538461538461 0.2503004807692308
2 0.25 0.7439903846153846 0.34134615384615385 0.19230769230769232
2 0.17307692307692307 0.8846153846153846 0.16856971153846154 0.1307091346153846
2 0.33413461538461536 0.9074519230769231 0.1349158653846154 0.11328125
2 0.5625 0.890625 0.3125 0.20192307692307693
2 0.7824519230769231 0.890625 0.1697716346153846 0.13701923076923078
2 0.7127403846153846 0.7439903846153846 0.32481971153846156 0.17097355769230768
2 0.78125 0.5889423076923077 0.34705528846153844 0.16286057692307693
2 0.484375 0.7475961538461539 0.12169471153846154 0.14513221153846154
0 0.4879807692307692 0.8377403846153846 0.12560096153846154 0.05108173076923077
0 0.24158653846153846 0.8918269230769231 0.12980769230769232 0.054086538461538464
0 0.23197115384615385 0.8401442307692307 0.09795673076923077 0.05498798076923077
0 0.20793269230769232 0.6983173076923077 0.07992788461538461 0.05979567307692308
0 0.0625 0.6466346153846154 0.125 0.09134615384615384
0 0.3269230769230769 0.65625 0.12590144230769232 0.08082932692307693
0 0.59375 0.7007211538461539 0.0859375 0.052884615384615384
0 0.4567307692307692 0.5757211538461539 0.10967548076923077 0.060697115384615384
0 0.6514423076923077 0.5300480769230769 0.10576923076923077 0.07211538461538461
1 0.4098557692307692 0.9579326923076923 0.26712740384615385 0.046274038461538464
1 0.8810096153846154 0.7536057692307693 0.030348557692307692 0.12980769230769232
1 0.8725961538461539 0.8713942307692307 0.04837740384615385 0.0985576923076923
1 0.8858173076923077 0.4338942307692308 0.04657451923076923 0.09134615384615384
1 0.9735576923076923 0.2764423076923077 0.048677884615384616 0.14993990384615385
1 0.9266826923076923 0.3641826923076923 0.057692307692307696 0.021634615384615384
1 0.5408653846153846 0.06610576923076923 0.051682692307692304 0.13221153846153846
1 0.3557692307692308 0.17668269230769232 0.12049278846153846 0.03365384615384615
1 0.06971153846153846 0.8125 0.03395432692307692 0.1583533653846154
1 0.078125 0.5528846153846154 0.04056490384615385 0.078125
1 0.16706730769230768 0.5096153846153846 0.15655048076923078 0.04717548076923077
1 0.9170673076923077 0.6838942307692307 0.05618990384615385 0.028846153846153848
0 0.7211538461538461 0.1658653846153846 0.125 0.04447115384615385