2 0.37259615384615385 0.17908653846153846 0.6682692307692307 0.3581730769230769
2 0.84375 0.6838942307692307 0.24098557692307693 0.11748798076923077
2 0.5552884615384616 0.8497596153846154 0.33653846153846156 0.3004807692307692
2 0.17548076923076922 0.5180288461538461 0.21724759615384615 0.3909254807692308
2 0.21514423076923078 0.6081730769230769 0.15534855769230768 0.21514423076923078
2 0.6105769230769231 0.3762019230769231 0.69140625 0.32361778846153844
2 0.8858173076923077 0.5612980769230769 0.12289663461538461 0.10817307692307693
2 0.7391826923076923 0.6141826923076923 0.20943509615384615 0.22806490384615385
2 0.5973557692307693 0.6081730769230769 0.10426682692307693 0.20252403846153846
2 0.49038461538461536 0.6105769230769231 0.16286057692307693 0.21724759615384615
2 0.3473557692307692 0.6081730769230769 0.17157451923076922 0.2166466346153846
1 0.13581730769230768 0.3161057692307692 0.08834134615384616 0.041165865384615384
1 0.06129807692307692 0.6286057692307693 0.01622596153846154 0.052884615384615384
1 0.06370192307692307 0.49158653846153844 0.02674278846153846 0.05108173076923077
1 0.21153846153846154 0.7199519230769231 0.0634014423076923 0.036057692307692304
1 0.33774038461538464 0.7211538461538461 0.09915865384615384 0.03756009615384615
1 0.5 0.9855769230769231 0.052884615384615384 0.028846153846153848
1 0.6117788461538461 0.9855769230769231 0.05048076923076923 0.028846153846153848
1 0.9543269230769231 0.27884615384615385 0.023137019230769232 0.033052884615384616
1 0.9591346153846154 0.3786057692307692 0.014423076923076924 0.03365384615384615
1 0.9567307692307693 0.46634615384615385 0.019230769230769232 0.028846153846153848
1 0.7884615384615384 0.22355769230769232 0.05228365384615385 0.029747596153846152
1 0.5276442307692307 0.2283653846153846 0.0655048076923077 0.03275240384615385
1 0.375 0.22716346153846154 0.0673076923076923 0.014423076923076924
0 0.6634615384615384 0.20793269230769232 0.048677884615384616 0.06911057692307693
0 0.5829326923076923 0.5324519230769231 0.04657451923076923 0.06099759615384615
0 0.828125 0.40024038461538464 0.04326923076923077 0.06520432692307693
0 0.8425480769230769 0.2668269230769231 0.0546875 0.05228365384615385
0 0.8834134615384616 0.45072115384615385 0.05498798076923077 0.06490384615384616
0 0.8870192307692307 0.6550480769230769 0.05228365384615385 0.06520432692307693
0 0.7620192307692307 0.65625 0.0625 0.0772235576923077
0 0.3545673076923077 0.4891826923076923 0.07001201923076923 0.059194711538461536
0 0.2247596153846154 0.48677884615384615 0.05048076923076923 0.06460336538461539
0 0.2247596153846154 0.2932692307692308 0.05498798076923077 0.078125
0 0.21995192307692307 0.5348557692307693 0.04326923076923077 0.04957932692307692
0 0.22956730769230768 0.5841346153846154 0.052884615384615384 0.06670673076923077
0 0.171875 0.6394230769230769 0.04807692307692308 0.057692307692307696
0 0.4951923076923077 0.8052884615384616 0.04837740384615385 0.061598557692307696
0 0.38461538461538464 0.9435096153846154 0.061899038461538464 0.0625