2 0.38461538461538464 0.17067307692307693 0.6682692307692307 0.34134615384615385
2 0.8605769230769231 0.6814903846153846 0.25060096153846156 0.15144230769230768
2 0.5697115384615384 0.8497596153846154 0.33653846153846156 0.3004807692307692
2 0.18509615384615385 0.5132211538461539 0.2551081730769231 0.40685096153846156
2 0.22596153846153846 0.6045673076923077 0.12560096153846154 0.2049278846153846
2 0.6262019230769231 0.3701923076923077 0.7046274038461539 0.3903245192307692
2 0.9038461538461539 0.5576923076923077 0.12560096153846154 0.11147836538461539
2 0.7560096153846154 0.6105769230769231 0.20673076923076922 0.22235576923076922
2 0.6129807692307693 0.6045673076923077 0.1063701923076923 0.20462740384615385
2 0.5036057692307693 0.6081730769230769 0.18028846153846154 0.22686298076923078
2 0.359375 0.6045673076923077 0.14182692307692307 0.20012019230769232
1 0.14543269230769232 0.31009615384615385 0.08834134615384616 0.04296875
1 0.07091346153846154 0.625 0.016826923076923076 0.05318509615384615
1 0.07211538461538461 0.4879807692307692 0.024338942307692308 0.05318509615384615
1 0.22235576923076922 0.7175480769230769 0.06490384615384616 0.038461538461538464
1 0.34975961538461536 0.7199519230769231 0.09945913461538461 0.038461538461538464
1 0.5132211538461539 0.9855769230769231 0.055288461538461536 0.028846153846153848
1 0.6262019230769231 0.9855769230769231 0.05048076923076923 0.028846153846153848
1 0.9735576923076923 0.27283653846153844 0.01953125 0.03125
1 0.9783653846153846 0.37259615384615385 0.01532451923076923 0.03395432692307692
1 0.9747596153846154 0.46153846153846156 0.019230769230769232 0.029747596153846152
1 0.8052884615384616 0.21634615384615385 0.05348557692307692 0.033353365384615384
1 0.5420673076923077 0.22115384615384615 0.06580528846153846 0.033353365384615384
1 0.38822115384615385 0.21995192307692307 0.06881009615384616 0.028846153846153848
0 0.6778846153846154 0.20072115384615385 0.04837740384615385 0.06911057692307693
0 0.5973557692307693 0.5288461538461539 0.04807692307692308 0.06280048076923077
0 0.8449519230769231 0.3942307692307692 0.04326923076923077 0.0634014423076923
0 0.859375 0.25961538461538464 0.04807692307692308 0.047776442307692304
0 0.9002403846153846 0.44591346153846156 0.060396634615384616 0.06971153846153846
0 0.9050480769230769 0.6514423076923077 0.05078125 0.0673076923076923
0 0.7776442307692307 0.6538461538461539 0.05588942307692308 0.07572115384615384
0 0.36658653846153844 0.4855769230769231 0.07001201923076923 0.057992788461538464
0 0.23557692307692307 0.4831730769230769 0.048978365384615384 0.06370192307692307
0 0.23557692307692307 0.2860576923076923 0.061899038461538464 0.08203125
0 0.23076923076923078 0.53125 0.04326923076923077 0.047776442307692304
0 0.2403846153846154 0.5805288461538461 0.052584134615384616 0.06520432692307693
0 0.18269230769230768 0.6358173076923077 0.05709134615384615 0.06520432692307693
0 0.5084134615384616 0.8040865384615384 0.04567307692307692 0.06009615384615385
0 0.39783653846153844 0.9435096153846154 0.055288461538461536 0.05979567307692308