2 0.38341346153846156 0.1814903846153846 0.6754807692307693 0.3629807692307692
2 0.859375 0.6862980769230769 0.24278846153846154 0.1123798076923077
2 0.5697115384615384 0.8557692307692307 0.3137019230769231 0.2746394230769231
2 0.18389423076923078 0.5192307692307693 0.21784855769230768 0.39302884615384615
2 0.22355769230769232 0.609375 0.1502403846153846 0.21634615384615385
2 0.6237980769230769 0.375 0.6998197115384616 0.34164663461538464
2 0.9026442307692307 0.5637019230769231 0.125 0.10907451923076923
2 0.7548076923076923 0.6153846153846154 0.21153846153846154 0.2265625
2 0.6105769230769231 0.609375 0.11057692307692307 0.2052283653846154
2 0.5024038461538461 0.6129807692307693 0.1736778846153846 0.22566105769230768
2 0.35697115384615385 0.609375 0.16045673076923078 0.21153846153846154
1 0.14302884615384615 0.31490384615384615 0.08834134615384616 0.04296875
1 0.06850961538461539 0.6298076923076923 0.02403846153846154 0.05318509615384615
1 0.07091346153846154 0.49278846153846156 0.025540865384615384 0.05318509615384615
1 0.22115384615384615 0.7223557692307693 0.0625 0.028846153846153848
1 0.3485576923076923 0.7247596153846154 0.10126201923076923 0.049879807692307696
1 0.5120192307692307 0.9879807692307693 0.052884615384615384 0.02403846153846154
1 0.625 0.9879807692307693 0.04807692307692308 0.02403846153846154
1 0.9711538461538461 0.2776442307692308 0.023137019230769232 0.031850961538461536
1 0.9771634615384616 0.37740384615384615 0.017127403846153848 0.03395432692307692
1 0.9735576923076923 0.4675480769230769 0.019831730769230768 0.03155048076923077
1 0.8040865384615384 0.22115384615384615 0.052884615384615384 0.029146634615384616
1 0.5396634615384616 0.22596153846153846 0.06580528846153846 0.034555288461538464
1 0.3858173076923077 0.2247596153846154 0.0694110576923077 0.025841346153846152
0 0.6766826923076923 0.20552884615384615 0.041165865384615384 0.06490384615384616
0 0.5949519230769231 0.5336538461538461 0.04807692307692308 0.06280048076923077
0 0.84375 0.39903846153846156 0.048677884615384616 0.06700721153846154
0 0.8581730769230769 0.265625 0.05348557692307692 0.051382211538461536
0 0.8990384615384616 0.45072115384615385 0.057992788461538464 0.0673076923076923
0 0.9038461538461539 0.65625 0.05739182692307692 0.07151442307692307
0 0.7764423076923077 0.6586538461538461 0.061899038461538464 0.07752403846153846
0 0.36538461538461536 0.49038461538461536 0.06640625 0.052584134615384616
0 0.234375 0.4879807692307692 0.04176682692307692 0.061899038461538464
0 0.23317307692307693 0.29086538461538464 0.054086538461538464 0.08082932692307693
0 0.22956730769230768 0.5360576923076923 0.045072115384615384 0.04837740384615385
0 0.23918269230769232 0.5853365384615384 0.04657451923076923 0.06400240384615384
0 0.18028846153846154 0.640625 0.05348557692307692 0.06460336538461539
0 0.5072115384615384 0.8088942307692307 0.051682692307692304 0.0625
0 0.3954326923076923 0.9483173076923077 0.06430288461538461 0.06580528846153846