2 0.21754807692307693 0.14783653846153846 0.31069711538461536 0.2956730769230769
2 0.21514423076923078 0.4579326923076923 0.31069711538461536 0.3683894230769231
2 0.5961538461538461 0.3317307692307692 0.5625 0.6634615384615384
2 0.8665865384615384 0.18870192307692307 0.11838942307692307 0.32211538461538464
2 0.6502403846153846 0.6262019230769231 0.41616586538461536 0.5691105769230769
2 0.7391826923076923 0.8004807692307693 0.14723557692307693 0.19170673076923078
2 0.6153846153846154 0.7980769230769231 0.1349158653846154 0.18810096153846154
1 0.8137019230769231 0.15264423076923078 0.055288461538461536 0.23798076923076922
1 0.8112980769230769 0.5949519230769231 0.02734375 0.2052283653846154
1 0.8112980769230769 0.7668269230769231 0.031850961538461536 0.11478365384615384
1 0.078125 0.1502403846153846 0.014423076923076924 0.18509615384615385
1 0.08173076923076923 0.421875 0.020432692307692308 0.14723557692307693
1 0.07932692307692307 0.5504807692307693 0.023137019230769232 0.07241586538461539
0 0.3762019230769231 0.24278846153846154 0.07061298076923077 0.07752403846153846
0 0.38221153846153844 0.40625 0.0772235576923077 0.08653846153846154
0 0.8149038461538461 0.30408653846153844 0.12530048076923078 0.08443509615384616
0 0.7475961538461539 0.6694711538461539 0.05859375 0.08473557692307693
0 0.39663461538461536 0.6742788461538461 0.07301682692307693 0.09915865384615384
0 0.45072115384615385 0.7331730769230769 0.07872596153846154 0.09194711538461539
0 0.5432692307692307 0.7932692307692307 0.0673076923076923 0.0712139423076923
0 0.3713942307692308 0.5973557692307693 0.0625 0.05618990384615385