2 0.21033653846153846 0.14302884615384615 0.28365384615384615 0.2626201923076923
2 0.20793269230769232 0.45552884615384615 0.29116586538461536 0.35757211538461536
2 0.5925480769230769 0.32572115384615385 0.5066105769230769 0.6346153846153846
2 0.8641826923076923 0.18389423076923078 0.125 0.32481971153846156
2 0.6466346153846154 0.6237980769230769 0.4131610576923077 0.5694110576923077
2 0.7355769230769231 0.7992788461538461 0.15264423076923078 0.19441105769230768
2 0.6105769230769231 0.7980769230769231 0.1385216346153846 0.19140625
1 0.8112980769230769 0.14783653846153846 0.0703125 0.23407451923076922
1 0.8076923076923077 0.5925480769230769 0.043569711538461536 0.20342548076923078
1 0.8088942307692307 0.7668269230769231 0.03545673076923077 0.11508413461538461
1 0.06971153846153846 0.14543269230769232 0.04326923076923077 0.18118990384615385
1 0.0733173076923077 0.4182692307692308 0.016526442307692308 0.14933894230769232
1 0.07091346153846154 0.5480769230769231 0.015925480769230768 0.07241586538461539
0 0.3701923076923077 0.23918269230769232 0.06820913461538461 0.07842548076923077
0 0.3762019230769231 0.40384615384615385 0.0889423076923077 0.09615384615384616
0 0.8112980769230769 0.3004807692307692 0.13942307692307693 0.109375
0 0.7439903846153846 0.6682692307692307 0.06911057692307693 0.09134615384615384
0 0.390625 0.6730769230769231 0.08653846153846154 0.10606971153846154
0 0.44591346153846156 0.7319711538461539 0.08954326923076923 0.10306490384615384
0 0.5384615384615384 0.7920673076923077 0.0673076923076923 0.07001201923076923
0 0.36538461538461536 0.5949519230769231 0.05889423076923077 0.05438701923076923