2 0.21754807692307693 0.13581730769230768 0.2809495192307692 0.2575120192307692
2 0.21634615384615385 0.4567307692307692 0.27794471153846156 0.34705528846153844
2 0.6105769230769231 0.3233173076923077 0.5084134615384616 0.6442307692307693
2 0.8882211538461539 0.1778846153846154 0.11358173076923077 0.3311298076923077
2 0.6658653846153846 0.6298076923076923 0.4323918269230769 0.5874399038461539
2 0.7560096153846154 0.8100961538461539 0.14573317307692307 0.1932091346153846
2 0.6286057692307693 0.8076923076923077 0.15144230769230768 0.19801682692307693
1 0.8341346153846154 0.14182692307692307 0.028846153846153848 0.24969951923076922
1 0.8305288461538461 0.5985576923076923 0.035757211538461536 0.21183894230769232
1 0.8317307692307693 0.7764423076923077 0.024939903846153848 0.1201923076923077
1 0.0733173076923077 0.13942307692307693 0.045072115384615384 0.18719951923076922
1 0.07692307692307693 0.4182692307692308 0.03275240384615385 0.15324519230769232
1 0.07572115384615384 0.5528846153846154 0.02674278846153846 0.07602163461538461
0 0.38221153846153844 0.234375 0.0772235576923077 0.08473557692307693
0 0.38822115384615385 0.40384615384615385 0.07962740384615384 0.0907451923076923
0 0.8353365384615384 0.2980769230769231 0.13251201923076922 0.0907451923076923
0 0.765625 0.6754807692307693 0.07001201923076923 0.09194711538461539
0 0.4026442307692308 0.6802884615384616 0.0790264423076923 0.10546875
0 0.45913461538461536 0.7403846153846154 0.0829326923076923 0.10006009615384616
0 0.5552884615384616 0.8028846153846154 0.06640625 0.06820913461538461
0 0.3762019230769231 0.5997596153846154 0.05979567307692308 0.052884615384615384