2 0.1875 0.10697115384615384 0.26802884615384615 0.16496394230769232
2 0.2247596153846154 0.44350961538461536 0.4495192307692308 0.53125
2 0.22355769230769232 0.8341346153846154 0.39513221153846156 0.30258413461538464
2 0.5576923076923077 0.8966346153846154 0.28335336538461536 0.17668269230769232
2 0.609375 0.6995192307692307 0.3894230769230769 0.24609375
2 0.9038461538461539 0.7139423076923077 0.19230769230769232 0.15985576923076922
2 0.8497596153846154 0.38822115384615385 0.3004807692307692 0.3870192307692308
2 0.5612980769230769 0.38822115384615385 0.32962740384615385 0.40174278846153844
1 0.18389423076923078 0.03125 0.25240384615384615 0.0625
1 0.14543269230769232 0.19591346153846154 0.15655048076923078 0.04657451923076923
1 0.021634615384615384 0.5817307692307693 0.02283653846153846 0.10546875
1 0.026442307692307692 0.8245192307692307 0.052884615384615384 0.1778846153846154
1 0.5564903846153846 0.18870192307692307 0.16105769230769232 0.0625
1 0.8581730769230769 0.19471153846153846 0.17307692307692307 0.04417067307692308
0 0.7512019230769231 0.5516826923076923 0.07872596153846154 0.0889423076923077
0 0.6478365384615384 0.5516826923076923 0.08413461538461539 0.0850360576923077
0 0.7836538461538461 0.734375 0.0859375 0.07872596153846154
0 0.7632211538461539 0.828125 0.10306490384615384 0.17457932692307693
0 0.5288461538461539 0.7836538461538461 0.07752403846153846 0.10186298076923077
0 0.3870192307692308 0.6370192307692307 0.0733173076923077 0.08052884615384616
0 0.38221153846153844 0.7367788461538461 0.0859375 0.0790264423076923
0 0.27403846153846156 0.19831730769230768 0.12950721153846154 0.21424278846153846