2 0.1814903846153846 0.1045673076923077 0.2668269230769231 0.16346153846153846
2 0.22596153846153846 0.44591346153846156 0.4519230769230769 0.5408653846153846
2 0.21754807692307693 0.8413461538461539 0.3879206730769231 0.2890625
2 0.5552884615384616 0.9050480769230769 0.28455528846153844 0.17548076923076922
2 0.6069711538461539 0.7043269230769231 0.3777043269230769 0.21544471153846154
2 0.90625 0.71875 0.18239182692307693 0.14453125
2 0.8521634615384616 0.3894230769230769 0.2956730769230769 0.3798076923076923
2 0.5588942307692307 0.3894230769230769 0.3290264423076923 0.40775240384615385
1 0.17668269230769232 0.03365384615384615 0.25240384615384615 0.0673076923076923
1 0.13822115384615385 0.19471153846153846 0.15625 0.061598557692307696
1 0.013221153846153846 0.5865384615384616 0.014423076923076924 0.10576923076923077
1 0.018028846153846152 0.8317307692307693 0.036057692307692304 0.18269230769230768
1 0.5540865384615384 0.18870192307692307 0.16556490384615385 0.05048076923076923
1 0.859375 0.1935096153846154 0.17548076923076922 0.059194711538461536
0 0.7512019230769231 0.5552884615384616 0.08383413461538461 0.09525240384615384
0 0.6466346153846154 0.5552884615384616 0.08203125 0.08653846153846154
0 0.7848557692307693 0.7403846153846154 0.08383413461538461 0.07271634615384616
0 0.7632211538461539 0.8341346153846154 0.11838942307692307 0.18299278846153846
0 0.5264423076923077 0.7908653846153846 0.08263221153846154 0.1063701923076923
0 0.38221153846153844 0.6418269230769231 0.06790865384615384 0.07301682692307693
0 0.37740384615384615 0.7427884615384616 0.09224759615384616 0.09014423076923077
0 0.26802884615384615 0.1971153846153846 0.12259615384615384 0.21604567307692307