2 0.16346153846153846 0.13221153846153846 0.26352163461538464 0.16256009615384615
2 0.20072115384615385 0.4675480769230769 0.38731971153846156 0.4870793269230769
2 0.20072115384615385 0.8461538461538461 0.4014423076923077 0.3076923076923077
2 0.5288461538461539 0.9098557692307693 0.28365384615384615 0.18028846153846154
2 0.5805288461538461 0.71875 0.375 0.22205528846153846
2 0.8725961538461539 0.7331730769230769 0.1778846153846154 0.14332932692307693
2 0.8233173076923077 0.41225961538461536 0.2863581730769231 0.37169471153846156
2 0.5324519230769231 0.4110576923076923 0.3203125 0.39783653846153844
1 0.16105769230769232 0.056490384615384616 0.2542067307692308 0.04807692307692308
1 0.12139423076923077 0.21995192307692307 0.15174278846153846 0.03365384615384615
1 0.002403846153846154 0.6021634615384616 0.004807692307692308 0.10336538461538461
1 0.014423076923076924 0.8425480769230769 0.028846153846153848 0.17548076923076922
1 0.5288461538461539 0.21394230769230768 0.15925480769230768 0.0625
1 0.8269230769230769 0.21875 0.16856971153846154 0.06700721153846154
0 0.7211538461538461 0.5733173076923077 0.0811298076923077 0.08984375
0 0.6189903846153846 0.5733173076923077 0.07692307692307693 0.0790264423076923
0 0.7536057692307693 0.7536057692307693 0.07962740384615384 0.07061298076923077
0 0.7331730769230769 0.8461538461538461 0.11538461538461539 0.1814903846153846
0 0.5012019230769231 0.8028846153846154 0.08443509615384616 0.10576923076923077
0 0.3605769230769231 0.6574519230769231 0.06700721153846154 0.07001201923076923
0 0.3557692307692308 0.7560096153846154 0.08233173076923077 0.07542067307692307
0 0.24879807692307693 0.22235576923076922 0.125 0.21364182692307693