2 0.4831730769230769 0.15504807692307693 0.8227163461538461 0.20342548076923078
2 0.49278846153846156 0.5576923076923077 0.89453125 0.7346754807692307
2 0.2403846153846154 0.6358173076923077 0.33774038461538464 0.19050480769230768
2 0.34615384615384615 0.7920673076923077 0.12079326923076923 0.14423076923076922
2 0.17548076923076922 0.7920673076923077 0.19591346153846154 0.13792067307692307
1 0.2704326923076923 0.24879807692307693 0.2283653846153846 0.060697115384615384
1 0.5733173076923077 0.2439903846153846 0.22746394230769232 0.03635817307692308
1 0.5036057692307693 0.9026442307692307 0.12349759615384616 0.10276442307692307
1 0.46634615384615385 0.7800480769230769 0.12890625 0.07001201923076923
1 0.4831730769230769 0.6670673076923077 0.1640625 0.08954326923076923
1 0.21033653846153846 0.6887019230769231 0.13762019230769232 0.0889423076923077
1 0.7536057692307693 0.21153846153846154 0.15204326923076922 0.12920673076923078