2 0.4795673076923077 0.17548076923076922 0.8287259615384616 0.3176081730769231
2 0.4879807692307692 0.5841346153846154 0.8317307692307693 0.6150841346153846
2 0.23197115384615385 0.6634615384615384 0.34435096153846156 0.20192307692307693
2 0.3401442307692308 0.8221153846153846 0.11778846153846154 0.14362980769230768
2 0.16706730769230768 0.8233173076923077 0.19441105769230768 0.13311298076923078
1 0.26322115384615385 0.2692307692307692 0.23828125 0.033052884615384616
1 0.5709134615384616 0.265625 0.22596153846153846 0.05498798076923077
1 0.4987980769230769 0.9350961538461539 0.12740384615384615 0.10546875
1 0.46153846153846156 0.8112980769230769 0.13401442307692307 0.0889423076923077
1 0.47836538461538464 0.6947115384615384 0.16856971153846154 0.09645432692307693
1 0.20192307692307693 0.7175480769230769 0.13521634615384615 0.07962740384615384
1 0.7536057692307693 0.23197115384615385 0.1466346153846154 0.11328125