2 0.4795673076923077 0.1622596153846154 0.8097956730769231 0.15655048076923078
2 0.4891826923076923 0.5600961538461539 0.8287259615384616 0.6256009615384616
2 0.23918269230769232 0.6382211538461539 0.33022836538461536 0.17578125
2 0.3449519230769231 0.7920673076923077 0.11328125 0.13731971153846154
2 0.17548076923076922 0.7932692307692307 0.19621394230769232 0.14302884615384615
1 0.2692307692307692 0.2536057692307692 0.22175480769230768 0.0673076923076923
1 0.5685096153846154 0.25 0.22415865384615385 0.030048076923076924
1 0.4987980769230769 0.9014423076923077 0.1346153846153846 0.1162860576923077
1 0.46274038461538464 0.78125 0.13161057692307693 0.08203125
1 0.4795673076923077 0.6682692307692307 0.16496394230769232 0.07692307692307693
1 0.2091346153846154 0.6899038461538461 0.13551682692307693 0.0868389423076923
1 0.7463942307692307 0.21754807692307693 0.14212740384615385 0.11207932692307693