2 0.515625 0.11899038461538461 0.8927283653846154 0.23407451923076922
2 0.24519230769230768 0.3581730769230769 0.3936298076923077 0.2932692307692308
2 0.6935096153846154 0.546875 0.6129807692307693 0.7139423076923077
2 0.24759615384615385 0.7091346153846154 0.4074519230769231 0.3602764423076923
2 0.35096153846153844 0.8016826923076923 0.16766826923076922 0.17037259615384615
0 0.53125 0.921875 0.16286057692307693 0.12740384615384615
0 0.48197115384615385 0.7956730769230769 0.1427283653846154 0.10546875
0 0.5012019230769231 0.6658653846153846 0.17127403846153846 0.11598557692307693
0 0.5925480769230769 0.17307692307692307 0.13792067307692307 0.12109375
1 0.2824519230769231 0.21995192307692307 0.2575120192307692 0.09915865384615384
1 0.7692307692307693 0.22115384615384615 0.21995192307692307 0.06310096153846154