2 0.4879807692307692 0.09615384615384616 0.9134615384615384 0.19230769230769232
2 0.21033653846153846 0.34134615384615385 0.4053485576923077 0.30288461538461536
2 0.6730769230769231 0.5348557692307693 0.6150841346153846 0.7211538461538461
2 0.2127403846153846 0.7019230769230769 0.4149639423076923 0.3662860576923077
2 0.31850961538461536 0.7956730769230769 0.17067307692307693 0.17247596153846154
0 0.5048076923076923 0.9206730769230769 0.16376201923076922 0.12920673076923078
0 0.4543269230769231 0.7908653846153846 0.13942307692307693 0.0829326923076923
0 0.4735576923076923 0.65625 0.1736778846153846 0.10667067307692307
0 0.5685096153846154 0.15144230769230768 0.14603365384615385 0.13040865384615385
1 0.24879807692307693 0.19951923076923078 0.26772836538461536 0.09104567307692307
1 0.7487980769230769 0.20072115384615385 0.22806490384615385 0.0546875