2 0.5024038461538461 0.12980769230769232 0.9278846153846154 0.25961538461538464
2 0.22115384615384615 0.35697115384615385 0.40865384615384615 0.3076923076923077
2 0.6899038461538461 0.5528846153846154 0.5763221153846154 0.6962139423076923
2 0.22355769230769232 0.7223557692307693 0.43359375 0.3909254807692308
2 0.3317307692307692 0.8173076923076923 0.15775240384615385 0.15955528846153846
0 0.5180288461538461 0.9375 0.1658653846153846 0.125
0 0.46875 0.8125 0.14903846153846154 0.10186298076923077
0 0.4879807692307692 0.6766826923076923 0.17728365384615385 0.1123798076923077
0 0.5829326923076923 0.1658653846153846 0.13671875 0.1162860576923077
1 0.2608173076923077 0.21514423076923078 0.2725360576923077 0.07932692307692307
1 0.7668269230769231 0.21514423076923078 0.22686298076923078 0.0625