1 0.21514423076923078 0.11778846153846154 0.10336538461538461 0.05739182692307692
1 0.3545673076923077 0.11778846153846154 0.11207932692307693 0.05859375
1 0.7163461538461539 0.12259615384615384 0.06700721153846154 0.053786057692307696
1 0.7788461538461539 0.2776442307692308 0.06280048076923077 0.19981971153846154
1 0.7848557692307693 0.765625 0.03365384615384615 0.21364182692307693
2 0.41586538461538464 0.5300480769230769 0.8317307692307693 0.8725961538461539
2 0.3737980769230769 0.3269230769230769 0.18088942307692307 0.3602764423076923
2 0.11899038461538461 0.5805288461538461 0.14122596153846154 0.17998798076923078
2 0.12379807692307693 0.8004807692307693 0.17638221153846154 0.24609375
0 0.25600961538461536 0.6262019230769231 0.07451923076923077 0.1271033653846154
2 0.8665865384615384 0.5132211538461539 0.19921875 0.8143028846153846
0 0.4254807692307692 0.4651442307692308 0.07782451923076923 0.12980769230769232
0 0.7752403846153846 0.4411057692307692 0.13671875 0.125
0 0.7632211538461539 0.203125 0.05078125 0.060697115384615384
0 0.7680288461538461 0.84375 0.050180288461538464 0.04837740384615385
0 0.22956730769230768 0.78125 0.08864182692307693 0.10606971153846154
0 0.15625 0.7055288461538461 0.043870192307692304 0.09825721153846154
0 0.24639423076923078 0.8786057692307693 0.07992788461538461 0.1268028846153846
0 0.35697115384615385 0.7223557692307693 0.0546875 0.1180889423076923
0 0.24759615384615385 0.15264423076923078 0.023137019230769232 0.060396634615384616
0 0.32091346153846156 0.15384615384615385 0.03365384615384615 0.057992788461538464