1 0.2247596153846154 0.13822115384615385 0.10576923076923077 0.07001201923076923
1 0.3641826923076923 0.13822115384615385 0.10907451923076923 0.05438701923076923
1 0.7247596153846154 0.14302884615384615 0.06099759615384615 0.05078125
1 0.7860576923076923 0.296875 0.03756009615384615 0.20432692307692307
1 0.7920673076923077 0.7824519230769231 0.07451923076923077 0.2049278846153846
2 0.4206730769230769 0.5504807692307693 0.8215144230769231 0.8551682692307693
2 0.38341346153846156 0.3473557692307692 0.17457932692307693 0.35757211538461536
2 0.12980769230769232 0.5985576923076923 0.1162860576923077 0.16796875
2 0.1346153846153846 0.8173076923076923 0.14963942307692307 0.23137019230769232
0 0.2668269230769231 0.6454326923076923 0.061899038461538464 0.12289663461538461
2 0.8737980769230769 0.5324519230769231 0.15564903846153846 0.8055889423076923
0 0.43509615384615385 0.4831730769230769 0.0772235576923077 0.12980769230769232
0 0.7824519230769231 0.46033653846153844 0.14122596153846154 0.13161057692307693
0 0.7704326923076923 0.22355769230769232 0.04657451923076923 0.057692307692307696
0 0.7752403846153846 0.8617788461538461 0.04957932692307692 0.04957932692307692
0 0.23918269230769232 0.7992788461538461 0.08924278846153846 0.10787259615384616
0 0.16706730769230768 0.7235576923076923 0.06009615384615385 0.10126201923076923
0 0.25721153846153844 0.8954326923076923 0.08052884615384616 0.1268028846153846
0 0.36658653846153844 0.7403846153846154 0.06009615384615385 0.11989182692307693
0 0.25841346153846156 0.17307692307692307 0.032151442307692304 0.06280048076923077
0 0.33052884615384615 0.17427884615384615 0.03064903846153846 0.05618990384615385