1 0.24639423076923078 0.12139423076923077 0.0985576923076923 0.05108173076923077
1 0.38341346153846156 0.12139423076923077 0.10727163461538461 0.0546875
1 0.734375 0.12620192307692307 0.06460336538461539 0.055288461538461536
1 0.7956730769230769 0.2764423076923077 0.028846153846153848 0.19771634615384615
1 0.8016826923076923 0.7524038461538461 0.050180288461538464 0.20673076923076922
2 0.4375 0.5252403846153846 0.83203125 0.8620793269230769
2 0.40024038461538464 0.32572115384615385 0.19230769230769232 0.35757211538461536
2 0.15264423076923078 0.5721153846153846 0.12289663461538461 0.171875
2 0.15745192307692307 0.7872596153846154 0.1893028846153846 0.24699519230769232
0 0.28725961538461536 0.6177884615384616 0.055588942307692304 0.11989182692307693
2 0.8617788461538461 0.5060096153846154 0.2764423076923077 0.78125
0 0.4519230769230769 0.46033653846153844 0.07602163461538461 0.1271033653846154
0 0.7920673076923077 0.4362980769230769 0.14603365384615385 0.13671875
0 0.7800480769230769 0.20552884615384615 0.04146634615384615 0.055588942307692304
0 0.7848557692307693 0.8293269230769231 0.05048076923076923 0.051682692307692304
0 0.2608173076923077 0.7680288461538461 0.07872596153846154 0.09825721153846154
0 0.18990384615384615 0.6947115384615384 0.047776442307692304 0.09645432692307693
0 0.2776442307692308 0.8629807692307693 0.08022836538461539 0.125
0 0.38461538461538464 0.7103365384615384 0.053786057692307696 0.11688701923076923
0 0.27884615384615385 0.15504807692307693 0.029747596153846152 0.060697115384615384
0 0.34975961538461536 0.15625 0.03155048076923077 0.054086538461538464