2 0.13221153846153846 0.18629807692307693 0.15354567307692307 0.22596153846153846
2 0.25240384615384615 0.14543269230769232 0.09705528846153846 0.12800480769230768
2 0.2512019230769231 0.35096153846153844 0.1424278846153846 0.26893028846153844
2 0.2608173076923077 0.5540865384615384 0.08984375 0.12830528846153846
2 0.22716346153846154 0.7524038461538461 0.18088942307692307 0.25931490384615385
2 0.1814903846153846 0.5528846153846154 0.07932692307692307 0.13341346153846154
2 0.08052884615384616 0.6983173076923077 0.16105769230769232 0.4014423076923077
2 0.1310096153846154 0.3798076923076923 0.15174278846153846 0.1775841346153846
2 0.49038461538461536 0.46875 0.3134014423076923 0.8125
2 0.4362980769230769 0.38221153846153844 0.15114182692307693 0.17668269230769232
2 0.4362980769230769 0.17908653846153846 0.16165865384615385 0.23858173076923078
2 0.3870192307692308 0.6850961538461539 0.10667067307692307 0.38070913461538464
2 0.7259615384615384 0.2668269230769231 0.21604567307692307 0.4176682692307692
2 0.8461538461538461 0.2668269230769231 0.18269230769230768 0.3855168269230769
2 0.8677884615384616 0.40024038461538464 0.05228365384615385 0.125
2 0.8125 0.6754807692307693 0.2205528846153846 0.39513221153846156
1 0.057692307692307696 0.1622596153846154 0.028545673076923076 0.11268028846153846
1 0.055288461538461536 0.30528846153846156 0.014423076923076924 0.08173076923076923
1 0.3629807692307692 0.1622596153846154 0.014122596153846154 0.1084735576923077
1 0.3641826923076923 0.2956730769230769 0.021334134615384616 0.08233173076923077
1 0.484375 0.0673076923076923 0.041165865384615384 0.024939903846153848
1 0.5817307692307693 0.06971153846153846 0.042367788461538464 0.028545673076923076
1 0.7668269230769231 0.06370192307692307 0.043870192307692304 0.021334134615384616
1 0.8978365384615384 0.2668269230769231 0.017427884615384616 0.09104567307692307
1 0.8990384615384616 0.4098557692307692 0.010516826923076924 0.03365384615384615
1 0.8677884615384616 0.05889423076923077 0.04837740384615385 0.026141826923076924
1 0.6514423076923077 0.15625 0.019831730769230768 0.09555288461538461
1 0.6514423076923077 0.30528846153846156 0.024939903846153848 0.09525240384615384
1 0.6105769230769231 0.10817307692307693 0.013822115384615384 0.038461538461538464
1 0.609375 0.2668269230769231 0.021334134615384616 0.0772235576923077
1 0.5240384615384616 0.875 0.048978365384615384 0.024338942307692308
0 0.4074519230769231 0.5036057692307693 0.04657451923076923 0.07842548076923077
0 0.3858173076923077 0.328125 0.030949519230769232 0.05498798076923077
0 0.5444711538461539 0.04567307692307692 0.04957932692307692 0.07602163461538461
0 0.8317307692307693 0.040865384615384616 0.038161057692307696 0.06310096153846154
0 0.8653846153846154 0.32572115384615385 0.03275240384615385 0.04657451923076923
0 0.8100961538461539 0.22355769230769232 0.03395432692307692 0.052584134615384616
0 0.8088942307692307 0.39903846153846156 0.03515625 0.04717548076923077
0 0.8173076923076923 0.41466346153846156 0.0390625 0.06881009615384616
0 0.203125 0.5288461538461539 0.039963942307692304 0.061598557692307696
0 0.10336538461538461 0.5204326923076923 0.043870192307692304 0.08022836538461539
0 0.18629807692307693 0.43990384615384615 0.036057692307692304 0.048677884615384616
0 0.0889423076923077 0.34375 0.04717548076923077 0.07211538461538461
0 0.18028846153846154 0.12860576923076922 0.029747596153846152 0.06430288461538461
0 0.5805288461538461 0.7259615384615384 0.027043269230769232 0.04837740384615385
0 0.16466346153846154 0.7584134615384616 0.03545673076923077 0.051382211538461536
0 0.16706730769230768 0.6502403846153846 0.035757211538461536 0.052884615384615384