2 0.14543269230769232 0.16826923076923078 0.14092548076923078 0.21544471153846154
2 0.2608173076923077 0.12860576923076922 0.1024639423076923 0.13131009615384615
2 0.25961538461538464 0.328125 0.11508413461538461 0.25721153846153844
2 0.2692307692307692 0.5240384615384616 0.10006009615384616 0.1307091346153846
2 0.23677884615384615 0.7163461538461539 0.16646634615384615 0.24909855769230768
2 0.19230769230769232 0.5228365384615384 0.07662259615384616 0.12740384615384615
2 0.09134615384615384 0.6634615384615384 0.12950721153846154 0.38882211538461536
2 0.14423076923076922 0.3557692307692308 0.13010817307692307 0.15895432692307693
2 0.49158653846153844 0.4411057692307692 0.3049879807692308 0.7863581730769231
2 0.43990384615384615 0.3581730769230769 0.15955528846153846 0.18239182692307693
2 0.4387019230769231 0.16105769230769232 0.15084134615384615 0.22716346153846154
2 0.3918269230769231 0.6514423076923077 0.13431490384615385 0.3753004807692308
2 0.7199519230769231 0.24639423076923078 0.1697716346153846 0.4011418269230769
2 0.8365384615384616 0.24639423076923078 0.17728365384615385 0.37349759615384615
2 0.8569711538461539 0.375 0.06881009615384616 0.12530048076923078
2 0.8040865384615384 0.6418269230769231 0.17067307692307693 0.3746995192307692
1 0.07211538461538461 0.14543269230769232 0.02013221153846154 0.10817307692307693
1 0.07091346153846154 0.2824519230769231 0.0078125 0.07962740384615384
1 0.36899038461538464 0.14543269230769232 0.016526442307692308 0.10576923076923077
1 0.3701923076923077 0.27403846153846156 0.0234375 0.0811298076923077
1 0.4855769230769231 0.052884615384615384 0.04266826923076923 0.029447115384615384
1 0.5793269230769231 0.054086538461538464 0.0390625 0.02674278846153846
1 0.7596153846153846 0.04927884615384615 0.04296875 0.016826923076923076
1 0.8870192307692307 0.24519230769230768 0.013822115384615384 0.0868389423076923
1 0.8870192307692307 0.38461538461538464 0.013822115384615384 0.033353365384615384
1 0.8569711538461539 0.04447115384615385 0.046274038461538464 0.030348557692307692
1 0.6478365384615384 0.13822115384615385 0.022536057692307692 0.08984375
1 0.6478365384615384 0.28365384615384615 0.012620192307692308 0.09585336538461539
1 0.6081730769230769 0.09254807692307693 0.014122596153846154 0.03635817307692308
1 0.6069711538461539 0.24639423076923078 0.022536057692307692 0.07421875
1 0.5240384615384616 0.8353365384615384 0.04807692307692308 0.017427884615384616
0 0.4110576923076923 0.47475961538461536 0.04447115384615385 0.07421875
0 0.390625 0.30649038461538464 0.03665865384615385 0.055288461538461536
0 0.5432692307692307 0.03245192307692308 0.04326923076923077 0.06490384615384616
0 0.8209134615384616 0.027644230769230768 0.03125 0.055288461538461536
0 0.8545673076923077 0.30288461538461536 0.02403846153846154 0.04326923076923077
0 0.8016826923076923 0.20432692307692307 0.03665865384615385 0.052884615384615384
0 0.8004807692307693 0.3737980769230769 0.03365384615384615 0.04567307692307692
0 0.8076923076923077 0.38822115384615385 0.03275240384615385 0.0655048076923077
0 0.21394230769230768 0.5 0.03485576923076923 0.057992788461538464
0 0.11778846153846154 0.49158653846153844 0.042367788461538464 0.07842548076923077
0 0.1971153846153846 0.41346153846153844 0.03876201923076923 0.04927884615384615
0 0.10216346153846154 0.31971153846153844 0.04326923076923077 0.06790865384615384
0 0.19230769230769232 0.11177884615384616 0.034254807692307696 0.060697115384615384
0 0.5793269230769231 0.6911057692307693 0.024939903846153848 0.045973557692307696
0 0.17548076923076922 0.7223557692307693 0.029146634615384616 0.05048076923076923
0 0.17908653846153846 0.6165865384615384 0.03125 0.05078125