2 0.1466346153846154 0.17668269230769232 0.14393028846153846 0.21634615384615385
2 0.2620192307692308 0.13822115384615385 0.0907451923076923 0.12229567307692307
2 0.2608173076923077 0.33533653846153844 0.125 0.2581129807692308
2 0.2704326923076923 0.5300480769230769 0.08864182692307693 0.12289663461538461
2 0.23677884615384615 0.7223557692307693 0.16646634615384615 0.24699519230769232
2 0.1935096153846154 0.5300480769230769 0.07211538461538461 0.12740384615384615
2 0.09254807692307693 0.6694711538461539 0.17998798076923078 0.38461538461538464
2 0.14543269230769232 0.3629807692307692 0.13311298076923078 0.16286057692307693
2 0.49158653846153844 0.4483173076923077 0.27163461538461536 0.7767427884615384
2 0.43990384615384615 0.36538461538461536 0.1544471153846154 0.17818509615384615
2 0.4387019230769231 0.17067307692307693 0.16526442307692307 0.23167067307692307
2 0.3918269230769231 0.6574519230769231 0.11117788461538461 0.36868990384615385
2 0.71875 0.2536057692307692 0.20703125 0.4011418269230769
2 0.8341346153846154 0.2536057692307692 0.15775240384615385 0.37710336538461536
2 0.8545673076923077 0.38221153846153844 0.059495192307692304 0.1240985576923077
2 0.8028846153846154 0.6478365384615384 0.20582932692307693 0.38221153846153844
1 0.07451923076923077 0.15384615384615385 0.038161057692307696 0.1045673076923077
1 0.07211538461538461 0.29086538461538464 0.010216346153846154 0.08143028846153846
1 0.36899038461538464 0.15384615384615385 0.017728365384615384 0.10576923076923077
1 0.3701923076923077 0.2824519230769231 0.014423076923076924 0.08173076923076923
1 0.4855769230769231 0.06129807692307692 0.04266826923076923 0.03125
1 0.5793269230769231 0.06370192307692307 0.03876201923076923 0.025540865384615384
1 0.7584134615384616 0.05889423076923077 0.04176682692307692 0.02403846153846154
1 0.8846153846153846 0.2536057692307692 0.0234375 0.08473557692307693
1 0.8846153846153846 0.3918269230769231 0.009615384615384616 0.033353365384615384
1 0.8557692307692307 0.054086538461538464 0.043569711538461536 0.021935096153846152
1 0.6466346153846154 0.1466346153846154 0.010516826923076924 0.09164663461538461
1 0.6466346153846154 0.2920673076923077 0.010216346153846154 0.09375
1 0.6069711538461539 0.10096153846153846 0.012920673076923076 0.038161057692307696
1 0.6057692307692307 0.2536057692307692 0.02794471153846154 0.07421875
1 0.5240384615384616 0.8401442307692307 0.04807692307692308 0.021033653846153848
0 0.4110576923076923 0.48197115384615385 0.03365384615384615 0.07001201923076923
0 0.3918269230769231 0.3137019230769231 0.03245192307692308 0.0546875
0 0.5444711538461539 0.040865384615384616 0.045072115384615384 0.07181490384615384
0 0.8209134615384616 0.036057692307692304 0.03064903846153846 0.057692307692307696
0 0.8533653846153846 0.31009615384615385 0.03245192307692308 0.04447115384615385
0 0.8004807692307693 0.2127403846153846 0.04266826923076923 0.05498798076923077
0 0.7992788461538461 0.38100961538461536 0.036057692307692304 0.046274038461538464
0 0.8064903846153846 0.39663461538461536 0.036959134615384616 0.06640625
0 0.21514423076923078 0.5060096153846154 0.03665865384615385 0.059194711538461536
0 0.11899038461538461 0.4987980769230769 0.04146634615384615 0.07842548076923077
0 0.19831730769230768 0.4206730769230769 0.03635817307692308 0.04807692307692308
0 0.1045673076923077 0.328125 0.050180288461538464 0.07211538461538461
0 0.1935096153846154 0.12139423076923077 0.031850961538461536 0.060697115384615384
0 0.578125 0.6959134615384616 0.026141826923076924 0.045973557692307696
0 0.17668269230769232 0.7283653846153846 0.03155048076923077 0.04837740384615385
0 0.18028846153846154 0.6237980769230769 0.028846153846153848 0.049879807692307696