2 0.40024038461538464 0.4050480769230769 0.48227163461538464 0.4444110576923077
2 0.7608173076923077 0.5204326923076923 0.19471153846153846 0.6709735576923077
2 0.38341346153846156 0.7367788461538461 0.5303485576923077 0.2803485576923077
2 0.46274038461538464 0.9230769230769231 0.31490384615384615 0.15384615384615385
2 0.7439903846153846 0.9326923076923077 0.23798076923076922 0.1346153846153846
2 0.06370192307692307 0.53125 0.12740384615384615 0.6730769230769231
1 0.26322115384615385 0.12860576923076922 0.07692307692307693 0.04146634615384615
1 0.4543269230769231 0.13701923076923078 0.07271634615384616 0.03485576923076923
1 0.578125 0.14182692307692307 0.06971153846153846 0.028846153846153848
1 0.7692307692307693 0.14423076923076922 0.08082932692307693 0.047776442307692304
0 0.2764423076923077 0.6778846153846154 0.06820913461538461 0.09615384615384616
0 0.5144230769230769 0.6826923076923077 0.0811298076923077 0.09104567307692307
0 0.6598557692307693 0.3125 0.08173076923076923 0.10516826923076923
0 0.03245192307692308 0.9254807692307693 0.06490384615384616 0.10576923076923077
0 0.02403846153846154 0.8269230769230769 0.04807692307692308 0.09134615384615384
0 0.421875 0.9711538461538461 0.08413461538461539 0.057692307692307696