2 0.39783653846153844 0.41466346153846156 0.51171875 0.47806490384615385
2 0.7584134615384616 0.5288461538461539 0.21334134615384615 0.6733774038461539
2 0.3798076923076923 0.7451923076923077 0.5339543269230769 0.31700721153846156
2 0.45913461538461536 0.9206730769230769 0.3173076923076923 0.15865384615384615
2 0.7403846153846154 0.9375 0.2403846153846154 0.125
2 0.078125 0.5384615384615384 0.15625 0.6682692307692307
1 0.25961538461538464 0.13701923076923078 0.07752403846153846 0.04326923076923077
1 0.45072115384615385 0.14543269230769232 0.07211538461538461 0.03125
1 0.5757211538461539 0.1502403846153846 0.0703125 0.03365384615384615
1 0.765625 0.15264423076923078 0.07962740384615384 0.035757211538461536
0 0.27283653846153844 0.6862980769230769 0.08022836538461539 0.10276442307692307
0 0.5108173076923077 0.6911057692307693 0.07872596153846154 0.08924278846153846
0 0.65625 0.32091346153846156 0.0829326923076923 0.10576923076923077
0 0.030048076923076924 0.9338942307692307 0.06009615384615385 0.10336538461538461
0 0.02283653846153846 0.8353365384615384 0.04567307692307692 0.0889423076923077
0 0.4206730769230769 0.9747596153846154 0.08653846153846154 0.05048076923076923