2 0.3942307692307692 0.4230769230769231 0.5135216346153846 0.4855769230769231
2 0.7403846153846154 0.5324519230769231 0.21033653846153846 0.6472355769230769
2 0.37740384615384615 0.7403846153846154 0.5105168269230769 0.29356971153846156
2 0.4543269230769231 0.9290865384615384 0.2932692307692308 0.14182692307692307
2 0.7235576923076923 0.9254807692307693 0.2403846153846154 0.14903846153846154
2 0.0889423076923077 0.5432692307692307 0.1778846153846154 0.6394230769230769
1 0.2620192307692308 0.15745192307692307 0.07241586538461539 0.036959134615384616
1 0.44471153846153844 0.1658653846153846 0.06820913461538461 0.033353365384615384
1 0.5649038461538461 0.17067307692307693 0.07091346153846154 0.03756009615384615
1 0.7475961538461539 0.17307692307692307 0.07632211538461539 0.04266826923076923
0 0.27524038461538464 0.6838942307692307 0.07481971153846154 0.09765625
0 0.5036057692307693 0.6887019230769231 0.0655048076923077 0.07932692307692307
0 0.6430288461538461 0.33413461538461536 0.08864182692307693 0.10576923076923077
0 0.03365384615384615 0.921875 0.0634014423076923 0.09405048076923077
0 0.026442307692307692 0.8269230769230769 0.052884615384615384 0.08653846153846154
0 0.41466346153846156 0.96875 0.08413461538461539 0.0625