2 0.484375 0.17548076923076922 0.7908653846153846 0.35096153846153844
2 0.47716346153846156 0.5961538461538461 0.8338341346153846 0.7025240384615384
2 0.6045673076923077 0.5949519230769231 0.14212740384615385 0.10576923076923077
2 0.7019230769230769 0.7247596153846154 0.34585336538461536 0.3635817307692308
2 0.2091346153846154 0.7103365384615384 0.2169471153846154 0.21875
2 0.21875 0.8485576923076923 0.18269230769230768 0.08623798076923077
0 0.4651442307692308 0.9350961538461539 0.12259615384615384 0.07241586538461539
0 0.4519230769230769 0.8305288461538461 0.14543269230769232 0.07361778846153846
0 0.2668269230769231 0.5769230769230769 0.11989182692307693 0.06760817307692307
0 0.49278846153846156 0.25 0.0967548076923077 0.05889423076923077
0 0.49759615384615385 0.6141826923076923 0.1349158653846154 0.04807692307692308
0 0.3798076923076923 0.6754807692307693 0.11658653846153846 0.06219951923076923
0 0.5841346153846154 0.7067307692307693 0.12109375 0.057692307692307696
0 0.7439903846153846 0.6947115384615384 0.09795673076923077 0.0673076923076923
0 0.2608173076923077 0.78125 0.09795673076923077 0.043870192307692304
1 0.6514423076923077 0.9086538461538461 0.15294471153846154 0.033353365384615384
1 0.21875 0.90625 0.07181490384615384 0.019230769230769232
1 0.24158653846153846 0.28125 0.14603365384615385 0.048978365384615384
1 0.4987980769230769 0.28846153846153844 0.12229567307692307 0.03395432692307692
1 0.6490384615384616 0.2776442307692308 0.1583533653846154 0.03545673076923077