2 0.4723557692307692 0.15985576923076922 0.7956730769230769 0.31971153846153844
2 0.46634615384615385 0.5805288461538461 0.8566706730769231 0.7421875
2 0.59375 0.5793269230769231 0.13431490384615385 0.09014423076923077
2 0.6911057692307693 0.7091346153846154 0.3524639423076923 0.3707932692307692
2 0.19831730769230768 0.6935096153846154 0.21935096153846154 0.21935096153846154
2 0.20793269230769232 0.8317307692307693 0.1875 0.09705528846153846
0 0.453125 0.9182692307692307 0.12259615384615384 0.07301682692307693
0 0.4411057692307692 0.8149038461538461 0.14423076923076922 0.06760817307692307
0 0.25600961538461536 0.5600961538461539 0.11748798076923077 0.04837740384615385
0 0.48197115384615385 0.234375 0.0985576923076923 0.0625
0 0.48677884615384615 0.5973557692307693 0.14092548076923078 0.0673076923076923
0 0.36899038461538464 0.6586538461538461 0.1171875 0.06280048076923077
0 0.5733173076923077 0.6899038461538461 0.1271033653846154 0.07151442307692307
0 0.7331730769230769 0.6778846153846154 0.09615384615384616 0.06310096153846154
0 0.25 0.7644230769230769 0.10036057692307693 0.05709134615384615
1 0.640625 0.8918269230769231 0.1505408653846154 0.03876201923076923
1 0.20793269230769232 0.890625 0.0694110576923077 0.02403846153846154
1 0.23076923076923078 0.265625 0.14483173076923078 0.045973557692307696
1 0.4879807692307692 0.27163461538461536 0.12109375 0.04296875
1 0.6370192307692307 0.2608173076923077 0.15775240384615385 0.04807692307692308