2 0.4807692307692308 0.13942307692307693 0.7980769230769231 0.27884615384615385
2 0.4735576923076923 0.5829326923076923 0.8218149038461539 0.67578125
2 0.6033653846153846 0.5817307692307693 0.1385216346153846 0.09164663461538461
2 0.703125 0.7139423076923077 0.33984375 0.36147836538461536
2 0.20192307692307693 0.6983173076923077 0.19290865384615385 0.19501201923076922
2 0.21153846153846154 0.8389423076923077 0.18389423076923078 0.09014423076923077
0 0.46153846153846156 0.9266826923076923 0.1240985576923077 0.0751201923076923
0 0.4483173076923077 0.8209134615384616 0.14423076923076922 0.060396634615384616
0 0.2608173076923077 0.5625 0.12229567307692307 0.06670673076923077
0 0.4891826923076923 0.23197115384615385 0.0985576923076923 0.05498798076923077
0 0.49399038461538464 0.6009615384615384 0.14092548076923078 0.057692307692307696
0 0.375 0.6622596153846154 0.1201923076923077 0.07211538461538461
0 0.5829326923076923 0.6947115384615384 0.1271033653846154 0.06370192307692307
0 0.7463942307692307 0.6826923076923077 0.09885817307692307 0.07181490384615384
0 0.2536057692307692 0.7704326923076923 0.10276442307692307 0.05979567307692308
1 0.6514423076923077 0.9002403846153846 0.14993990384615385 0.039963942307692304
1 0.21153846153846154 0.8978365384615384 0.07211538461538461 0.017427884615384616
1 0.234375 0.26322115384615385 0.15144230769230768 0.03064903846153846
1 0.4963942307692308 0.2704326923076923 0.12289663461538461 0.030348557692307692
1 0.6478365384615384 0.25961538461538464 0.16105769230769232 0.03876201923076923