2 0.0673076923076923 0.2644230769230769 0.125 0.19200721153846154
2 0.19591346153846154 0.25961538461538464 0.16075721153846154 0.1778846153846154
2 0.2608173076923077 0.36177884615384615 0.09134615384615384 0.10306490384615384
2 0.18870192307692307 0.3557692307692308 0.07001201923076923 0.09134615384615384
2 0.09014423076923077 0.46153846153846156 0.15564903846153846 0.21213942307692307
2 0.2860576923076923 0.6153846153846154 0.27403846153846156 0.2734375
2 0.15144230769230768 0.7043269230769231 0.2980769230769231 0.30318509615384615
2 0.45913461538461536 0.6081730769230769 0.09194711538461539 0.23677884615384615
2 0.3269230769230769 0.4483173076923077 0.34555288461538464 0.10817307692307693
2 0.4014423076923077 0.29447115384615385 0.20643028846153846 0.2478966346153846
2 0.6262019230769231 0.2920673076923077 0.18900240384615385 0.23407451923076922
2 0.7824519230769231 0.26802884615384615 0.13311298076923078 0.1853966346153846
2 0.9170673076923077 0.29086538461538464 0.1658653846153846 0.24519230769230768
2 0.7572115384615384 0.5901442307692307 0.4855769230769231 0.5120192307692307
2 0.9002403846153846 0.6189903846153846 0.19951923076923078 0.24759615384615385
2 0.8990384615384616 0.7884615384615384 0.20192307692307693 0.12980769230769232
1 0.640625 0.17427884615384615 0.07962740384615384 0.022536057692307692
1 0.7872596153846154 0.1778846153846154 0.040865384615384616 0.024338942307692308
1 0.9495192307692307 0.17548076923076922 0.08233173076923077 0.024939903846153848
1 0.859375 0.7451923076923077 0.0889423076923077 0.010216346153846154
1 0.6742788461538461 0.8449519230769231 0.18599759615384615 0.030949519230769232
1 0.14302884615384615 0.8449519230769231 0.17157451923076922 0.05498798076923077
1 0.22956730769230768 0.1778846153846154 0.11358173076923077 0.029146634615384616
1 0.09254807692307693 0.17307692307692307 0.03635817307692308 0.010817307692307692
1 0.4963942307692308 0.2956730769230769 0.028846153846153848 0.10997596153846154
0 0.13701923076923078 0.2512019230769231 0.05348557692307692 0.06580528846153846
0 0.2439903846153846 0.28966346153846156 0.05438701923076923 0.059495192307692304
0 0.3329326923076923 0.38461538461538464 0.049879807692307696 0.07602163461538461
0 0.44711538461538464 0.4639423076923077 0.056790865384615384 0.07301682692307693
0 0.33653846153846156 0.5132211538461539 0.04807692307692308 0.0625
0 0.24879807692307693 0.43509615384615385 0.055588942307692304 0.06820913461538461
0 0.19831730769230768 0.43149038461538464 0.03635817307692308 0.057692307692307696
0 0.16826923076923078 0.46033653846153844 0.043870192307692304 0.059194711538461536
0 0.265625 0.609375 0.055588942307692304 0.07211538461538461
0 0.3293269230769231 0.7223557692307693 0.07632211538461539 0.17998798076923078
0 0.8725961538461539 0.390625 0.053786057692307696 0.08353365384615384
0 0.8713942307692307 0.5180288461538461 0.06400240384615384 0.07481971153846154
0 0.8233173076923077 0.7872596153846154 0.0703125 0.07451923076923077
0 0.7860576923076923 0.3293269230769231 0.05228365384615385 0.057692307692307696
0 0.8245192307692307 0.3858173076923077 0.056790865384615384 0.07481971153846154