2 0.06129807692307692 0.26322115384615385 0.12259615384615384 0.18990384615384615
2 0.18389423076923078 0.25841346153846156 0.15655048076923078 0.17157451923076922
2 0.24879807692307693 0.359375 0.0928485576923077 0.09945913461538461
2 0.1778846153846154 0.35336538461538464 0.0673076923076923 0.08653846153846154
2 0.08052884615384616 0.4567307692307692 0.1346153846153846 0.1935096153846154
2 0.27163461538461536 0.6069711538461539 0.25991586538461536 0.25961538461538464
2 0.14182692307692307 0.6935096153846154 0.28365384615384615 0.2956730769230769
2 0.4411057692307692 0.6009615384615384 0.11748798076923077 0.23557692307692307
2 0.3125 0.44471153846153844 0.3371394230769231 0.12439903846153846
2 0.3858173076923077 0.2932692307692308 0.22295673076923078 0.25570913461538464
2 0.6045673076923077 0.2920673076923077 0.19891826923076922 0.23888221153846154
2 0.7584134615384616 0.2668269230769231 0.1271033653846154 0.1817908653846154
2 0.8990384615384616 0.2920673076923077 0.19290865384615385 0.24669471153846154
2 0.7439903846153846 0.5829326923076923 0.5120192307692307 0.5168269230769231
2 0.8786057692307693 0.6117788461538461 0.23076923076923078 0.26171875
2 0.875 0.7776442307692307 0.20222355769230768 0.12650240384615385
1 0.6201923076923077 0.17548076923076922 0.07752403846153846 0.029747596153846152
1 0.7632211538461539 0.17908653846153846 0.041165865384615384 0.025841346153846152
1 0.9230769230769231 0.17668269230769232 0.08173076923076923 0.017728365384615384
1 0.8341346153846154 0.734375 0.08623798076923077 0.027043269230769232
1 0.6526442307692307 0.8317307692307693 0.18449519230769232 0.01893028846153846
1 0.13341346153846154 0.8317307692307693 0.17307692307692307 0.0234375
1 0.21634615384615385 0.17908653846153846 0.1141826923076923 0.022536057692307692
1 0.0829326923076923 0.17548076923076922 0.036057692307692304 0.013822115384615384
1 0.4795673076923077 0.29447115384615385 0.017427884615384616 0.10817307692307693
0 0.12740384615384615 0.2512019230769231 0.06129807692307692 0.06911057692307693
0 0.23076923076923078 0.28846153846153844 0.04717548076923077 0.05318509615384615
0 0.31850961538461536 0.38221153846153844 0.05438701923076923 0.07662259615384616
0 0.43028846153846156 0.45913461538461536 0.06129807692307692 0.07662259615384616
0 0.32091346153846156 0.5072115384615384 0.05078125 0.06280048076923077
0 0.23557692307692307 0.43028846153846156 0.047776442307692304 0.0625
0 0.18629807692307693 0.42788461538461536 0.04537259615384615 0.061598557692307696
0 0.15625 0.4567307692307692 0.04807692307692308 0.057692307692307696
0 0.25240384615384615 0.6009615384615384 0.0625 0.07662259615384616
0 0.31490384615384615 0.7115384615384616 0.07301682692307693 0.17698317307692307
0 0.8473557692307693 0.3870192307692308 0.0625 0.08263221153846154
0 0.8449519230769231 0.5132211538461539 0.0625 0.07361778846153846
0 0.7980769230769231 0.7764423076923077 0.06760817307692307 0.07181490384615384
0 0.7620192307692307 0.328125 0.048978365384615384 0.055588942307692304
0 0.8004807692307693 0.38341346153846156 0.06129807692307692 0.0751201923076923