2 0.06370192307692307 0.2608173076923077 0.12349759615384616 0.19230769230769232
2 0.1935096153846154 0.25600961538461536 0.1658653846153846 0.18058894230769232
2 0.25961538461538464 0.359375 0.09585336538461539 0.10576923076923077
2 0.18629807692307693 0.35336538461538464 0.07361778846153846 0.09224759615384616
2 0.08653846153846154 0.46033653846153844 0.13972355769230768 0.20432692307692307
2 0.2848557692307692 0.6153846153846154 0.3004807692307692 0.29897836538461536
2 0.14903846153846154 0.7067307692307693 0.29747596153846156 0.3034855769230769
2 0.46033653846153844 0.609375 0.11748798076923077 0.2421875
2 0.3269230769230769 0.44711538461538464 0.35006009615384615 0.09735576923076923
2 0.4026442307692308 0.29086538461538464 0.2088341346153846 0.2503004807692308
2 0.6286057692307693 0.28966346153846156 0.20432692307692307 0.2478966346153846
2 0.7872596153846154 0.2644230769230769 0.14122596153846154 0.19170673076923078
2 0.9158653846153846 0.28846153846153844 0.16826923076923078 0.25
2 0.7487980769230769 0.5901442307692307 0.5024038461538461 0.5504807692307693
2 0.9014423076923077 0.6189903846153846 0.1971153846153846 0.24759615384615385
2 0.9014423076923077 0.7908653846153846 0.1971153846153846 0.125
1 0.6442307692307693 0.16947115384615385 0.08173076923076923 0.03155048076923077
1 0.7920673076923077 0.17307692307692307 0.04326923076923077 0.029747596153846152
1 0.9567307692307693 0.17067307692307693 0.08533653846153846 0.028545673076923076
1 0.8653846153846154 0.7463942307692307 0.09104567307692307 0.01201923076923077
1 0.6778846153846154 0.8473557692307693 0.18299278846153846 0.04657451923076923
1 0.140625 0.8473557692307693 0.17998798076923078 0.041165865384615384
1 0.22716346153846154 0.17307692307692307 0.11748798076923077 0.01953125
1 0.0889423076923077 0.16947115384615385 0.038161057692307696 0.016826923076923076
1 0.4987980769230769 0.2920673076923077 0.026442307692307692 0.11207932692307693
0 0.1346153846153846 0.24879807692307693 0.056790865384615384 0.0673076923076923
0 0.24278846153846154 0.2860576923076923 0.04807692307692308 0.056790865384615384
0 0.3329326923076923 0.38221153846153844 0.059194711538461536 0.07782451923076923
0 0.4483173076923077 0.46274038461538464 0.06099759615384615 0.0790264423076923
0 0.33533653846153844 0.5132211538461539 0.05048076923076923 0.06520432692307693
0 0.24759615384615385 0.4326923076923077 0.054086538461538464 0.07151442307692307
0 0.1971153846153846 0.43028846153846156 0.038461538461538464 0.057692307692307696
0 0.1658653846153846 0.46033653846153844 0.042367788461538464 0.055588942307692304
0 0.2644230769230769 0.609375 0.06640625 0.07962740384615384
0 0.328125 0.7235576923076923 0.08022836538461539 0.18209134615384615
0 0.8786057692307693 0.38822115384615385 0.060396634615384616 0.0850360576923077
0 0.8762019230769231 0.5180288461538461 0.06490384615384616 0.07542067307692307
0 0.828125 0.7896634615384616 0.0673076923076923 0.0703125
0 0.7908653846153846 0.3269230769230769 0.053786057692307696 0.05829326923076923
0 0.8305288461538461 0.38341346153846156 0.05588942307692308 0.0751201923076923