2 0.28125 0.47115384615384615 0.5625 0.8701923076923077
2 0.6442307692307693 0.22956730769230768 0.3115985576923077 0.3350360576923077
2 0.8774038461538461 0.23076923076923078 0.1778846153846154 0.34585336538461536
2 0.8377403846153846 0.5600961538461539 0.24519230769230768 0.3134014423076923
2 0.7283653846153846 0.6442307692307693 0.5006009615384616 0.5093149038461539
1 0.09014423076923077 0.046875 0.13251201923076922 0.04056490384615385
1 0.016826923076923076 0.11177884615384616 0.03365384615384615 0.0889423076923077
1 0.6225961538461539 0.04927884615384615 0.11899038461538461 0.057692307692307696
1 0.9146634615384616 0.04447115384615385 0.0694110576923077 0.04326923076923077
0 0.6838942307692307 0.5612980769230769 0.09405048076923077 0.1328125
0 0.8870192307692307 0.9278846153846154 0.11538461538461539 0.14423076923076922