2 0.2644230769230769 0.4375 0.5042067307692307 0.8263221153846154
2 0.6454326923076923 0.1971153846153846 0.33984375 0.36087740384615385
2 0.875 0.19951923076923078 0.2265625 0.35096153846153844
2 0.8365384615384616 0.5228365384615384 0.24549278846153846 0.31430288461538464
2 0.7283653846153846 0.6069711538461539 0.5054086538461539 0.5123197115384616
1 0.0985576923076923 0.018028846153846152 0.12980769230769232 0.036057692307692304
1 0.02403846153846154 0.0829326923076923 0.03936298076923077 0.08804086538461539
1 0.6225961538461539 0.02283653846153846 0.11538461538461539 0.04567307692307692
1 0.9110576923076923 0.018028846153846152 0.0673076923076923 0.036057692307692304
0 0.6838942307692307 0.5252403846153846 0.0985576923076923 0.13611778846153846
0 0.8870192307692307 0.9002403846153846 0.11598557692307693 0.16526442307692307