2 0.27283653846153844 0.44350961538461536 0.5456730769230769 0.8629807692307693
2 0.6358173076923077 0.203125 0.3094951923076923 0.33413461538461536
2 0.8677884615384616 0.20552884615384615 0.20733173076923078 0.35366586538461536
2 0.8293269230769231 0.53125 0.28455528846153844 0.3371394230769231
2 0.7199519230769231 0.6165865384615384 0.5024038461538461 0.5081129807692307
1 0.08413461538461539 0.021634615384615384 0.1346153846153846 0.04326923076923077
1 0.013221153846153846 0.08653846153846154 0.026442307692307692 0.08653846153846154
1 0.6141826923076923 0.025240384615384616 0.11778846153846154 0.05048076923076923
1 0.9038461538461539 0.020432692307692308 0.0673076923076923 0.040865384615384616
0 0.6742788461538461 0.5336538461538461 0.09765625 0.13521634615384615
0 0.8798076923076923 0.9134615384615384 0.10006009615384616 0.15865384615384615