2 0.21754807692307693 0.10336538461538461 0.2860576923076923 0.20673076923076922
2 0.21033653846153846 0.3329326923076923 0.2803485576923077 0.2770432692307692
2 0.21153846153846154 0.5697115384615384 0.27884615384615385 0.20793269230769232
2 0.41466346153846156 0.06490384615384616 0.13221153846153846 0.12980769230769232
2 0.6105769230769231 0.1045673076923077 0.375 0.2091346153846154
2 0.8605769230769231 0.3329326923076923 0.14362980769230768 0.2668269230769231
2 0.5745192307692307 0.5060096153846154 0.4573317307692308 0.7581129807692307
2 0.6766826923076923 0.5625 0.2527043269230769 0.23106971153846154
2 0.5625 0.9362980769230769 0.2548076923076923 0.12740384615384615
2 0.7439903846153846 0.9387019230769231 0.10817307692307693 0.12259615384615384
1 0.8028846153846154 0.9639423076923077 0.029747596153846152 0.07181490384615384
1 0.8004807692307693 0.7764423076923077 0.03485576923076923 0.09615384615384616
1 0.8028846153846154 0.5745192307692307 0.02794471153846154 0.09585336538461539
1 0.8064903846153846 0.3088942307692308 0.04807692307692308 0.14092548076923078
1 0.8004807692307693 0.09735576923076923 0.023737980769230768 0.0985576923076923
0 0.8269230769230769 0.40384615384615385 0.07301682692307693 0.06820913461538461
0 0.4987980769230769 0.09254807692307693 0.06460336538461539 0.05078125
0 0.45913461538461536 0.1658653846153846 0.054086538461538464 0.047475961538461536
0 0.3269230769230769 0.16706730769230768 0.05829326923076923 0.04957932692307692
0 0.328125 0.24158653846153846 0.06009615384615385 0.06099759615384615
0 0.32572115384615385 0.6322115384615384 0.055588942307692304 0.04417067307692308
0 0.4014423076923077 0.7019230769230769 0.06760817307692307 0.07632211538461539
0 0.4699519230769231 0.765625 0.04056490384615385 0.04326923076923077
0 0.65625 0.8569711538461539 0.057692307692307696 0.059194711538461536
0 0.6742788461538461 0.9158653846153846 0.059495192307692304 0.04326923076923077
1 0.07211538461538461 0.1201923076923077 0.028846153846153848 0.11568509615384616
1 0.06971153846153846 0.2932692307692308 0.03395432692307692 0.11959134615384616
1 0.07091346153846154 0.5673076923076923 0.035757211538461536 0.09615384615384616