2 0.18028846153846154 0.0985576923076923 0.30288461538461536 0.1971153846153846
2 0.17307692307692307 0.30649038461538464 0.3176081730769231 0.31400240384615385
2 0.17427884615384615 0.5480769230769231 0.3046875 0.24519230769230768
2 0.38100961538461536 0.05048076923076923 0.13221153846153846 0.10096153846153846
2 0.5805288461538461 0.08774038461538461 0.37259615384615385 0.17548076923076922
2 0.8341346153846154 0.30649038461538464 0.15294471153846154 0.27163461538461536
2 0.5432692307692307 0.4831730769230769 0.5823317307692307 0.8215144230769231
2 0.6466346153846154 0.5396634615384616 0.24519230769230768 0.21965144230769232
2 0.53125 0.9194711538461539 0.2644230769230769 0.16105769230769232
2 0.7151442307692307 0.9302884615384616 0.10817307692307693 0.13942307692307693
1 0.7752403846153846 0.9495192307692307 0.021033653846153848 0.07241586538461539
1 0.7728365384615384 0.7572115384615384 0.03665865384615385 0.09585336538461539
1 0.7752403846153846 0.5516826923076923 0.026141826923076924 0.09825721153846154
1 0.7788461538461539 0.28125 0.0390625 0.14393028846153846
1 0.7728365384615384 0.0673076923076923 0.038461538461538464 0.1015625
0 0.7992788461538461 0.3786057692307692 0.07872596153846154 0.07001201923076923
0 0.46634615384615385 0.0625 0.061598557692307696 0.04807692307692308
0 0.4266826923076923 0.13701923076923078 0.055288461538461536 0.04447115384615385
0 0.29086538461538464 0.13822115384615385 0.061598557692307696 0.05048076923076923
0 0.2932692307692308 0.21394230769230768 0.06219951923076923 0.06370192307692307
0 0.29086538461538464 0.6105769230769231 0.061598557692307696 0.056490384615384616
0 0.36778846153846156 0.6814903846153846 0.06310096153846154 0.07361778846153846
0 0.4375 0.7463942307692307 0.04717548076923077 0.05078125
0 0.6262019230769231 0.8389423076923077 0.05498798076923077 0.05709134615384615
0 0.6454326923076923 0.8990384615384616 0.055588942307692304 0.034254807692307696
1 0.03245192307692308 0.09014423076923077 0.02403846153846154 0.1180889423076923
1 0.03125 0.265625 0.023737980769230768 0.12259615384615384
1 0.03125 0.5456730769230769 0.025240384615384616 0.1006610576923077