2 0.203125 0.10336538461538461 0.2860576923076923 0.20673076923076922
2 0.19471153846153846 0.33653846153846156 0.3115985576923077 0.3073918269230769
2 0.1971153846153846 0.578125 0.29867788461538464 0.23317307692307693
2 0.40384615384615385 0.06490384615384616 0.125 0.125
2 0.6021634615384616 0.10216346153846154 0.37259615384615385 0.20432692307692307
2 0.8557692307692307 0.33653846153846156 0.14513221153846154 0.2698317307692308
2 0.5649038461538461 0.5132211538461539 0.5775240384615384 0.8191105769230769
2 0.6694711538461539 0.5697115384615384 0.25721153846153844 0.23587740384615385
2 0.5540865384615384 0.9447115384615384 0.25240384615384615 0.11057692307692307
2 0.7355769230769231 0.9459134615384616 0.10096153846153846 0.10817307692307693
1 0.796875 0.9711538461538461 0.021634615384615384 0.05739182692307692
1 0.7956730769230769 0.7884615384615384 0.038461538461538464 0.09585336538461539
1 0.796875 0.5829326923076923 0.030949519230769232 0.09825721153846154
1 0.8016826923076923 0.3125 0.03545673076923077 0.14453125
1 0.7956730769230769 0.09735576923076923 0.024639423076923076 0.10096153846153846
0 0.8221153846153846 0.40865384615384615 0.06790865384615384 0.06219951923076923
0 0.4879807692307692 0.09254807692307693 0.061598557692307696 0.04807692307692308
0 0.4483173076923077 0.16706730769230768 0.0546875 0.045072115384615384
0 0.3137019230769231 0.16826923076923078 0.05618990384615385 0.04807692307692308
0 0.31490384615384615 0.2439903846153846 0.061598557692307696 0.06430288461538461
0 0.3125 0.6418269230769231 0.053786057692307696 0.04447115384615385
0 0.3894230769230769 0.7127403846153846 0.061899038461538464 0.07361778846153846
0 0.45913461538461536 0.7776442307692307 0.043569711538461536 0.04957932692307692
0 0.6478365384615384 0.8701923076923077 0.05618990384615385 0.05829326923076923
0 0.6670673076923077 0.9290865384615384 0.05979567307692308 0.04326923076923077
1 0.054086538461538464 0.12139423076923077 0.025841346153846152 0.1180889423076923
1 0.052884615384615384 0.296875 0.03876201923076923 0.1201923076923077
1 0.054086538461538464 0.5757211538461539 0.03125 0.09885817307692307