2 0.06370192307692307 0.09975961538461539 0.12740384615384615 0.19951923076923078
2 0.10817307692307693 0.2932692307692308 0.21634615384615385 0.22115384615384615
2 0.20072115384615385 0.10576923076923077 0.19471153846153846 0.21153846153846154
2 0.23317307692307693 0.1778846153846154 0.1102764423076923 0.05709134615384615
2 0.25 0.27403846153846156 0.10486778846153846 0.16256009615384615
2 0.26322115384615385 0.3701923076923077 0.045973557692307696 0.039663461538461536
2 0.28846153846153844 0.44711538461538464 0.14423076923076922 0.10697115384615384
2 0.35697115384615385 0.3269230769230769 0.14573317307692307 0.1349158653846154
2 0.3557692307692308 0.12860576923076922 0.14423076923076922 0.25721153846153844
2 0.6153846153846154 0.04447115384615385 0.2932692307692308 0.0889423076923077
2 0.6959134615384616 0.17427884615384615 0.17487980769230768 0.2995793269230769
2 0.5492788461538461 0.1971153846153846 0.18269230769230768 0.2647235576923077
2 0.6887019230769231 0.32091346153846156 0.4405048076923077 0.21003605769230768
2 0.8293269230769231 0.12379807692307693 0.15865384615384615 0.24759615384615385
2 0.5661057692307693 0.5132211538461539 0.18449519230769232 0.16015625
2 0.5504807692307693 0.5949519230769231 0.15745192307692307 0.09765625
2 0.6225961538461539 0.7319711538461539 0.3037860576923077 0.1971153846153846
2 0.8665865384615384 0.6622596153846154 0.07061298076923077 0.055288461538461536
2 0.8701923076923077 0.7355769230769231 0.08653846153846154 0.0811298076923077
2 0.8677884615384616 0.5384615384615384 0.06790865384615384 0.19200721153846154
2 0.8377403846153846 0.6310096153846154 0.13701923076923078 0.39272836538461536
1 0.09735576923076923 0.39663461538461536 0.09885817307692307 0.02794471153846154
1 0.42788461538461536 0.15384615384615385 0.01953125 0.0859375
1 0.31850961538461536 0.3942307692307692 0.049879807692307696 0.0234375
1 0.4735576923076923 0.20793269230769232 0.033353365384615384 0.10366586538461539
1 0.90625 0.21153846153846154 0.04296875 0.15294471153846154
1 0.6887019230769231 0.4362980769230769 0.04807692307692308 0.021935096153846152
1 0.5733173076923077 0.4338942307692308 0.030949519230769232 0.017127403846153848
1 0.4723557692307692 0.4831730769230769 0.017728365384615384 0.043569711538461536
1 0.5444711538461539 0.828125 0.031850961538461536 0.012920673076923076
1 0.6117788461538461 0.8257211538461539 0.04146634615384615 0.022536057692307692
1 0.90625 0.6045673076923077 0.019230769230769232 0.041165865384615384
1 0.90625 0.7992788461538461 0.01893028846153846 0.04146634615384615
2 0.7728365384615384 0.8834134615384616 0.14092548076923078 0.1180889423076923
2 0.28966346153846156 0.44591346153846156 0.12770432692307693 0.10276442307692307