2 0.07572115384615384 0.11057692307692307 0.12980769230769232 0.21063701923076922
2 0.11658653846153846 0.31009615384615385 0.23317307692307693 0.20733173076923078
2 0.22115384615384615 0.11658653846153846 0.17247596153846154 0.20943509615384615
2 0.2512019230769231 0.19591346153846154 0.10907451923076923 0.060396634615384616
2 0.2692307692307692 0.28966346153846156 0.0859375 0.15204326923076922
2 0.28125 0.38341346153846156 0.04326923076923077 0.04056490384615385
2 0.30649038461538464 0.45913461538461536 0.14212740384615385 0.1102764423076923
2 0.37259615384615385 0.3425480769230769 0.14513221153846154 0.13671875
2 0.3737980769230769 0.14302884615384615 0.17067307692307693 0.27193509615384615
2 0.6262019230769231 0.052884615384615384 0.28575721153846156 0.1015625
2 0.7043269230769231 0.19230769230769232 0.15925480769230768 0.2890625
2 0.5612980769230769 0.21394230769230768 0.1896033653846154 0.26352163461538464
2 0.6971153846153846 0.33533653846153844 0.4326923076923077 0.2130408653846154
2 0.8377403846153846 0.13341346153846154 0.15655048076923078 0.2629206730769231
2 0.578125 0.5240384615384616 0.1853966346153846 0.16346153846153846
2 0.5625 0.6033653846153846 0.15324519230769232 0.09555288461538461
2 0.6322115384615384 0.7379807692307693 0.3076923076923077 0.21243990384615385
2 0.8713942307692307 0.6694711538461539 0.0703125 0.05618990384615385
2 0.875 0.7415865384615384 0.08203125 0.07542067307692307
2 0.8725961538461539 0.5492788461538461 0.08082932692307693 0.1896033653846154
2 0.84375 0.6394230769230769 0.16706730769230768 0.3933293269230769
1 0.11177884615384616 0.01201923076923077 0.036959134615384616 0.01953125
1 0.22235576923076922 0.008413461538461538 0.06971153846153846 0.016826923076923076
1 0.33533653846153844 0.008413461538461538 0.036057692307692304 0.016826923076923076
1 0.009615384615384616 0.1045673076923077 0.019230769230769232 0.06971153846153846
1 0.11899038461538461 0.4098557692307692 0.0946514423076923 0.032151442307692304
1 0.4423076923076923 0.17307692307692307 0.013822115384615384 0.08623798076923077
1 0.33533653846153844 0.4074519230769231 0.04657451923076923 0.026442307692307692
1 0.48677884615384615 0.22596153846153846 0.030348557692307692 0.10486778846153846
1 0.9110576923076923 0.2283653846153846 0.03936298076923077 0.14873798076923078
1 0.6983173076923077 0.4495192307692308 0.045973557692307696 0.018329326923076924
1 0.5841346153846154 0.44711538461538464 0.029447115384615384 0.01953125
1 0.4855769230769231 0.49399038461538464 0.014423076923076924 0.04537259615384615
1 0.5564903846153846 0.8329326923076923 0.03365384615384615 0.009615384615384616
1 0.6225961538461539 0.8293269230769231 0.03936298076923077 0.024939903846153848
1 0.9110576923076923 0.6129807692307693 0.014723557692307692 0.038461538461538464
1 0.9110576923076923 0.8040865384615384 0.015024038461538462 0.041165865384615384
2 0.7800480769230769 0.8870192307692307 0.13762019230769232 0.11959134615384616
2 0.3076923076923077 0.4579326923076923 0.1307091346153846 0.1084735576923077