2 0.07932692307692307 0.1310096153846154 0.1310096153846154 0.21334134615384615
2 0.12139423076923077 0.33413461538461536 0.23768028846153846 0.21243990384615385
2 0.2283653846153846 0.13701923076923078 0.21123798076923078 0.24068509615384615
2 0.25961538461538464 0.21754807692307693 0.11508413461538461 0.0673076923076923
2 0.2776442307692308 0.3137019230769231 0.09825721153846154 0.16015625
2 0.28966346153846156 0.4098557692307692 0.04657451923076923 0.04326923076923077
2 0.31490384615384615 0.48677884615384615 0.15324519230769232 0.1219951923076923
2 0.38341346153846156 0.36778846153846156 0.15114182692307693 0.14032451923076922
2 0.38461538461538464 0.16466346153846154 0.18269230769230768 0.28064903846153844
2 0.6418269230769231 0.07211538461538461 0.2932692307692308 0.1388221153846154
2 0.7223557692307693 0.21514423076923078 0.16826923076923078 0.2965745192307692
2 0.5757211538461539 0.23677884615384615 0.1796875 0.26231971153846156
2 0.7151442307692307 0.3605769230769231 0.4405048076923077 0.20643028846153846
2 0.8581730769230769 0.15384615384615385 0.18209134615384615 0.2746394230769231
2 0.59375 0.5528846153846154 0.18870192307692307 0.16796875
2 0.5769230769230769 0.6346153846153846 0.14903846153846154 0.0772235576923077
2 0.6490384615384616 0.7716346153846154 0.30318509615384615 0.19591346153846154
2 0.8930288461538461 0.7019230769230769 0.07061298076923077 0.05709134615384615
2 0.8966346153846154 0.7752403846153846 0.08653846153846154 0.07992788461538461
2 0.8942307692307693 0.578125 0.07692307692307693 0.19381009615384615
2 0.8641826923076923 0.6706730769230769 0.15084134615384615 0.39513221153846156
1 0.11658653846153846 0.030048076923076924 0.04026442307692308 0.021334134615384616
1 0.23076923076923078 0.025240384615384616 0.07241586538461539 0.019230769230769232
1 0.34615384615384615 0.02403846153846154 0.03365384615384615 0.019831730769230768
1 0.01201923076923077 0.12620192307692307 0.014723557692307692 0.07481971153846154
1 0.125 0.4362980769230769 0.1006610576923077 0.017127403846153848
1 0.4543269230769231 0.19471153846153846 0.014723557692307692 0.09014423076923077
1 0.3449519230769231 0.43509615384615385 0.049879807692307696 0.028846153846153848
1 0.5 0.24879807692307693 0.024939903846153848 0.10787259615384616
1 0.9338942307692307 0.2512019230769231 0.02734375 0.15174278846153846
1 0.7151442307692307 0.47716346153846156 0.04807692307692308 0.016526442307692308
1 0.5997596153846154 0.47475961538461536 0.030949519230769232 0.017728365384615384
1 0.4987980769230769 0.5228365384615384 0.012319711538461538 0.04537259615384615
1 0.5709134615384616 0.8689903846153846 0.03365384615384615 0.007512019230769231
1 0.6382211538461539 0.8653846153846154 0.04146634615384615 0.024939903846153848
1 0.9326923076923077 0.6442307692307693 0.019831730769230768 0.03936298076923077
1 0.9326923076923077 0.8401442307692307 0.018329326923076924 0.04326923076923077
2 0.7992788461538461 0.9242788461538461 0.13251201923076922 0.1084735576923077
2 0.3173076923076923 0.4855769230769231 0.13551682692307693 0.11538461538461539