2 0.13822115384615385 0.20192307692307693 0.14903846153846154 0.2926682692307692
2 0.5204326923076923 0.6454326923076923 0.8870192307692307 0.6277043269230769
2 0.8509615384615384 0.8028846153846154 0.18329326923076922 0.18689903846153846
2 0.7836538461538461 0.19591346153846154 0.35697115384615385 0.3239182692307692
2 0.38341346153846156 0.20072115384615385 0.3542668269230769 0.30528846153846156
1 0.09134615384615384 0.53125 0.052884615384615384 0.29837740384615385
1 0.9483173076923077 0.20552884615384615 0.0625 0.27734375
1 0.9507211538461539 0.5 0.04807692307692308 0.27974759615384615
1 0.9519230769230769 0.8617788461538461 0.009615384615384616 0.06490384615384616
0 0.6682692307692307 0.9038461538461539 0.09555288461538461 0.18299278846153846
0 0.7391826923076923 0.8557692307692307 0.08173076923076923 0.07692307692307693
0 0.6682692307692307 0.32572115384615385 0.07782451923076923 0.10336538461538461
0 0.5144230769230769 0.31850961538461536 0.07602163461538461 0.10366586538461539
0 0.14903846153846154 0.3173076923076923 0.08173076923076923 0.10036057692307693