2 0.13581730769230768 0.21153846153846154 0.13792067307692307 0.27974759615384615
2 0.5084134615384616 0.6418269230769231 0.8828125 0.6490384615384616
2 0.8305288461538461 0.7956730769230769 0.2049278846153846 0.20733173076923078
2 0.765625 0.20552884615384615 0.3488581730769231 0.31490384615384615
2 0.3762019230769231 0.21033653846153846 0.3317307692307692 0.27674278846153844
1 0.09134615384615384 0.53125 0.05318509615384615 0.28846153846153844
1 0.9254807692307693 0.21394230769230768 0.02013221153846154 0.2785456730769231
1 0.9278846153846154 0.5012019230769231 0.024939903846153848 0.27403846153846156
1 0.9290865384615384 0.8533653846153846 0.017427884615384616 0.06280048076923077
0 0.6526442307692307 0.8930288461538461 0.09375 0.1778846153846154
0 0.7223557692307693 0.8473557692307693 0.0889423076923077 0.08473557692307693
0 0.6526442307692307 0.3317307692307692 0.07692307692307693 0.1015625
0 0.5024038461538461 0.3245192307692308 0.06640625 0.0967548076923077
0 0.1466346153846154 0.3233173076923077 0.07632211538461539 0.0928485576923077