2 0.1466346153846154 0.21514423076923078 0.15354567307692307 0.28846153846153844
2 0.5228365384615384 0.6514423076923077 0.8434495192307693 0.5712139423076923
2 0.8485576923076923 0.8064903846153846 0.18329326923076922 0.1875
2 0.7824519230769231 0.21033653846153846 0.3485576923076923 0.31069711538461536
2 0.38822115384615385 0.21514423076923078 0.3434495192307692 0.29146634615384615
1 0.10096153846153846 0.5396634615384616 0.0772235576923077 0.28515625
1 0.9435096153846154 0.21875 0.039963942307692304 0.27794471153846156
1 0.9459134615384616 0.5084134615384616 0.03064903846153846 0.27674278846153844
1 0.9471153846153846 0.8653846153846154 0.010216346153846154 0.06280048076923077
0 0.6682692307692307 0.90625 0.10606971153846154 0.18329326923076922
0 0.7379807692307693 0.859375 0.08263221153846154 0.07842548076923077
0 0.6682692307692307 0.33774038461538464 0.08203125 0.10306490384615384
0 0.5168269230769231 0.33052884615384615 0.06670673076923077 0.09885817307692307
0 0.15745192307692307 0.3293269230769231 0.08383413461538461 0.09975961538461539