2 0.15625 0.28725961538461536 0.14813701923076922 0.3395432692307692
2 0.5865384615384616 0.4651442307692308 0.8269230769230769 0.8052884615384616
2 0.8293269230769231 0.28846153846153844 0.34134615384615385 0.3701923076923077
2 0.7307692307692307 0.6995192307692307 0.10667067307692307 0.2169471153846154
1 0.984375 0.6442307692307693 0.03125 0.1778846153846154
1 0.9855769230769231 0.296875 0.015024038461538462 0.18028846153846154
1 0.21394230769230768 0.24639423076923078 0.028545673076923076 0.15655048076923078
0 0.2091346153846154 0.38461538461538464 0.1502403846153846 0.11929086538461539
0 0.625 0.3737980769230769 0.06670673076923077 0.08954326923076923
0 0.6971153846153846 0.4050480769230769 0.08263221153846154 0.09405048076923077
0 0.65625 0.7055288461538461 0.0811298076923077 0.10306490384615384
0 0.6370192307692307 0.8293269230769231 0.08052884615384616 0.19170673076923078