2 0.15745192307692307 0.2956730769230769 0.0985576923076923 0.3368389423076923
2 0.6057692307692307 0.47716346153846156 0.76953125 0.7097355769230769
2 0.8401442307692307 0.296875 0.30138221153846156 0.33413461538461536
2 0.7379807692307693 0.7127403846153846 0.13040865384615385 0.22596153846153846
1 0.9903846153846154 0.6550480769230769 0.019230769230769232 0.17548076923076922
1 0.9855769230769231 0.30528846153846156 0.028846153846153848 0.1778846153846154
1 0.21634615384615385 0.2536057692307692 0.046875 0.15625
0 0.21153846153846154 0.3942307692307692 0.14362980769230768 0.1006610576923077
0 0.6310096153846154 0.38341346153846156 0.06520432692307693 0.08924278846153846
0 0.7043269230769231 0.41466346153846156 0.09134615384615384 0.10096153846153846
0 0.6622596153846154 0.71875 0.07451923076923077 0.10126201923076923
0 0.6430288461538461 0.8425480769230769 0.0946514423076923 0.19441105769230768