2 0.14543269230769232 0.30528846153846156 0.1328125 0.33263221153846156
2 0.5829326923076923 0.4807692307692308 0.8296274038461539 0.7800480769230769
2 0.8100961538461539 0.30528846153846156 0.34164663461538464 0.36508413461538464
2 0.7115384615384616 0.7091346153846154 0.1388221153846154 0.2208533653846154
1 0.9627403846153846 0.6550480769230769 0.03635817307692308 0.17457932692307693
1 0.9627403846153846 0.3137019230769231 0.026442307692307692 0.1778846153846154
1 0.20192307692307693 0.26322115384615385 0.03936298076923077 0.15534855769230768
0 0.1971153846153846 0.40024038461538464 0.13912259615384615 0.09825721153846154
0 0.6069711538461539 0.3894230769230769 0.05498798076923077 0.08203125
0 0.6778846153846154 0.4206730769230769 0.08774038461538461 0.0967548076923077
0 0.6370192307692307 0.7163461538461539 0.0712139423076923 0.09585336538461539
0 0.6189903846153846 0.8365384615384616 0.07451923076923077 0.18659855769230768