2 0.21394230769230768 0.25961538461538464 0.30679086538461536 0.25841346153846156
2 0.5877403846153846 0.5024038461538461 0.5303485576923077 0.7349759615384616
2 0.2127403846153846 0.49759615384615385 0.2899639423076923 0.2361778846153846
2 0.2127403846153846 0.7307692307692307 0.3173076923076923 0.2785456730769231
2 0.8798076923076923 0.30288461538461536 0.1541466346153846 0.3076923076923077
2 0.39663461538461536 0.21995192307692307 0.14873798076923078 0.16556490384615385
0 0.39663461538461536 0.3293269230769231 0.0733173076923077 0.07662259615384616
0 0.3269230769230769 0.34615384615384615 0.06790865384615384 0.078125
0 0.33052884615384615 0.41947115384615385 0.06400240384615384 0.060396634615384616
0 0.3329326923076923 0.6634615384615384 0.07692307692307693 0.09104567307692307
0 0.3954326923076923 0.8605769230769231 0.0985576923076923 0.16856971153846154
0 0.828125 0.37740384615384615 0.12289663461538461 0.0868389423076923
1 0.06610576923076923 0.25961538461538464 0.016826923076923076 0.12049278846153846
1 0.06850961538461539 0.5024038461538461 0.04807692307692308 0.12890625
1 0.06850961538461539 0.7379807692307693 0.03545673076923077 0.12920673076923078