2 0.17668269230769232 0.25841346153846156 0.2932692307692308 0.23407451923076922
2 0.5528846153846154 0.5024038461538461 0.5231370192307693 0.7349759615384616
2 0.17548076923076922 0.49759615384615385 0.30799278846153844 0.26352163461538464
2 0.17548076923076922 0.7331730769230769 0.31700721153846156 0.27524038461538464
2 0.8461538461538461 0.3016826923076923 0.13521634615384615 0.3058894230769231
2 0.3605769230769231 0.21875 0.13040865384615385 0.15384615384615385
0 0.3605769230769231 0.3293269230769231 0.06670673076923077 0.06700721153846154
0 0.29086538461538464 0.3449519230769231 0.07632211538461539 0.08473557692307693
0 0.29447115384615385 0.41947115384615385 0.060396634615384616 0.05618990384615385
0 0.2956730769230769 0.6634615384615384 0.07271634615384616 0.08743990384615384
0 0.359375 0.8629807692307693 0.06911057692307693 0.16346153846153846
0 0.7944711538461539 0.37740384615384615 0.12349759615384616 0.09014423076923077
1 0.028846153846153848 0.25841346153846156 0.02403846153846154 0.12229567307692307
1 0.030048076923076924 0.5024038461538461 0.04146634615384615 0.12980769230769232
1 0.03125 0.7391826923076923 0.042067307692307696 0.12770432692307693