2 0.20072115384615385 0.24639423076923078 0.29507211538461536 0.24248798076923078
2 0.5673076923076923 0.4831730769230769 0.5471754807692307 0.7349759615384616
2 0.19951923076923078 0.4795673076923077 0.3037860576923077 0.2620192307692308
2 0.19951923076923078 0.7067307692307693 0.30859375 0.26953125
2 0.8521634615384616 0.28725961538461536 0.15114182692307693 0.30078125
2 0.3798076923076923 0.20673076923076922 0.14453125 0.16316105769230768
0 0.3798076923076923 0.3137019230769231 0.0712139423076923 0.07211538461538461
0 0.3112980769230769 0.3293269230769231 0.07481971153846154 0.08563701923076923
0 0.31490384615384615 0.4026442307692308 0.06310096153846154 0.060697115384615384
0 0.3173076923076923 0.640625 0.06280048076923077 0.07992788461538461
0 0.3786057692307692 0.8341346153846154 0.08323317307692307 0.16346153846153846
0 0.8016826923076923 0.3605769230769231 0.12169471153846154 0.08713942307692307
1 0.056490384615384616 0.24519230769230768 0.03665865384615385 0.11929086538461539
1 0.05889423076923077 0.4831730769230769 0.021634615384615384 0.12950721153846154
1 0.05889423076923077 0.7139423076923077 0.025540865384615384 0.125