2 0.10576923076923077 0.09375 0.21153846153846154 0.1346153846153846
2 0.36177884615384615 0.17307692307692307 0.14152644230769232 0.22626201923076922
2 0.25961538461538464 0.17067307692307693 0.12079326923076923 0.2247596153846154
2 0.2091346153846154 0.30288461538461536 0.4182692307692308 0.2980769230769231
2 0.1045673076923077 0.38341346153846156 0.07211538461538461 0.10336538461538461
2 0.4723557692307692 0.3605769230769231 0.11388221153846154 0.18239182692307693
2 0.3713942307692308 0.5480769230769231 0.13611778846153846 0.13551682692307693
2 0.484375 0.6237980769230769 0.1201923076923077 0.22115384615384615
2 0.5853365384615384 0.6225961538461539 0.13701923076923078 0.22205528846153846
2 0.5973557692307693 0.8137019230769231 0.09344951923076923 0.16135817307692307
2 0.49759615384615385 0.8149038461538461 0.125 0.15384615384615385
2 0.39302884615384615 0.8125 0.09915865384615384 0.16376201923076922
2 0.2956730769230769 0.8149038461538461 0.1544471153846154 0.17337740384615385
2 0.28725961538461536 0.6766826923076923 0.13611778846153846 0.12169471153846154
2 0.3918269230769231 0.6778846153846154 0.10006009615384616 0.11568509615384616
2 0.6286057692307693 0.30408653846153844 0.14573317307692307 0.27103365384615385
2 0.7331730769230769 0.30528846153846156 0.08203125 0.2686298076923077
2 0.8064903846153846 0.3894230769230769 0.07361778846153846 0.0967548076923077
2 0.8725961538461539 0.3629807692307692 0.19831730769230768 0.15895432692307693
2 0.9014423076923077 0.17427884615384615 0.1502403846153846 0.22746394230769232
2 0.8016826923076923 0.17307692307692307 0.07001201923076923 0.21213942307692307
1 0.8449519230769231 0.05889423076923077 0.01622596153846154 0.01622596153846154
1 0.8689903846153846 0.056490384615384616 0.016526442307692308 0.012319711538461538
1 0.9735576923076923 0.24759615384615385 0.015625 0.038461538461538464
1 0.9735576923076923 0.30649038461538464 0.014423076923076924 0.040865384615384616
1 0.25 0.06009615384615385 0.028245192307692308 0.02403846153846154
1 0.2932692307692308 0.057692307692307696 0.01893028846153846 0.010216346153846154
1 0.3605769230769231 0.057692307692307696 0.08203125 0.018629807692307692
1 0.41466346153846156 0.24639423076923078 0.012620192307692308 0.038461538461538464
1 0.41466346153846156 0.3125 0.014423076923076924 0.04296875
1 0.3245192307692308 0.4423076923076923 0.03756009615384615 0.024639423076923076
1 0.1045673076923077 0.4411057692307692 0.021033653846153848 0.015925480769230768
1 0.006009615384615385 0.2512019230769231 0.01201923076923077 0.0889423076923077
1 0.2247596153846154 0.7848557692307693 0.01201923076923077 0.041165865384615384
1 0.22355769230769232 0.7103365384615384 0.013221153846153846 0.03125
1 0.25961538461538464 0.6153846153846154 0.019831730769230768 0.010817307692307692
1 0.3004807692307692 0.6141826923076923 0.023737980769230768 0.017728365384615384
1 0.3605769230769231 0.6189903846153846 0.029146634615384616 0.025841346153846152
1 0.39903846153846156 0.6177884615384616 0.02794471153846154 0.023137019230769232
1 0.49038461538461536 0.5096153846153846 0.06219951923076923 0.020432692307692308
1 0.5480769230769231 0.5108173076923077 0.020432692307692308 0.020733173076923076
1 0.5588942307692307 0.2776442307692308 0.0078125 0.035757211538461536
1 0.8786057692307693 0.4423076923076923 0.017728365384615384 0.019230769230769232
0 0.19951923076923078 0.12379807692307693 0.04447115384615385 0.05498798076923077
0 0.31850961538461536 0.09495192307692307 0.04056490384615385 0.05108173076923077
0 0.42908653846153844 0.36177884615384615 0.045072115384615384 0.05048076923076923
0 0.06370192307692307 0.39783653846153844 0.038461538461538464 0.046274038461538464
0 0.04567307692307692 0.47115384615384615 0.033353365384615384 0.06700721153846154
0 0.21514423076923078 0.6778846153846154 0.045072115384615384 0.053786057692307696
0 0.33533653846153844 0.6875 0.04056490384615385 0.052584134615384616
0 0.28365384615384615 0.7608173076923077 0.03275240384615385 0.059495192307692304
0 0.39302884615384615 0.7548076923076923 0.03515625 0.056790865384615384
0 0.4230769230769231 0.5709134615384616 0.042367788461538464 0.06430288461538461
0 0.44711538461538464 0.6658653846153846 0.03756009615384615 0.04417067307692308
0 0.4579326923076923 0.7091346153846154 0.03125 0.057992788461538464
0 0.6057692307692307 0.7163461538461539 0.034555288461538464 0.05228365384615385
0 0.5456730769230769 0.5588942307692307 0.029146634615384616 0.041165865384615384
0 0.8016826923076923 0.2620192307692308 0.03635817307692308 0.05709134615384615
0 0.8966346153846154 0.26322115384615385 0.0390625 0.057692307692307696
0 0.9663461538461539 0.36538461538461536 0.038161057692307696 0.047475961538461536
0 0.8545673076923077 0.37740384615384615 0.04567307692307692 0.054086538461538464
0 0.7860576923076923 0.3088942307692308 0.03936298076923077 0.046274038461538464