2 0.12379807692307693 0.10336538461538461 0.20853365384615385 0.14783653846153846
2 0.3701923076923077 0.1778846153846154 0.1201923076923077 0.21995192307692307
2 0.27283653846153844 0.17668269230769232 0.10907451923076923 0.2130408653846154
2 0.22235576923076922 0.30408653846153844 0.4182692307692308 0.3004807692307692
2 0.12259615384615384 0.38100961538461536 0.07692307692307693 0.10306490384615384
2 0.47716346153846156 0.359375 0.12800480769230768 0.18509615384615385
2 0.3798076923076923 0.5396634615384616 0.12109375 0.12349759615384616
2 0.4891826923076923 0.6129807692307693 0.09344951923076923 0.2109375
2 0.5865384615384616 0.6105769230769231 0.1307091346153846 0.21604567307692307
2 0.5973557692307693 0.7956730769230769 0.0889423076923077 0.1544471153846154
2 0.5024038461538461 0.796875 0.1201923076923077 0.15084134615384615
2 0.40024038461538464 0.7944711538461539 0.10426682692307693 0.16045673076923078
2 0.30649038461538464 0.796875 0.12319711538461539 0.1466346153846154
2 0.29927884615384615 0.6634615384615384 0.12169471153846154 0.10576923076923077
2 0.40024038461538464 0.6646634615384616 0.09615384615384616 0.11207932692307693
2 0.6286057692307693 0.30408653846153844 0.17608173076923078 0.2692307692307692
2 0.7283653846153846 0.30528846153846156 0.10006009615384616 0.25961538461538464
2 0.7992788461538461 0.3870192307692308 0.05979567307692308 0.0868389423076923
2 0.8629807692307693 0.36177884615384615 0.18870192307692307 0.15144230769230768
2 0.890625 0.17908653846153846 0.13221153846153846 0.21153846153846154
2 0.7944711538461539 0.1778846153846154 0.09405048076923077 0.203125
1 0.8365384615384616 0.06850961538461539 0.014122596153846154 0.014423076923076924
1 0.859375 0.06490384615384616 0.016526442307692308 0.014122596153846154
1 0.9603365384615384 0.2512019230769231 0.00811298076923077 0.03635817307692308
1 0.9603365384615384 0.30649038461538464 0.012319711538461538 0.04056490384615385
1 0.26322115384615385 0.06971153846153846 0.02734375 0.023737980769230768
1 0.30408653846153844 0.0673076923076923 0.016826923076923076 0.010216346153846154
1 0.36899038461538464 0.0673076923076923 0.07962740384615384 0.019230769230769232
1 0.421875 0.24879807692307693 0.014423076923076924 0.03635817307692308
1 0.4206730769230769 0.3125 0.015024038461538462 0.0390625
1 0.33413461538461536 0.4375 0.034254807692307696 0.02013221153846154
1 0.12259615384615384 0.4362980769230769 0.01893028846153846 0.012319711538461538
1 0.02283653846153846 0.2548076923076923 0.017127403846153848 0.08623798076923077
1 0.23918269230769232 0.7680288461538461 0.017427884615384616 0.040865384615384616
1 0.23677884615384615 0.6971153846153846 0.012620192307692308 0.029146634615384616
1 0.27283653846153844 0.6045673076923077 0.022235576923076924 0.01622596153846154
1 0.3112980769230769 0.6033653846153846 0.022536057692307692 0.018629807692307692
1 0.3701923076923077 0.6081730769230769 0.028245192307692308 0.02403846153846154
1 0.40625 0.6069711538461539 0.02403846153846154 0.017728365384615384
1 0.49399038461538464 0.5024038461538461 0.05979567307692308 0.014723557692307692
1 0.5492788461538461 0.5048076923076923 0.022536057692307692 0.019831730769230768
1 0.5612980769230769 0.27884615384615385 0.0078125 0.03365384615384615
1 0.8689903846153846 0.4375 0.016526442307692308 0.014723557692307692
0 0.21514423076923078 0.1310096153846154 0.039963942307692304 0.04657451923076923
0 0.3293269230769231 0.10336538461538461 0.038461538461538464 0.04807692307692308
0 0.43509615384615385 0.359375 0.04837740384615385 0.05498798076923077
0 0.08413461538461539 0.3942307692307692 0.03756009615384615 0.04417067307692308
0 0.06610576923076923 0.4651442307692308 0.04326923076923077 0.06580528846153846
0 0.22956730769230768 0.6646634615384616 0.045973557692307696 0.05498798076923077
0 0.3449519230769231 0.6742788461538461 0.038461538461538464 0.050180288461538464
0 0.29447115384615385 0.7451923076923077 0.026442307692307692 0.05739182692307692
0 0.4014423076923077 0.7391826923076923 0.02403846153846154 0.05078125
0 0.42908653846153844 0.5625 0.03665865384615385 0.05829326923076923
0 0.453125 0.6538461538461539 0.03125 0.0390625
0 0.4639423076923077 0.6959134615384616 0.033353365384615384 0.05618990384615385
0 0.6057692307692307 0.7019230769230769 0.028245192307692308 0.047475961538461536
0 0.5480769230769231 0.5504807692307693 0.029447115384615384 0.04266826923076923
0 0.7944711538461539 0.2644230769230769 0.03365384615384615 0.056790865384615384
0 0.8858173076923077 0.2644230769230769 0.03155048076923077 0.052884615384615384
0 0.953125 0.3629807692307692 0.031850961538461536 0.04296875
0 0.8461538461538461 0.3762019230769231 0.042367788461538464 0.05048076923076923
0 0.7800480769230769 0.3088942307692308 0.040865384615384616 0.045973557692307696