2 0.11177884615384616 0.1045673076923077 0.21003605769230768 0.13701923076923078
2 0.36538461538461536 0.1814903846153846 0.11478365384615384 0.21965144230769232
2 0.2644230769230769 0.17908653846153846 0.11508413461538461 0.21875
2 0.21394230769230768 0.3088942307692308 0.42788461538461536 0.31490384615384615
2 0.11057692307692307 0.3894230769230769 0.06820913461538461 0.1006610576923077
2 0.47475961538461536 0.36658653846153844 0.1268028846153846 0.1875
2 0.3737980769230769 0.5516826923076923 0.12800480769230768 0.13161057692307693
2 0.48677884615384615 0.6274038461538461 0.0946514423076923 0.21574519230769232
2 0.5865384615384616 0.625 0.10486778846153846 0.21243990384615385
2 0.5985576923076923 0.8149038461538461 0.07692307692307693 0.1544471153846154
2 0.5 0.8161057692307693 0.1307091346153846 0.15715144230769232
2 0.3954326923076923 0.8137019230769231 0.09945913461538461 0.16346153846153846
2 0.29927884615384615 0.8161057692307693 0.14753605769230768 0.16676682692307693
2 0.2920673076923077 0.6790865384615384 0.12740384615384615 0.11298076923076923
2 0.3954326923076923 0.6802884615384616 0.09915865384615384 0.11538461538461539
2 0.6298076923076923 0.31009615384615385 0.13040865384615385 0.25991586538461536
2 0.7319711538461539 0.3112980769230769 0.11057692307692307 0.26742788461538464
2 0.8052884615384616 0.3954326923076923 0.07632211538461539 0.09825721153846154
2 0.8701923076923077 0.36899038461538464 0.21604567307692307 0.1875
2 0.8990384615384616 0.18269230769230768 0.14993990384615385 0.22506009615384615
2 0.8004807692307693 0.1814903846153846 0.0625 0.20853365384615385
1 0.8425480769230769 0.06850961538461539 0.012319711538461538 0.014423076923076924
1 0.8665865384615384 0.06490384615384616 0.017127403846153848 0.014723557692307692
1 0.9711538461538461 0.2548076923076923 0.01532451923076923 0.038161057692307696
1 0.9711538461538461 0.3125 0.01532451923076923 0.03876201923076923
1 0.2548076923076923 0.06971153846153846 0.029447115384615384 0.024639423076923076
1 0.296875 0.0673076923076923 0.017127403846153848 0.009615384615384616
1 0.3641826923076923 0.0673076923076923 0.08022836538461539 0.027644230769230768
1 0.4182692307692308 0.2536057692307692 0.013822115384615384 0.03635817307692308
1 0.4170673076923077 0.31850961538461536 0.019230769230769232 0.040865384615384616
1 0.328125 0.44711538461538464 0.035757211538461536 0.01893028846153846
1 0.11057692307692307 0.44591346153846156 0.01893028846153846 0.012920673076923076
1 0.009615384615384616 0.25841346153846156 0.019230769230769232 0.0889423076923077
1 0.22956730769230768 0.7860576923076923 0.012620192307692308 0.04266826923076923
1 0.2283653846153846 0.7127403846153846 0.013221153846153846 0.03125
1 0.2644230769230769 0.6189903846153846 0.019831730769230768 0.012620192307692308
1 0.30408653846153844 0.6177884615384616 0.022536057692307692 0.015625
1 0.3641826923076923 0.6225961538461539 0.028846153846153848 0.025240384615384616
1 0.4014423076923077 0.6201923076923077 0.02403846153846154 0.01953125
1 0.49158653846153844 0.5132211538461539 0.06009615384615385 0.017127403846153848
1 0.5492788461538461 0.515625 0.02403846153846154 0.019230769230769232
1 0.5600961538461539 0.2848557692307692 0.009615384615384616 0.035757211538461536
1 0.8774038461538461 0.44711538461538464 0.01532451923076923 0.01532451923076923
0 0.20552884615384615 0.13221153846153846 0.04026442307692308 0.048677884615384616
0 0.3233173076923077 0.10336538461538461 0.032151442307692304 0.047776442307692304
0 0.43149038461538464 0.36778846153846156 0.04567307692307692 0.05348557692307692
0 0.07091346153846154 0.4026442307692308 0.03665865384615385 0.04567307692307692
0 0.051682692307692304 0.47596153846153844 0.041165865384615384 0.06790865384615384
0 0.21995192307692307 0.6802884615384616 0.045072115384615384 0.05348557692307692
0 0.3389423076923077 0.6899038461538461 0.03365384615384615 0.04807692307692308
0 0.28725961538461536 0.7632211538461539 0.03545673076923077 0.06009615384615385
0 0.39663461538461536 0.7572115384615384 0.028545673076923076 0.05348557692307692
0 0.4254807692307692 0.5745192307692307 0.04417067307692308 0.06640625
0 0.4495192307692308 0.6682692307692307 0.038161057692307696 0.04326923076923077
0 0.46033653846153844 0.7115384615384616 0.03665865384615385 0.05889423076923077
0 0.6057692307692307 0.71875 0.033052884615384616 0.048978365384615384
0 0.546875 0.5625 0.03515625 0.04417067307692308
0 0.7992788461538461 0.2692307692307692 0.030348557692307692 0.057692307692307696
0 0.8942307692307693 0.2692307692307692 0.037259615384615384 0.053786057692307696
0 0.9627403846153846 0.3701923076923077 0.03155048076923077 0.04326923076923077
0 0.8533653846153846 0.38341346153846156 0.043569711538461536 0.051382211538461536
0 0.7848557692307693 0.3161057692307692 0.041165865384615384 0.04807692307692308