2 0.28365384615384615 0.10096153846153846 0.4462139423076923 0.16376201923076922
2 0.6850961538461539 0.125 0.27944711538461536 0.12109375
2 0.3161057692307692 0.32211538461538464 0.37289663461538464 0.30799278846153844
2 0.23317307692307693 0.5480769230769231 0.19260817307692307 0.20252403846153846
2 0.40865384615384615 0.5456730769230769 0.1736778846153846 0.19801682692307693
2 0.19230769230769232 0.5036057692307693 0.10667067307692307 0.10366586538461539
0 0.2776442307692308 0.6742788461538461 0.07481971153846154 0.07361778846153846
0 0.23197115384615385 0.7391826923076923 0.07842548076923077 0.057692307692307696
2 0.13942307692307693 0.7139423076923077 0.12620192307692307 0.1307091346153846
2 0.14182692307692307 0.8401442307692307 0.1310096153846154 0.13731971153846154
2 0.7019230769230769 0.27283653846153844 0.2785456730769231 0.1971153846153846
2 0.8774038461538461 0.27283653846153844 0.08173076923076923 0.16496394230769232
2 0.6923076923076923 0.40625 0.22986778846153846 0.10576923076923077
2 0.8629807692307693 0.4987980769230769 0.11989182692307693 0.2722355769230769
2 0.6935096153846154 0.5456730769230769 0.23287259615384615 0.2010216346153846
1 0.31490384615384615 0.18629807692307693 0.07662259615384616 0.02674278846153846
1 0.4326923076923077 0.18629807692307693 0.08143028846153846 0.017728365384615384
1 0.6730769230769231 0.1814903846153846 0.07752403846153846 0.026141826923076924
1 0.8774038461538461 0.1875 0.05739182692307692 0.0234375
1 0.8401442307692307 0.6442307692307693 0.06009615384615385 0.02013221153846154
1 0.6935096153846154 0.6442307692307693 0.08924278846153846 0.0234375
1 0.41586538461538464 0.6478365384615384 0.04417067307692308 0.025841346153846152
0 0.23798076923076922 0.15865384615384615 0.0859375 0.08263221153846154
0 0.7536057692307693 0.15985576923076922 0.07421875 0.0703125
0 0.8076923076923077 0.29086538461538464 0.06790865384615384 0.047475961538461536
0 0.7704326923076923 0.34134615384615385 0.08022836538461539 0.0673076923076923
0 0.7776442307692307 0.41947115384615385 0.07211538461538461 0.050180288461538464
0 0.7752403846153846 0.47836538461538464 0.06971153846153846 0.053786057692307696
0 0.8389423076923077 0.546875 0.05228365384615385 0.05078125
0 0.27283653846153844 0.49038461538461536 0.07872596153846154 0.061899038461538464