2 0.28846153846153844 0.09735576923076923 0.46153846153846156 0.19471153846153846
2 0.6983173076923077 0.11298076923076923 0.2860576923076923 0.12860576923076922
2 0.3233173076923077 0.3137019230769231 0.37169471153846156 0.2998798076923077
2 0.2403846153846154 0.5432692307692307 0.1817908653846154 0.19170673076923078
2 0.4170673076923077 0.5396634615384616 0.17608173076923078 0.20342548076923078
2 0.19831730769230768 0.49759615384615385 0.09945913461538461 0.09555288461538461
0 0.2848557692307692 0.671875 0.0751201923076923 0.07391826923076923
0 0.23798076923076922 0.7367788461538461 0.07271634615384616 0.0546875
2 0.14423076923076922 0.7115384615384616 0.1162860576923077 0.1240985576923077
2 0.1466346153846154 0.8389423076923077 0.12980769230769232 0.1349158653846154
2 0.7151442307692307 0.26322115384615385 0.27674278846153844 0.18269230769230768
2 0.8930288461538461 0.26322115384615385 0.10787259615384616 0.17457932692307693
2 0.7043269230769231 0.39903846153846156 0.23587740384615385 0.13431490384615385
2 0.8786057692307693 0.49278846153846156 0.1424278846153846 0.2785456730769231
2 0.7055288461538461 0.5408653846153846 0.23798076923076922 0.20612980769230768
1 0.32211538461538464 0.17548076923076922 0.07692307692307693 0.01953125
1 0.4423076923076923 0.17548076923076922 0.08173076923076923 0.029146634615384616
1 0.6862980769230769 0.17067307692307693 0.07962740384615384 0.02013221153846154
1 0.8930288461538461 0.17668269230769232 0.059495192307692304 0.025841346153846152
1 0.8557692307692307 0.6394230769230769 0.06280048076923077 0.029747596153846152
1 0.7055288461538461 0.6394230769230769 0.09134615384615384 0.033052884615384616
1 0.4254807692307692 0.6442307692307693 0.04447115384615385 0.02403846153846154
0 0.24519230769230768 0.14783653846153846 0.08082932692307693 0.07692307692307693
0 0.7680288461538461 0.14903846153846154 0.0751201923076923 0.07181490384615384
0 0.8233173076923077 0.2824519230769231 0.0694110576923077 0.05048076923076923
0 0.7848557692307693 0.3329326923076923 0.0751201923076923 0.059194711538461536
0 0.7920673076923077 0.41225961538461536 0.07421875 0.05108173076923077
0 0.7896634615384616 0.4723557692307692 0.07361778846153846 0.060697115384615384
0 0.8533653846153846 0.5420673076923077 0.05228365384615385 0.05078125
0 0.2800480769230769 0.484375 0.07842548076923077 0.05588942307692308