2 0.2860576923076923 0.10096153846153846 0.4567307692307692 0.20192307692307693
2 0.6923076923076923 0.1201923076923077 0.28455528846153844 0.14543269230769232
2 0.31971153846153844 0.32091346153846156 0.3801081730769231 0.3200120192307692
2 0.23677884615384615 0.5480769230769231 0.1971153846153846 0.20643028846153846
2 0.41346153846153844 0.5456730769230769 0.1775841346153846 0.20282451923076922
2 0.19471153846153846 0.5024038461538461 0.1015625 0.09525240384615384
0 0.28125 0.6754807692307693 0.07602163461538461 0.07301682692307693
0 0.23557692307692307 0.7403846153846154 0.078125 0.05889423076923077
2 0.140625 0.7151442307692307 0.11748798076923077 0.12319711538461539
2 0.14423076923076922 0.84375 0.1349158653846154 0.13942307692307693
2 0.7103365384615384 0.2704326923076923 0.2764423076923077 0.18479567307692307
2 0.8858173076923077 0.2692307692307692 0.10787259615384616 0.17247596153846154
2 0.6995192307692307 0.4050480769230769 0.23467548076923078 0.1180889423076923
2 0.8725961538461539 0.49759615384615385 0.11959134615384616 0.27403846153846156
2 0.7007211538461539 0.5456730769230769 0.22926682692307693 0.1932091346153846
1 0.31850961538461536 0.18269230769230768 0.07692307692307693 0.02794471153846154
1 0.4375 0.18269230769230768 0.08143028846153846 0.03275240384615385
1 0.6814903846153846 0.1778846153846154 0.07872596153846154 0.029747596153846152
1 0.8870192307692307 0.18389423076923078 0.05829326923076923 0.028846153846153848
1 0.8497596153846154 0.6442307692307693 0.060396634615384616 0.023737980769230768
1 0.7007211538461539 0.6442307692307693 0.09134615384615384 0.033052884615384616
1 0.4206730769230769 0.6490384615384616 0.04417067307692308 0.024639423076923076
0 0.24158653846153846 0.15504807692307693 0.0850360576923077 0.08353365384615384
0 0.7620192307692307 0.15625 0.07692307692307693 0.07211538461538461
0 0.8173076923076923 0.28846153846153844 0.07181490384615384 0.05348557692307692
0 0.7788461538461539 0.3389423076923077 0.08173076923076923 0.06370192307692307
0 0.7860576923076923 0.4182692307692308 0.07181490384615384 0.04837740384615385
0 0.7836538461538461 0.47836538461538464 0.06760817307692307 0.048978365384615384
0 0.8473557692307693 0.546875 0.05048076923076923 0.050180288461538464
0 0.2764423076923077 0.49038461538461536 0.07782451923076923 0.05889423076923077