2 0.7055288461538461 0.12139423076923077 0.43509615384615385 0.24278846153846154
2 0.5252403846153846 0.4723557692307692 0.8584735576923077 0.6457331730769231
2 0.22596153846153846 0.5372596153846154 0.2208533653846154 0.1778846153846154
2 0.22596153846153846 0.6670673076923077 0.21544471153846154 0.12169471153846154
2 0.46274038461538464 0.7788461538461539 0.2403846153846154 0.12049278846153846
2 0.47115384615384615 0.8966346153846154 0.22626201923076922 0.16796875
2 0.44471153846153844 0.6935096153846154 0.1971153846153846 0.05618990384615385
0 0.6117788461538461 0.1971153846153846 0.10817307692307693 0.07782451923076923
0 0.36778846153846156 0.5324519230769231 0.1006610576923077 0.06099759615384615
0 0.23197115384615385 0.5913461538461539 0.07992788461538461 0.05859375
0 0.4795673076923077 0.6370192307692307 0.11207932692307693 0.08653846153846154
0 0.46153846153846156 0.7475961538461539 0.11087740384615384 0.0733173076923077
0 0.47716346153846156 0.8064903846153846 0.10096153846153846 0.0673076923076923
1 0.28365384615384615 0.7271634615384616 0.057692307692307696 0.026141826923076924
1 0.6694711538461539 0.7283653846153846 0.10576923076923077 0.015625
1 0.7800480769230769 0.7283653846153846 0.05078125 0.02283653846153846
1 0.7223557692307693 0.21875 0.10787259615384616 0.028846153846153848
1 0.8125 0.21995192307692307 0.048677884615384616 0.020733173076923076
1 0.33653846153846156 0.21634615384615385 0.10516826923076923 0.033052884615384616
1 0.23798076923076922 0.21875 0.06700721153846154 0.02403846153846154