2 0.7151442307692307 0.11057692307692307 0.4495192307692308 0.22115384615384615
2 0.5288461538461539 0.46875 0.8608774038461539 0.6012620192307693
2 0.22115384615384615 0.5360576923076923 0.22626201923076922 0.17908653846153846
2 0.22115384615384615 0.6694711538461539 0.22235576923076922 0.1328125
2 0.4651442307692308 0.7860576923076923 0.24759615384615385 0.12590144230769232
2 0.4735576923076923 0.90625 0.21754807692307693 0.1484375
2 0.44711538461538464 0.6971153846153846 0.20673076923076922 0.08743990384615384
0 0.6189903846153846 0.18389423076923078 0.11328125 0.08383413461538461
0 0.36658653846153844 0.53125 0.10396634615384616 0.0625
0 0.22716346153846154 0.5913461538461539 0.08173076923076923 0.05889423076923077
0 0.4831730769230769 0.6382211538461539 0.10997596153846154 0.0751201923076923
0 0.4639423076923077 0.7536057692307693 0.11959134615384616 0.08473557692307693
0 0.4795673076923077 0.8137019230769231 0.10426682692307693 0.07391826923076923
1 0.2800480769230769 0.7319711538461539 0.05979567307692308 0.02674278846153846
1 0.6790865384615384 0.7331730769230769 0.10787259615384616 0.03275240384615385
1 0.7932692307692307 0.7331730769230769 0.052884615384615384 0.019230769230769232
1 0.7331730769230769 0.20793269230769232 0.10997596153846154 0.036057692307692304
1 0.8257211538461539 0.20793269230769232 0.051382211538461536 0.025540865384615384
1 0.33413461538461536 0.20432692307692307 0.10606971153846154 0.03786057692307692
1 0.23197115384615385 0.20673076923076922 0.0694110576923077 0.024939903846153848