2 0.7151442307692307 0.11298076923076923 0.4495192307692308 0.22596153846153846
2 0.5288461538461539 0.4675480769230769 0.8257211538461539 0.5402644230769231
2 0.22235576923076922 0.5348557692307693 0.2283653846153846 0.18479567307692307
2 0.22235576923076922 0.6682692307692307 0.22596153846153846 0.14513221153846154
2 0.4651442307692308 0.7836538461538461 0.24669471153846154 0.1240985576923077
2 0.4735576923076923 0.9038461538461539 0.234375 0.17427884615384615
2 0.44711538461538464 0.6959134615384616 0.20582932692307693 0.09134615384615384
0 0.6177884615384616 0.18509615384615385 0.11177884615384616 0.08563701923076923
0 0.36778846153846156 0.5300480769230769 0.10186298076923077 0.06009615384615385
0 0.2283653846153846 0.5901442307692307 0.08173076923076923 0.057692307692307696
0 0.4831730769230769 0.6370192307692307 0.1102764423076923 0.08052884615384616
0 0.4639423076923077 0.7512019230769231 0.11989182692307693 0.0889423076923077
0 0.4795673076923077 0.8112980769230769 0.10276442307692307 0.0673076923076923
1 0.28125 0.7307692307692307 0.057992788461538464 0.018329326923076924
1 0.6778846153846154 0.7319711538461539 0.10576923076923077 0.025540865384615384
1 0.7920673076923077 0.7319711538461539 0.052884615384615384 0.021634615384615384
1 0.7319711538461539 0.20793269230769232 0.11268028846153846 0.021033653846153848
1 0.8245192307692307 0.2091346153846154 0.052584134615384616 0.014723557692307692
1 0.33533653846153844 0.20432692307692307 0.10757211538461539 0.028846153846153848
1 0.23317307692307693 0.20673076923076922 0.06760817307692307 0.023137019230769232