2 0.1875 0.40625 0.19200721153846154 0.6983173076923077
2 0.359375 0.1935096153846154 0.17097355769230768 0.2530048076923077
2 0.5300480769230769 0.1971153846153846 0.16526442307692307 0.25931490384615385
2 0.7247596153846154 0.19591346153846154 0.2578125 0.27734375
2 0.7620192307692307 0.38341346153846156 0.15745192307692307 0.1084735576923077
2 0.7620192307692307 0.5036057692307693 0.14963942307692307 0.12800480769230768
2 0.5612980769230769 0.609375 0.6409254807692307 0.6460336538461539
2 0.6466346153846154 0.7055288461538461 0.11448317307692307 0.10096153846153846
0 0.6526442307692307 0.2980769230769231 0.07391826923076923 0.08563701923076923
0 0.8076923076923077 0.8870192307692307 0.08623798076923077 0.1739783653846154
0 0.7259615384615384 0.6862980769230769 0.0712139423076923 0.0703125
0 0.7608173076923077 0.6045673076923077 0.07481971153846154 0.07932692307692307
0 0.7620192307692307 0.47596153846153844 0.06640625 0.0772235576923077
1 0.35096153846153844 0.052884615384615384 0.04837740384615385 0.03756009615384615
1 0.546875 0.055288461538461536 0.08022836538461539 0.042367788461538464
1 0.7139423076923077 0.055288461538461536 0.10216346153846154 0.0390625
1 0.25961538461538464 0.1658653846153846 0.05198317307692308 0.09555288461538461
1 0.26322115384615385 0.3918269230769231 0.03515625 0.10546875
1 0.2620192307692308 0.6310096153846154 0.03936298076923077 0.1084735576923077
0 0.23197115384615385 0.5108173076923077 0.09945913461538461 0.08834134615384616