2 0.18389423076923078 0.4014423076923077 0.20372596153846154 0.7028245192307693
2 0.35697115384615385 0.1875 0.18088942307692307 0.26021634615384615
2 0.5288461538461539 0.19110576923076922 0.17337740384615385 0.2665264423076923
2 0.7259615384615384 0.18990384615384615 0.23076923076923078 0.25570913461538464
2 0.7632211538461539 0.3786057692307692 0.15655048076923078 0.10817307692307693
2 0.7632211538461539 0.5 0.15564903846153846 0.1307091346153846
2 0.5612980769230769 0.6081730769230769 0.5943509615384616 0.6000600961538461
2 0.6466346153846154 0.7043269230769231 0.11899038461538461 0.10667067307692307
0 0.6526442307692307 0.2932692307692308 0.06490384615384616 0.07752403846153846
0 0.8100961538461539 0.8882211538461539 0.10516826923076923 0.18028846153846154
0 0.7271634615384616 0.6850961538461539 0.06580528846153846 0.06820913461538461
0 0.7620192307692307 0.6021634615384616 0.06760817307692307 0.07421875
0 0.7632211538461539 0.4723557692307692 0.07391826923076923 0.08022836538461539
1 0.3485576923076923 0.04567307692307692 0.04837740384615385 0.034555288461538464
1 0.5456730769230769 0.04807692307692308 0.08173076923076923 0.033353365384615384
1 0.7151442307692307 0.04807692307692308 0.10426682692307693 0.043870192307692304
1 0.2548076923076923 0.15985576923076922 0.052584134615384616 0.09765625
1 0.25961538461538464 0.38822115384615385 0.037259615384615384 0.10576923076923077
1 0.25841346153846156 0.6298076923076923 0.039963942307692304 0.10697115384615384
0 0.22716346153846154 0.5084134615384616 0.10877403846153846 0.09795673076923077