2 0.19591346153846154 0.4014423076923077 0.24849759615384615 0.7019230769230769
2 0.3701923076923077 0.18509615384615385 0.2127403846153846 0.2782451923076923
2 0.5444711538461539 0.18870192307692307 0.2088341346153846 0.2821514423076923
2 0.7439903846153846 0.1875 0.25 0.2731370192307692
2 0.78125 0.3786057692307692 0.16796875 0.12349759615384616
2 0.78125 0.5012019230769231 0.16436298076923078 0.1424278846153846
2 0.5769230769230769 0.609375 0.5772235576923077 0.5841346153846154
2 0.6634615384615384 0.7067307692307693 0.11508413461538461 0.10516826923076923
0 0.6694711538461539 0.2920673076923077 0.07421875 0.0850360576923077
0 0.828125 0.8930288461538461 0.10877403846153846 0.18449519230769232
0 0.7451923076923077 0.6887019230769231 0.0625 0.06490384615384616
0 0.78125 0.6033653846153846 0.07632211538461539 0.08173076923076923
0 0.78125 0.4723557692307692 0.0772235576923077 0.08473557692307693
1 0.36177884615384615 0.040865384615384616 0.05108173076923077 0.042067307692307696
1 0.5625 0.04447115384615385 0.07752403846153846 0.03155048076923077
1 0.7331730769230769 0.04447115384615385 0.10606971153846154 0.038461538461538464
1 0.26802884615384615 0.15625 0.049879807692307696 0.09975961538461539
1 0.27283653846153844 0.3870192307692308 0.036057692307692304 0.10606971153846154
1 0.27163461538461536 0.6322115384615384 0.042067307692307696 0.11087740384615384
0 0.2403846153846154 0.5096153846153846 0.10606971153846154 0.09224759615384616