2 0.5889423076923077 0.2848557692307692 0.20282451923076922 0.5066105769230769
2 0.7692307692307693 0.6682692307692307 0.36147836538461536 0.37890625
2 0.859375 0.7560096153846154 0.14573317307692307 0.16135817307692307
2 0.7463942307692307 0.7944711538461539 0.09435096153846154 0.0790264423076923
2 0.6790865384615384 0.7920673076923077 0.051382211538461536 0.08383413461538461
2 0.6370192307692307 0.7932692307692307 0.051682692307692304 0.0811298076923077
2 0.5540865384615384 0.7560096153846154 0.14753605769230768 0.17067307692307693
2 0.5516826923076923 0.6033653846153846 0.12770432692307693 0.13431490384615385
2 0.6514423076923077 0.10216346153846154 0.08082932692307693 0.13942307692307693
2 0.6514423076923077 0.2127403846153846 0.07602163461538461 0.08924278846153846
2 0.6478365384615384 0.28846153846153844 0.07932692307692307 0.0673076923076923
2 0.6514423076923077 0.41466346153846156 0.10006009615384616 0.18599759615384615
2 0.671875 0.4699519230769231 0.03155048076923077 0.05588942307692308
2 0.3954326923076923 0.6274038461538461 0.12650240384615385 0.24068509615384615
2 0.24158653846153846 0.6237980769230769 0.19981971153846154 0.23347355769230768
2 0.21634615384615385 0.7331730769230769 0.14933894230769232 0.20222355769230768
2 0.2704326923076923 0.7776442307692307 0.046274038461538464 0.11298076923076923
2 0.07932692307692307 0.7331730769230769 0.13521634615384615 0.21514423076923078
2 0.07932692307692307 0.5649038461538461 0.1201923076923077 0.12439903846153846
0 0.3942307692307692 0.7836538461538461 0.10006009615384616 0.09164663461538461
0 0.3173076923076923 0.7668269230769231 0.038461538461538464 0.042367788461538464
0 0.31009615384615385 0.7776442307692307 0.042067307692307696 0.04326923076923077
0 0.24158653846153846 0.7728365384615384 0.030348557692307692 0.032151442307692304
0 0.12860576923076922 0.7247596153846154 0.039963942307692304 0.044771634615384616
0 0.17067307692307693 0.7127403846153846 0.028545673076923076 0.039963942307692304
0 0.15384615384615385 0.59375 0.038161057692307696 0.03876201923076923
0 0.10817307692307693 0.640625 0.029747596153846152 0.045973557692307696
0 0.33413461538461536 0.5829326923076923 0.03365384615384615 0.020733173076923076
0 0.3317307692307692 0.6105769230769231 0.0390625 0.03365384615384615
0 0.265625 0.7572115384615384 0.017728365384615384 0.024338942307692308
0 0.2800480769230769 0.7548076923076923 0.022536057692307692 0.029447115384615384
0 0.7043269230769231 0.06850961538461539 0.0390625 0.05048076923076923
0 0.6057692307692307 0.0625 0.03365384615384615 0.0390625
0 0.6069711538461539 0.19951923076923078 0.031850961538461536 0.03756009615384615
0 0.6622596153846154 0.18269230769230768 0.025540865384615384 0.03395432692307692
0 0.6610576923076923 0.2439903846153846 0.024639423076923076 0.036959134615384616
0 0.6899038461538461 0.2800480769230769 0.05709134615384615 0.04326923076923077
0 0.6502403846153846 0.47475961538461536 0.025540865384615384 0.02734375
0 0.7836538461538461 0.5084134615384616 0.056490384615384616 0.09435096153846154
0 0.640625 0.5228365384615384 0.035757211538461536 0.04176682692307692
0 0.6310096153846154 0.5997596153846154 0.03635817307692308 0.036057692307692304
0 0.5805288461538461 0.6502403846153846 0.03515625 0.03125
0 0.5733173076923077 0.7079326923076923 0.039963942307692304 0.05979567307692308
0 0.6334134615384616 0.7355769230769231 0.03665865384615385 0.04417067307692308
0 0.6021634615384616 0.7776442307692307 0.03155048076923077 0.030949519230769232
0 0.6502403846153846 0.7836538461538461 0.03545673076923077 0.033353365384615384
0 0.6682692307692307 0.7391826923076923 0.033353365384615384 0.035757211538461536
0 0.7439903846153846 0.7403846153846154 0.02734375 0.030048076923076924
0 0.7824519230769231 0.7307692307692307 0.03515625 0.046875
0 0.6274038461538461 0.8545673076923077 0.028545673076923076 0.04957932692307692
1 0.9254807692307693 0.5637019230769231 0.009314903846153846 0.06460336538461539
1 0.8389423076923077 0.8341346153846154 0.0625 0.029146634615384616
1 0.5673076923076923 0.8389423076923077 0.05739182692307692 0.02283653846153846
1 0.4879807692307692 0.6057692307692307 0.028245192307692308 0.07632211538461539
1 0.49038461538461536 0.4567307692307692 0.02013221153846154 0.06670673076923077
1 0.0985576923076923 0.8353365384615384 0.05348557692307692 0.017127403846153848
1 0.21153846153846154 0.8377403846153846 0.048677884615384616 0.016526442307692308