2 0.6165865384615384 0.28365384615384615 0.21784855769230768 0.5201322115384616
2 0.8016826923076923 0.6754807692307693 0.3524639423076923 0.37049278846153844
2 0.8930288461538461 0.765625 0.14423076923076922 0.16346153846153846
2 0.7776442307692307 0.8040865384615384 0.10336538461538461 0.08984375
2 0.7091346153846154 0.8028846153846154 0.05348557692307692 0.08623798076923077
2 0.6658653846153846 0.8040865384615384 0.03786057692307692 0.07962740384615384
2 0.5805288461538461 0.765625 0.15084134615384615 0.17157451923076922
2 0.5793269230769231 0.609375 0.12109375 0.12830528846153846
2 0.6814903846153846 0.09735576923076923 0.09615384615384616 0.14423076923076922
2 0.6802884615384616 0.21033653846153846 0.07632211538461539 0.08954326923076923
2 0.6766826923076923 0.28725961538461536 0.08353365384615384 0.0703125
2 0.6802884615384616 0.4170673076923077 0.07692307692307693 0.18599759615384615
2 0.7019230769230769 0.4735576923076923 0.028846153846153848 0.05739182692307692
2 0.4182692307692308 0.6334134615384616 0.13010817307692307 0.24669471153846154
2 0.2620192307692308 0.6310096153846154 0.22686298076923078 0.25631009615384615
2 0.23557692307692307 0.7415865384615384 0.18810096153846154 0.22776442307692307
2 0.29086538461538464 0.7872596153846154 0.05228365384615385 0.11358173076923077
2 0.09495192307692307 0.7415865384615384 0.15865384615384615 0.22355769230769232
2 0.09615384615384616 0.5709134615384616 0.11598557692307693 0.12259615384615384
0 0.4170673076923077 0.7944711538461539 0.0946514423076923 0.08653846153846154
0 0.3389423076923077 0.7764423076923077 0.038161057692307696 0.042067307692307696
0 0.3317307692307692 0.7872596153846154 0.04296875 0.044771634615384616
0 0.2608173076923077 0.7824519230769231 0.03064903846153846 0.031850961538461536
0 0.14543269230769232 0.7331730769230769 0.04026442307692308 0.04447115384615385
0 0.18870192307692307 0.7211538461538461 0.02403846153846154 0.038161057692307696
0 0.171875 0.5997596153846154 0.04026442307692308 0.04056490384615385
0 0.125 0.6478365384615384 0.03395432692307692 0.04807692307692308
0 0.3557692307692308 0.5877403846153846 0.033353365384615384 0.019230769230769232
0 0.35336538461538464 0.6165865384615384 0.04717548076923077 0.04026442307692308
0 0.2860576923076923 0.7668269230769231 0.02283653846153846 0.024338942307692308
0 0.3004807692307692 0.7644230769230769 0.02794471153846154 0.03275240384615385
0 0.734375 0.0625 0.044771634615384616 0.05318509615384615
0 0.6334134615384616 0.056490384615384616 0.032151442307692304 0.03665865384615385
0 0.6358173076923077 0.1971153846153846 0.03155048076923077 0.034254807692307696
0 0.6911057692307693 0.17908653846153846 0.025841346153846152 0.036057692307692304
0 0.6899038461538461 0.24158653846153846 0.024338942307692308 0.036959134615384616
0 0.7199519230769231 0.27884615384615385 0.05979567307692308 0.047776442307692304
0 0.6802884615384616 0.47836538461538464 0.024939903846153848 0.02794471153846154
0 0.8161057692307693 0.5120192307692307 0.0546875 0.09585336538461539
0 0.6694711538461539 0.5264423076923077 0.036057692307692304 0.04326923076923077
0 0.6598557692307693 0.6057692307692307 0.038461538461538464 0.038161057692307696
0 0.6081730769230769 0.6574519230769231 0.029146634615384616 0.02674278846153846
0 0.5997596153846154 0.7163461538461539 0.031850961538461536 0.057692307692307696
0 0.6622596153846154 0.7451923076923077 0.035757211538461536 0.04326923076923077
0 0.6310096153846154 0.7884615384615384 0.03365384615384615 0.029447115384615384
0 0.6790865384615384 0.7944711538461539 0.031850961538461536 0.031850961538461536
0 0.6983173076923077 0.7475961538461539 0.030949519230769232 0.03485576923076923
0 0.7764423076923077 0.75 0.029747596153846152 0.034555288461538464
0 0.8149038461538461 0.7403846153846154 0.034555288461538464 0.04717548076923077
0 0.65625 0.8665865384615384 0.02794471153846154 0.049879807692307696
1 0.9603365384615384 0.5697115384615384 0.014423076923076924 0.0625
1 0.8725961538461539 0.8449519230769231 0.06280048076923077 0.026442307692307692
1 0.5949519230769231 0.8509615384615384 0.05979567307692308 0.019230769230769232
1 0.5144230769230769 0.6129807692307693 0.028846153846153848 0.07632211538461539
1 0.515625 0.45913461538461536 0.020733173076923076 0.06760817307692307
1 0.11538461538461539 0.8461538461538461 0.05739182692307692 0.014723557692307692
1 0.23197115384615385 0.8497596153846154 0.05048076923076923 0.017728365384615384