2 0.6009615384615384 0.3112980769230769 0.2743389423076923 0.5063100961538461
2 0.7764423076923077 0.6838942307692307 0.3230168269230769 0.34314903846153844
2 0.8641826923076923 0.7704326923076923 0.13161057692307693 0.15144230769230768
2 0.7548076923076923 0.8064903846153846 0.0967548076923077 0.08834134615384616
2 0.6887019230769231 0.8052884615384616 0.052884615384615384 0.0829326923076923
2 0.6466346153846154 0.8052884615384616 0.047776442307692304 0.08052884615384616
2 0.5661057692307693 0.7692307692307693 0.14182692307692307 0.16376201923076922
2 0.5649038461538461 0.6213942307692307 0.12980769230769232 0.13641826923076922
2 0.6622596153846154 0.13221153846153846 0.08443509615384616 0.13551682692307693
2 0.6610576923076923 0.2403846153846154 0.06790865384615384 0.08263221153846154
2 0.6574519230769231 0.3137019230769231 0.07421875 0.060396634615384616
2 0.6610576923076923 0.4375 0.08203125 0.1817908653846154
2 0.6814903846153846 0.49038461538461536 0.02674278846153846 0.05318509615384615
2 0.41225961538461536 0.6442307692307693 0.14423076923076922 0.2403846153846154
2 0.26322115384615385 0.640625 0.22806490384615385 0.25240384615384615
2 0.23798076923076922 0.7463942307692307 0.15384615384615385 0.20012019230769232
2 0.29086538461538464 0.7908653846153846 0.03936298076923077 0.10667067307692307
2 0.1045673076923077 0.7463942307692307 0.14723557692307693 0.21334134615384615
2 0.1045673076923077 0.5829326923076923 0.12980769230769232 0.13311298076923078
0 0.4110576923076923 0.796875 0.09224759615384616 0.08383413461538461
0 0.33653846153846156 0.7800480769230769 0.034254807692307696 0.036057692307692304
0 0.3293269230769231 0.7908653846153846 0.04326923076923077 0.043569711538461536
0 0.2620192307692308 0.7848557692307693 0.029747596153846152 0.032151442307692304
0 0.15144230769230768 0.7379807692307693 0.03786057692307692 0.043870192307692304
0 0.1935096153846154 0.7271634615384616 0.022536057692307692 0.036057692307692304
0 0.1778846153846154 0.6117788461538461 0.03365384615384615 0.036057692307692304
0 0.13221153846153846 0.6574519230769231 0.028245192307692308 0.045072115384615384
0 0.35216346153846156 0.5997596153846154 0.03155048076923077 0.021334134615384616
0 0.34975961538461536 0.6274038461538461 0.041165865384615384 0.034555288461538464
0 0.2860576923076923 0.7704326923076923 0.01953125 0.021634615384615384
0 0.29927884615384615 0.7680288461538461 0.021634615384615384 0.028846153846153848
0 0.7127403846153846 0.09975961538461539 0.04026442307692308 0.04957932692307692
0 0.6165865384615384 0.09375 0.035757211538461536 0.038161057692307696
0 0.6189903846153846 0.22716346153846154 0.03125 0.03365384615384615
0 0.671875 0.21033653846153846 0.021334134615384616 0.03125
0 0.6706730769230769 0.2704326923076923 0.019230769230769232 0.036057692307692304
0 0.6995192307692307 0.30528846153846156 0.052584134615384616 0.038161057692307696
0 0.6610576923076923 0.4963942307692308 0.024639423076923076 0.026442307692307692
0 0.7908653846153846 0.5276442307692307 0.03876201923076923 0.0889423076923077
0 0.6514423076923077 0.5420673076923077 0.038461538461538464 0.04326923076923077
0 0.6418269230769231 0.6177884615384616 0.034254807692307696 0.033353365384615384
0 0.5925480769230769 0.6670673076923077 0.031850961538461536 0.03064903846153846
0 0.5853365384615384 0.7223557692307693 0.03125 0.05588942307692308
0 0.6442307692307693 0.75 0.038461538461538464 0.04326923076923077
0 0.6141826923076923 0.7908653846153846 0.03125 0.029146634615384616
0 0.6598557692307693 0.796875 0.032151442307692304 0.032151442307692304
0 0.6790865384615384 0.7524038461538461 0.03125 0.03485576923076923
0 0.7524038461538461 0.7536057692307693 0.029447115384615384 0.03515625
0 0.7896634615384616 0.7451923076923077 0.03064903846153846 0.04296875
0 0.6382211538461539 0.8653846153846154 0.026442307692307692 0.04807692307692308
1 0.9290865384615384 0.5829326923076923 0.017728365384615384 0.06009615384615385
1 0.84375 0.8449519230769231 0.057692307692307696 0.022536057692307692
1 0.5793269230769231 0.8497596153846154 0.052884615384615384 0.022536057692307692
1 0.5024038461538461 0.6237980769230769 0.023737980769230768 0.07421875
1 0.5048076923076923 0.47716346153846156 0.023737980769230768 0.06430288461538461
1 0.12259615384615384 0.8461538461538461 0.052884615384615384 0.015024038461538462
1 0.23317307692307693 0.8497596153846154 0.04807692307692308 0.021634615384615384