2 0.1971153846153846 0.25600961538461536 0.22175480769230768 0.25961538461538464
2 0.19591346153846154 0.4254807692307692 0.1953125 0.08653846153846154
2 0.19591346153846154 0.5336538461538461 0.19501201923076922 0.11989182692307693
2 0.19831730769230768 0.7463942307692307 0.23557692307692307 0.32211538461538464
2 0.40384615384615385 0.6598557692307693 0.2166466346153846 0.29146634615384615
2 0.6069711538461539 0.46875 0.6328125 0.6871995192307693
2 0.5492788461538461 0.7235576923076923 0.08954326923076923 0.15474759615384615
2 0.6454326923076923 0.703125 0.11328125 0.1084735576923077
2 0.6502403846153846 0.8197115384615384 0.11838942307692307 0.1063701923076923
2 0.6959134615384616 0.25961538461538464 0.23798076923076922 0.27403846153846156
2 0.8449519230769231 0.19591346153846154 0.13671875 0.14152644230769232
2 0.8052884615384616 0.3605769230769231 0.22536057692307693 0.21995192307692307
2 0.7584134615384616 0.5084134615384616 0.10276442307692307 0.07962740384615384
0 0.6334134615384616 0.10336538461538461 0.07361778846153846 0.08653846153846154
0 0.6189903846153846 0.3557692307692308 0.0694110576923077 0.08263221153846154
0 0.8173076923076923 0.28125 0.057692307692307696 0.06129807692307692
0 0.7692307692307693 0.375 0.07241586538461539 0.07572115384615384
0 0.6875 0.42788461538461536 0.06700721153846154 0.0625
0 0.6899038461538461 0.5216346153846154 0.06280048076923077 0.054086538461538464
0 0.27524038461538464 0.30528846153846156 0.08834134615384616 0.07662259615384616
0 0.23798076923076922 0.35697115384615385 0.057692307692307696 0.06520432692307693
0 0.22115384615384615 0.6201923076923077 0.07301682692307693 0.08143028846153846
0 0.31850961538461536 0.8401442307692307 0.07421875 0.07391826923076923
0 0.4831730769230769 0.5985576923076923 0.08173076923076923 0.08173076923076923
0 0.5576923076923077 0.6201923076923077 0.057992788461538464 0.07151442307692307
0 0.6658653846153846 0.6694711538461539 0.07301682692307693 0.08443509615384616
0 0.6670673076923077 0.7980769230769231 0.07481971153846154 0.0859375
1 0.8052884615384616 0.8040865384615384 0.1240985576923077 0.04026442307692308
1 0.5516826923076923 0.8076923076923077 0.059495192307692304 0.02403846153846154
1 0.41947115384615385 0.8064903846153846 0.12770432692307693 0.026141826923076924
1 0.1502403846153846 0.5949519230769231 0.0694110576923077 0.030949519230769232
1 0.22235576923076922 0.13341346153846154 0.12259615384615384 0.028846153846153848
1 0.43509615384615385 0.12860576923076922 0.2205528846153846 0.035757211538461536
1 0.7055288461538461 0.12980769230769232 0.07001201923076923 0.023737980769230768
1 0.8521634615384616 0.1310096153846154 0.0546875 0.021634615384615384