2 0.20432692307692307 0.24759615384615385 0.2247596153846154 0.2587139423076923
2 0.203125 0.41346153846153844 0.19951923076923078 0.10486778846153846
2 0.203125 0.5204326923076923 0.1896033653846154 0.10877403846153846
2 0.20673076923076922 0.7295673076923077 0.24128605769230768 0.3203125
2 0.40865384615384615 0.6454326923076923 0.2013221153846154 0.28064903846153844
2 0.6081730769230769 0.45552884615384615 0.6965144230769231 0.7385817307692307
2 0.5504807692307693 0.7079326923076923 0.08713942307692307 0.15234375
2 0.6454326923076923 0.6875 0.12289663461538461 0.1201923076923077
2 0.6502403846153846 0.8016826923076923 0.10817307692307693 0.09314903846153846
2 0.6947115384615384 0.25 0.21724759615384615 0.2587139423076923
2 0.8425480769230769 0.1875 0.13641826923076922 0.13912259615384615
2 0.8028846153846154 0.35096153846153844 0.23046875 0.22205528846153846
2 0.7572115384615384 0.4963942307692308 0.10606971153846154 0.08834134615384616
0 0.6346153846153846 0.09735576923076923 0.078125 0.08864182692307693
0 0.6189903846153846 0.3449519230769231 0.0673076923076923 0.08173076923076923
0 0.8149038461538461 0.27283653846153844 0.05318509615384615 0.055588942307692304
0 0.7668269230769231 0.36538461538461536 0.06790865384615384 0.06820913461538461
0 0.6862980769230769 0.41586538461538464 0.06911057692307693 0.06370192307692307
0 0.6899038461538461 0.5096153846153846 0.06790865384615384 0.06280048076923077
0 0.2824519230769231 0.2956730769230769 0.08443509615384616 0.07211538461538461
0 0.24519230769230768 0.3473557692307692 0.06640625 0.07211538461538461
0 0.2283653846153846 0.6057692307692307 0.0673076923076923 0.07572115384615384
0 0.3245192307692308 0.8221153846153846 0.0625 0.06219951923076923
0 0.4855769230769231 0.5841346153846154 0.07782451923076923 0.07782451923076923
0 0.5588942307692307 0.6057692307692307 0.052884615384615384 0.06700721153846154
0 0.6658653846153846 0.6538461538461539 0.0673076923076923 0.078125
0 0.6670673076923077 0.7800480769230769 0.0673076923076923 0.0790264423076923
1 0.8016826923076923 0.7872596153846154 0.12169471153846154 0.04056490384615385
1 0.5528846153846154 0.7896634615384616 0.05739182692307692 0.021935096153846152
1 0.4230769230769231 0.7896634615384616 0.12530048076923078 0.030348557692307692
1 0.15865384615384615 0.5817307692307693 0.0673076923076923 0.023737980769230768
1 0.22956730769230768 0.12620192307692307 0.1201923076923077 0.019230769230769232
1 0.4387019230769231 0.12139423076923077 0.21844951923076922 0.022235576923076924
1 0.7043269230769231 0.12259615384615384 0.07151442307692307 0.024639423076923076
1 0.8485576923076923 0.12379807692307693 0.05348557692307692 0.025540865384615384