2 0.1875 0.22716346153846154 0.23557692307692307 0.26742788461538464
2 0.18629807692307693 0.39663461538461536 0.1971153846153846 0.09014423076923077
2 0.18629807692307693 0.5048076923076923 0.19861778846153846 0.12530048076923078
2 0.18870192307692307 0.7175480769230769 0.22115384615384615 0.31490384615384615
2 0.3942307692307692 0.6310096153846154 0.24128605769230768 0.30528846153846156
2 0.5973557692307693 0.4387019230769231 0.6923076923076923 0.73828125
2 0.5384615384615384 0.6947115384615384 0.08713942307692307 0.15474759615384615
2 0.6358173076923077 0.6742788461538461 0.1180889423076923 0.11388221153846154
2 0.640625 0.7908653846153846 0.11838942307692307 0.109375
2 0.6862980769230769 0.23076923076923078 0.24759615384615385 0.27944711538461536
2 0.8353365384615384 0.16706730769230768 0.13611778846153846 0.14092548076923078
2 0.7956730769230769 0.3317307692307692 0.23076923076923078 0.22596153846153846
2 0.7487980769230769 0.4795673076923077 0.10336538461538461 0.08022836538461539
0 0.6237980769230769 0.07451923076923077 0.07842548076923077 0.09014423076923077
0 0.6081730769230769 0.3269230769230769 0.06280048076923077 0.0772235576923077
0 0.8076923076923077 0.25240384615384615 0.04927884615384615 0.05348557692307692
0 0.7596153846153846 0.34615384615384615 0.07181490384615384 0.07271634615384616
0 0.6778846153846154 0.39903846153846156 0.07181490384615384 0.0673076923076923
0 0.6802884615384616 0.49278846153846156 0.06640625 0.057692307692307696
0 0.265625 0.2764423076923077 0.09314903846153846 0.08143028846153846
0 0.2283653846153846 0.328125 0.06670673076923077 0.07361778846153846
0 0.21153846153846154 0.5913461538461539 0.0634014423076923 0.07301682692307693
0 0.3088942307692308 0.8112980769230769 0.06580528846153846 0.06490384615384616
0 0.4735576923076923 0.5697115384615384 0.07632211538461539 0.07632211538461539
0 0.5480769230769231 0.5913461538461539 0.06219951923076923 0.07271634615384616
0 0.65625 0.640625 0.07602163461538461 0.0850360576923077
0 0.6574519230769231 0.7692307692307693 0.07421875 0.08533653846153846
1 0.7944711538461539 0.7752403846153846 0.1271033653846154 0.031850961538461536
1 0.5420673076923077 0.7788461538461539 0.059495192307692304 0.028846153846153848
1 0.40865384615384615 0.7776442307692307 0.12590144230769232 0.045973557692307696
1 0.13942307692307693 0.5661057692307693 0.06760817307692307 0.022536057692307692
1 0.2127403846153846 0.10336538461538461 0.12259615384615384 0.03485576923076923
1 0.4254807692307692 0.09975961538461539 0.22115384615384615 0.017127403846153848
1 0.6959134615384616 0.10096153846153846 0.07001201923076923 0.023137019230769232
1 0.8425480769230769 0.10216346153846154 0.0546875 0.025841346153846152