2 0.13942307692307693 0.6490384615384616 0.2776442307692308 0.4846754807692308
2 0.6117788461538461 0.46274038461538464 0.7764423076923077 0.9254807692307693
0 0.22716346153846154 0.2920673076923077 0.0928485576923077 0.13641826923076922
1 0.08052884615384616 0.3870192307692308 0.1024639423076923 0.06219951923076923
1 0.19471153846153846 0.390625 0.09615384615384616 0.04026442307692308
1 0.41586538461538464 0.14182692307692307 0.12139423076923077 0.048677884615384616
1 0.9326923076923077 0.14182692307692307 0.05228365384615385 0.03936298076923077
0 0.6514423076923077 0.8786057692307693 0.11057692307692307 0.24278846153846154
0 0.8269230769230769 0.7463942307692307 0.09134615384615384 0.12259615384615384
0 0.8954326923076923 0.4375 0.0790264423076923 0.11478365384615384
0 0.8605769230769231 0.953125 0.16346153846153846 0.09375
1 0.6069711538461539 0.09615384615384616 0.08173076923076923 0.12920673076923078
1 0.6706730769230769 0.09735576923076923 0.10006009615384616 0.13731971153846154