2 0.1502403846153846 0.6346153846153846 0.3004807692307692 0.49038461538461536
2 0.6177884615384616 0.4567307692307692 0.7602163461538461 0.8641826923076923
0 0.22115384615384615 0.28966346153846156 0.10036057692307693 0.13792067307692307
1 0.07932692307692307 0.38341346153846156 0.09615384615384616 0.055288461538461536
1 0.18990384615384615 0.3858173076923077 0.09555288461538461 0.04957932692307692
1 0.40384615384615385 0.14543269230769232 0.11598557692307693 0.03635817307692308
1 0.9038461538461539 0.14543269230769232 0.05198317307692308 0.04026442307692308
0 0.6310096153846154 0.8713942307692307 0.0985576923076923 0.25721153846153844
0 0.8016826923076923 0.7307692307692307 0.0790264423076923 0.11448317307692307
0 0.8677884615384616 0.43149038461538464 0.07632211538461539 0.11207932692307693
0 0.8329326923076923 0.9435096153846154 0.16105769230769232 0.11298076923076923
1 0.5889423076923077 0.10096153846153846 0.09134615384615384 0.12950721153846154
1 0.6514423076923077 0.10336538461538461 0.1015625 0.1388221153846154