2 0.15384615384615385 0.6394230769230769 0.3076923076923077 0.4855769230769231
2 0.6286057692307693 0.4579326923076923 0.7427884615384616 0.8629807692307693
0 0.2403846153846154 0.2920673076923077 0.09134615384615384 0.13311298076923078
1 0.09735576923076923 0.38461538461538464 0.09825721153846154 0.05709134615384615
1 0.20793269230769232 0.38822115384615385 0.09435096153846154 0.041165865384615384
1 0.4230769230769231 0.1466346153846154 0.12049278846153846 0.052884615384615384
1 0.9254807692307693 0.14543269230769232 0.048978365384615384 0.03545673076923077
0 0.6526442307692307 0.8737980769230769 0.10336538461538461 0.25240384615384615
0 0.8233173076923077 0.734375 0.09435096153846154 0.12229567307692307
0 0.8894230769230769 0.4338942307692308 0.06670673076923077 0.10877403846153846
0 0.8545673076923077 0.9495192307692307 0.15625 0.10096153846153846
1 0.6081730769230769 0.10216346153846154 0.09254807692307693 0.13131009615384615
1 0.671875 0.10336538461538461 0.10276442307692307 0.1388221153846154