1 0.5072115384615384 0.12259615384615384 0.5288461538461539 0.24519230769230768
1 0.3161057692307692 0.38461538461538464 0.1466346153846154 0.3467548076923077
1 0.29447115384615385 0.5588942307692307 0.1171875 0.17518028846153846
1 0.3173076923076923 0.7752403846153846 0.15384615384615385 0.2614182692307692
1 0.5745192307692307 0.8737980769230769 0.37109375 0.14573317307692307
1 0.4567307692307692 0.7391826923076923 0.16917067307692307 0.19861778846153846
1 0.5745192307692307 0.8004807692307693 0.0712139423076923 0.053786057692307696
1 0.47596153846153844 0.48677884615384615 0.32211538461538464 0.5649038461538461
1 0.6887019230769231 0.6911057692307693 0.1893028846153846 0.2917668269230769
1 0.6286057692307693 0.4735576923076923 0.09435096153846154 0.13551682692307693
1 0.71875 0.4735576923076923 0.10096153846153846 0.13942307692307693
1 0.6730769230769231 0.30408653846153844 0.19771634615384615 0.20342548076923078
1 0.7019230769230769 0.0733173076923077 0.11598557692307693 0.08834134615384616
0 0.6875 0.13942307692307693 0.038161057692307696 0.052584134615384616
0 0.671875 0.21153846153846154 0.055288461538461536 0.1006610576923077
0 0.5709134615384616 0.32211538461538464 0.04176682692307692 0.09134615384615384
0 0.6274038461538461 0.3858173076923077 0.04296875 0.059194711538461536
0 0.6646634615384616 0.43028846153846156 0.036057692307692304 0.052884615384615384
0 0.6574519230769231 0.5697115384615384 0.04056490384615385 0.05709134615384615
0 0.5925480769230769 0.7415865384615384 0.04146634615384615 0.06009615384615385
0 0.5901442307692307 0.8569711538461539 0.05588942307692308 0.07391826923076923
0 0.4266826923076923 0.6298076923076923 0.04176682692307692 0.057692307692307696
0 0.3641826923076923 0.5348557692307693 0.050180288461538464 0.0625
0 0.328125 0.5817307692307693 0.04056490384615385 0.043870192307692304
0 0.3605769230769231 0.6262019230769231 0.04296875 0.059194711538461536
1 0.31490384615384615 0.9050480769230769 0.07271634615384616 0.01171875
1 0.3317307692307692 0.21033653846153846 0.06610576923076923 0.022235576923076924
1 0.4326923076923077 0.2127403846153846 0.05318509615384615 0.012620192307692308
1 0.49278846153846156 0.2127403846153846 0.05318509615384615 0.017728365384615384
1 0.5516826923076923 0.21033653846153846 0.05498798076923077 0.012620192307692308
1 0.6177884615384616 0.21153846153846154 0.0634014423076923 0.028245192307692308
1 0.6959134615384616 0.8341346153846154 0.06881009615384616 0.019230769230769232
1 0.48197115384615385 0.8341346153846154 0.0673076923076923 0.018629807692307692