1 0.49759615384615385 0.11778846153846154 0.5240384615384616 0.23557692307692307
1 0.3088942307692308 0.3737980769230769 0.17518028846153846 0.3488581730769231
1 0.28725961538461536 0.5456730769230769 0.08924278846153846 0.16706730769230768
1 0.31009615384615385 0.7596153846153846 0.15895432692307693 0.26021634615384615
1 0.5649038461538461 0.8569711538461539 0.37049278846153844 0.07061298076923077
1 0.4483173076923077 0.7235576923076923 0.15204326923076922 0.18299278846153846
1 0.5649038461538461 0.7848557692307693 0.07301682692307693 0.06009615384615385
1 0.46634615384615385 0.47475961538461536 0.36568509615384615 0.5691105769230769
1 0.6778846153846154 0.6766826923076923 0.14332932692307693 0.27674278846153844
1 0.6177884615384616 0.46153846153846156 0.10126201923076923 0.13521634615384615
1 0.7079326923076923 0.46153846153846156 0.09885817307692307 0.13912259615384615
1 0.6622596153846154 0.29447115384615385 0.17457932692307693 0.17938701923076922
1 0.6899038461538461 0.06490384615384616 0.12109375 0.10036057692307693
0 0.6766826923076923 0.12980769230769232 0.045072115384615384 0.05348557692307692
0 0.6610576923076923 0.20192307692307693 0.051682692307692304 0.09735576923076923
0 0.5612980769230769 0.3112980769230769 0.04326923076923077 0.08984375
0 0.6165865384615384 0.3737980769230769 0.03635817307692308 0.05498798076923077
0 0.6538461538461539 0.41947115384615385 0.03365384615384615 0.050180288461538464
0 0.6466346153846154 0.5576923076923077 0.043569711538461536 0.05889423076923077
0 0.5829326923076923 0.7271634615384616 0.04176682692307692 0.060697115384615384
0 0.5805288461538461 0.8401442307692307 0.055588942307692304 0.07061298076923077
0 0.4182692307692308 0.6153846153846154 0.047475961538461536 0.061899038461538464
0 0.35697115384615385 0.5228365384615384 0.04537259615384615 0.060697115384615384
0 0.32091346153846156 0.5685096153846154 0.039963942307692304 0.045072115384615384
0 0.35336538461538464 0.6129807692307693 0.03876201923076923 0.056790865384615384
1 0.3076923076923077 0.8894230769230769 0.07632211538461539 0.01893028846153846
1 0.3245192307692308 0.20072115384615385 0.06219951923076923 0.019230769230769232
1 0.42427884615384615 0.203125 0.052884615384615384 0.019230769230769232
1 0.484375 0.203125 0.05498798076923077 0.012319711538461538
1 0.5420673076923077 0.20072115384615385 0.05498798076923077 0.016826923076923076
1 0.6081730769230769 0.20192307692307693 0.0625 0.019230769230769232
1 0.6838942307692307 0.8185096153846154 0.0673076923076923 0.014423076923076924
1 0.4735576923076923 0.8173076923076923 0.0673076923076923 0.018629807692307692