1 0.5060096153846154 0.10817307692307693 0.5264423076923077 0.21634615384615385
1 0.31490384615384615 0.3713942307692308 0.13040865384615385 0.34134615384615385
1 0.2932692307692308 0.5456730769230769 0.0967548076923077 0.16856971153846154
1 0.3161057692307692 0.7620192307692307 0.13161057692307693 0.2542067307692308
1 0.5733173076923077 0.859375 0.3777043269230769 0.0790264423076923
1 0.45552884615384615 0.7247596153846154 0.14753605769230768 0.18118990384615385
1 0.5733173076923077 0.7872596153846154 0.07421875 0.05979567307692308
1 0.47475961538461536 0.4735576923076923 0.37740384615384615 0.5733173076923077
1 0.6875 0.6766826923076923 0.18810096153846154 0.2917668269230769
1 0.6274038461538461 0.46033653846153844 0.09615384615384616 0.13611778846153846
1 0.7175480769230769 0.46033653846153844 0.09915865384615384 0.13762019230769232
1 0.671875 0.29086538461538464 0.17127403846153846 0.17818509615384615
1 0.7007211538461539 0.06009615384615385 0.11778846153846154 0.0907451923076923
0 0.6862980769230769 0.125 0.04176682692307692 0.056790865384615384
0 0.6706730769230769 0.1971153846153846 0.04807692307692308 0.10006009615384616
0 0.5697115384615384 0.3088942307692308 0.04717548076923077 0.09314903846153846
0 0.6262019230769231 0.3713942307692308 0.041165865384615384 0.05618990384615385
0 0.6634615384615384 0.4170673076923077 0.0390625 0.0546875
0 0.65625 0.5564903846153846 0.038161057692307696 0.05588942307692308
0 0.5913461538461539 0.7283653846153846 0.043870192307692304 0.061899038461538464
0 0.5889423076923077 0.8425480769230769 0.05348557692307692 0.07211538461538461
0 0.4254807692307692 0.6153846153846154 0.047776442307692304 0.05889423076923077
0 0.3629807692307692 0.5216346153846154 0.04837740384615385 0.0625
0 0.3269230769230769 0.5685096153846154 0.042367788461538464 0.04567307692307692
0 0.359375 0.6129807692307693 0.039963942307692304 0.056790865384615384
1 0.3137019230769231 0.8918269230769231 0.07391826923076923 0.023137019230769232
1 0.33052884615384615 0.19591346153846154 0.06430288461538461 0.022235576923076924
1 0.43149038461538464 0.19831730769230768 0.05498798076923077 0.012620192307692308
1 0.49158653846153844 0.19951923076923078 0.05498798076923077 0.018329326923076924
1 0.5504807692307693 0.19591346153846154 0.05318509615384615 0.01622596153846154
1 0.6165865384615384 0.19831730769230768 0.06460336538461539 0.028846153846153848
1 0.6947115384615384 0.8209134615384616 0.06760817307692307 0.016826923076923076
1 0.4807692307692308 0.8197115384615384 0.06670673076923077 0.028245192307692308