2 0.08774038461538461 0.23317307692307693 0.17548076923076922 0.40865384615384615
2 0.37740384615384615 0.6466346153846154 0.7548076923076923 0.7067307692307693
2 0.35336538461538464 0.24158653846153846 0.3993389423076923 0.4254807692307692
2 0.6418269230769231 0.171875 0.19621394230769232 0.2995793269230769
2 0.8521634615384616 0.28125 0.2956730769230769 0.375
2 0.8569711538461539 0.7163461538461539 0.2860576923076923 0.5192307692307693
1 0.9867788461538461 0.28365384615384615 0.026442307692307692 0.3317307692307692
1 0.9855769230769231 0.6802884615384616 0.028846153846153848 0.4182692307692308
1 0.013221153846153846 0.7103365384615384 0.026442307692307692 0.39663461538461536
1 0.14903846153846154 0.2283653846153846 0.0868389423076923 0.39002403846153844
0 0.09375 0.40384615384615385 0.10096153846153846 0.14423076923076922
0 0.5204326923076923 0.3954326923076923 0.0889423076923077 0.11268028846153846
0 0.6370192307692307 0.37740384615384615 0.07692307692307693 0.13912259615384615
0 0.7644230769230769 0.3894230769230769 0.09525240384615384 0.1141826923076923
0 0.7680288461538461 0.6177884615384616 0.10576923076923077 0.11959134615384616
0 0.6622596153846154 0.9314903846153846 0.10336538461538461 0.13701923076923078