2 0.07932692307692307 0.23076923076923078 0.14002403846153846 0.3942307692307692
2 0.38100961538461536 0.6430288461538461 0.7620192307692307 0.7091346153846154
2 0.36177884615384615 0.23798076923076922 0.45913461538461536 0.47596153846153844
2 0.6478365384615384 0.16947115384615385 0.19951923076923078 0.2995793269230769
2 0.8605769230769231 0.2776442307692308 0.27884615384615385 0.3581730769230769
2 0.84375 0.7091346153846154 0.3125 0.5288461538461539
1 0.9879807692307693 0.2800480769230769 0.02403846153846154 0.3245192307692308
1 0.9831730769230769 0.6730769230769231 0.03365384615384615 0.41346153846153844
1 0.02283653846153846 0.703125 0.04567307692307692 0.3918269230769231
1 0.16105769230769232 0.22596153846153846 0.09585336538461539 0.3837139423076923
0 0.10576923076923077 0.39903846153846156 0.09224759615384616 0.13972355769230768
0 0.5276442307692307 0.390625 0.09825721153846154 0.11868990384615384
0 0.6430288461538461 0.37259615384615385 0.08653846153846154 0.140625
0 0.7692307692307693 0.38461538461538464 0.09555288461538461 0.11508413461538461
0 0.7728365384615384 0.6117788461538461 0.10426682692307693 0.11748798076923077
0 0.6682692307692307 0.9278846153846154 0.08653846153846154 0.14423076923076922