2 0.07692307692307693 0.20192307692307693 0.15384615384615385 0.40384615384615385
2 0.3870192307692308 0.6262019230769231 0.7587139423076923 0.6938100961538461
2 0.36899038461538464 0.21875 0.43990384615384615 0.4375
2 0.6646634615384616 0.14182692307692307 0.18509615384615385 0.28365384615384615
2 0.8665865384615384 0.24639423076923078 0.2668269230769231 0.37740384615384615
2 0.8569711538461539 0.6923076923076923 0.2860576923076923 0.5432692307692307
1 0.021634615384615384 0.6887019230769231 0.04326923076923077 0.40625
1 0.16105769230769232 0.19831730769230768 0.10576923076923077 0.38221153846153844
0 0.1045673076923077 0.37259615384615385 0.10757211538461539 0.14933894230769232
0 0.5420673076923077 0.3641826923076923 0.10276442307692307 0.12259615384615384
0 0.6622596153846154 0.3449519230769231 0.08834134615384616 0.14603365384615385
0 0.7932692307692307 0.3581730769230769 0.09585336538461539 0.1162860576923077
0 0.7956730769230769 0.5925480769230769 0.11899038461538461 0.12830528846153846
0 0.6887019230769231 0.921875 0.10817307692307693 0.15625