2 0.32091346153846156 0.27524038461538464 0.2899639423076923 0.44471153846153844
2 0.23197115384615385 0.5168269230769231 0.09405048076923077 0.12530048076923078
2 0.39663461538461536 0.4963942307692308 0.11989182692307693 0.1661658653846154
2 0.4206730769230769 0.3701923076923077 0.07241586538461539 0.10096153846153846
2 0.31009615384615385 0.5348557692307693 0.07211538461538461 0.10096153846153846
2 0.14543269230769232 0.21995192307692307 0.06099759615384615 0.2665264423076923
2 0.12379807692307693 0.6225961538461539 0.15534855769230768 0.08143028846153846
2 0.24158653846153846 0.6177884615384616 0.08383413461538461 0.0625
2 0.16466346153846154 0.7307692307692307 0.25 0.19621394230769232
2 0.6262019230769231 0.22596153846153846 0.09915865384615384 0.2785456730769231
2 0.7451923076923077 0.14423076923076922 0.13972355769230768 0.16736778846153846
2 0.8810096153846154 0.14423076923076922 0.1346153846153846 0.1640625
2 0.6983173076923077 0.3233173076923077 0.08473557692307693 0.17037259615384615
2 0.8016826923076923 0.328125 0.15655048076923078 0.2088341346153846
2 0.9110576923076923 0.27283653846153844 0.08143028846153846 0.10787259615384616
2 0.8774038461538461 0.375 0.08082932692307693 0.10516826923076923
2 0.8076923076923077 0.4543269230769231 0.2938701923076923 0.28365384615384615
2 0.6899038461538461 0.6706730769230769 0.375 0.25570913461538464
1 0.2848557692307692 0.052884615384615384 0.030348557692307692 0.024939903846153848
1 0.32211538461538464 0.055288461538461536 0.030048076923076924 0.033052884615384616
1 0.18389423076923078 0.12620192307692307 0.022536057692307692 0.07421875
1 0.18389423076923078 0.2548076923076923 0.03365384615384615 0.0907451923076923
1 0.4579326923076923 0.15144230769230768 0.030348557692307692 0.09615384615384616
1 0.453125 0.27163461538461536 0.020733173076923076 0.029747596153846152
1 0.45552884615384615 0.3954326923076923 0.012620192307692308 0.03365384615384615
1 0.4567307692307692 0.46153846153846156 0.024939903846153848 0.04417067307692308
1 0.4567307692307692 0.5240384615384616 0.01953125 0.024338942307692308
1 0.37259615384615385 0.5865384615384616 0.033052884615384616 0.033353365384615384
1 0.109375 0.8173076923076923 0.012319711538461538 0.010216346153846154
1 0.7800480769230769 0.5949519230769231 0.036959134615384616 0.03155048076923077
1 0.8461538461538461 0.5985576923076923 0.034555288461538464 0.025240384615384616
1 0.9507211538461539 0.5228365384615384 0.021033653846153848 0.05048076923076923
1 0.9507211538461539 0.2776442307692308 0.016526442307692308 0.03365384615384615
1 0.9519230769230769 0.12860576923076922 0.024639423076923076 0.045973557692307696
1 0.8449519230769231 0.057692307692307696 0.035757211538461536 0.02013221153846154
1 0.7788461538461539 0.055288461538461536 0.033052884615384616 0.02794471153846154
1 0.6742788461538461 0.1310096153846154 0.01171875 0.05048076923076923
1 0.796875 0.20673076923076922 0.026442307692307692 0.05709134615384615
1 0.828125 0.20192307692307693 0.03545673076923077 0.048978365384615384
1 0.71875 0.2608173076923077 0.03786057692307692 0.04026442307692308
1 0.8353365384615384 0.3485576923076923 0.04146634615384615 0.05709134615384615
1 0.8233173076923077 0.44350961538461536 0.036959134615384616 0.0546875
1 0.7884615384615384 0.44471153846153844 0.04266826923076923 0.061899038461538464
1 0.34615384615384615 0.14423076923076922 0.03365384615384615 0.08623798076923077
1 0.16706730769230768 0.18269230769230768 0.03545673076923077 0.03365384615384615
1 0.37259615384615385 0.3786057692307692 0.03365384615384615 0.05078125
1 0.33052884615384615 0.44471153846153844 0.04026442307692308 0.052584134615384616
1 0.3245192307692308 0.5072115384615384 0.042067307692307696 0.06219951923076923
1 0.28966346153846156 0.5168269230769231 0.03365384615384615 0.03786057692307692
1 0.328125 0.609375 0.030949519230769232 0.04807692307692308
1 0.2956730769230769 0.6274038461538461 0.03876201923076923 0.052884615384615384
1 0.0889423076923077 0.6298076923076923 0.029146634615384616 0.057692307692307696
1 0.09254807692307693 0.5673076923076923 0.031850961538461536 0.06760817307692307
1 0.171875 0.5264423076923077 0.045973557692307696 0.05709134615384615
1 0.39903846153846156 0.49399038461538464 0.042367788461538464 0.059495192307692304