2 0.3125 0.2800480769230769 0.3161057692307692 0.4489182692307692
2 0.22596153846153846 0.515625 0.10516826923076923 0.12830528846153846
2 0.3858173076923077 0.4963942307692308 0.11388221153846154 0.16105769230769232
2 0.4098557692307692 0.3737980769230769 0.06430288461538461 0.09375
2 0.30288461538461536 0.5336538461538461 0.06760817307692307 0.09735576923076923
2 0.140625 0.22596153846153846 0.08954326923076923 0.2608173076923077
2 0.1201923076923077 0.6201923076923077 0.1484375 0.0625
2 0.23557692307692307 0.6153846153846154 0.08082932692307693 0.05739182692307692
2 0.15985576923076922 0.7259615384615384 0.24669471153846154 0.19290865384615385
2 0.6117788461538461 0.23197115384615385 0.11268028846153846 0.27403846153846156
2 0.7283653846153846 0.15144230769230768 0.14453125 0.16887019230769232
2 0.8605769230769231 0.15144230769230768 0.14453125 0.16856971153846154
2 0.6814903846153846 0.3269230769230769 0.0694110576923077 0.1640625
2 0.7836538461538461 0.3317307692307692 0.14963942307692307 0.2013221153846154
2 0.890625 0.2776442307692308 0.07451923076923077 0.10366586538461539
2 0.8569711538461539 0.37740384615384615 0.07001201923076923 0.0967548076923077
2 0.7884615384615384 0.4543269230769231 0.29897836538461536 0.2926682692307692
2 0.6730769230769231 0.6670673076923077 0.3557692307692308 0.21905048076923078
1 0.2776442307692308 0.06129807692307692 0.030348557692307692 0.026141826923076924
1 0.3137019230769231 0.06490384615384616 0.02674278846153846 0.029447115384615384
1 0.1778846153846154 0.13341346153846154 0.018629807692307692 0.07211538461538461
1 0.17908653846153846 0.25961538461538464 0.021634615384615384 0.08713942307692307
1 0.44591346153846156 0.15865384615384615 0.032151442307692304 0.09495192307692307
1 0.4423076923076923 0.2764423076923077 0.019230769230769232 0.029447115384615384
1 0.44471153846153844 0.39783653846153844 0.015024038461538462 0.03155048076923077
1 0.44591346153846156 0.46274038461538464 0.017127403846153848 0.04326923076923077
1 0.44591346153846156 0.5228365384615384 0.019230769230769232 0.026141826923076924
1 0.3629807692307692 0.5841346153846154 0.03275240384615385 0.033052884615384616
1 0.1045673076923077 0.8112980769230769 0.012920673076923076 0.012620192307692308
1 0.7620192307692307 0.5925480769230769 0.03756009615384615 0.03064903846153846
1 0.8269230769230769 0.5961538461538461 0.037259615384615384 0.029447115384615384
1 0.9290865384615384 0.5228365384615384 0.01622596153846154 0.050180288461538464
1 0.9290865384615384 0.2824519230769231 0.012319711538461538 0.03365384615384615
1 0.9302884615384616 0.13701923076923078 0.019230769230769232 0.04326923076923077
1 0.8257211538461539 0.0673076923076923 0.03545673076923077 0.0234375
1 0.7608173076923077 0.06490384615384616 0.03515625 0.028245192307692308
1 0.6586538461538461 0.13822115384615385 0.013822115384615384 0.050180288461538464
1 0.7788461538461539 0.2127403846153846 0.033052884615384616 0.055588942307692304
1 0.8088942307692307 0.20793269230769232 0.02674278846153846 0.045973557692307696
1 0.7019230769230769 0.265625 0.029146634615384616 0.035757211538461536
1 0.8161057692307693 0.35096153846153844 0.03515625 0.05318509615384615
1 0.8040865384615384 0.44471153846153844 0.03064903846153846 0.04837740384615385
1 0.7704326923076923 0.44591346153846156 0.039963942307692304 0.059194711538461536
1 0.33774038461538464 0.15144230769230768 0.04537259615384615 0.0859375
1 0.1622596153846154 0.18870192307692307 0.032151442307692304 0.03125
1 0.3629807692307692 0.38100961538461536 0.0390625 0.05108173076923077
1 0.32211538461538464 0.44591346153846156 0.029747596153846152 0.04807692307692308
1 0.3161057692307692 0.5072115384615384 0.039963942307692304 0.061899038461538464
1 0.2824519230769231 0.515625 0.03064903846153846 0.032151442307692304
1 0.31971153846153844 0.6069711538461539 0.03485576923076923 0.050180288461538464
1 0.28725961538461536 0.625 0.045072115384615384 0.056790865384615384
1 0.08653846153846154 0.6262019230769231 0.034254807692307696 0.059194711538461536
1 0.09014423076923077 0.5661057692307693 0.03125 0.0673076923076923
1 0.16706730769230768 0.5264423076923077 0.04657451923076923 0.056790865384615384
1 0.38822115384615385 0.4951923076923077 0.038461538461538464 0.05739182692307692