2 0.30649038461538464 0.25600961538461536 0.31580528846153844 0.4567307692307692
2 0.21875 0.4963942307692308 0.1006610576923077 0.12770432692307693
2 0.38221153846153844 0.47716346153846156 0.10967548076923077 0.16075721153846154
2 0.40625 0.35096153846153844 0.06219951923076923 0.09555288461538461
2 0.296875 0.515625 0.07692307692307693 0.10336538461538461
2 0.1310096153846154 0.20072115384615385 0.10727163461538461 0.26712740384615385
2 0.11057692307692307 0.6033653846153846 0.15354567307692307 0.07301682692307693
2 0.2283653846153846 0.5985576923076923 0.08082932692307693 0.05709134615384615
2 0.15144230769230768 0.7115384615384616 0.25600961538461536 0.20703125
2 0.6129807692307693 0.20673076923076922 0.13822115384615385 0.2785456730769231
2 0.7319711538461539 0.12379807692307693 0.13311298076923078 0.16135817307692307
2 0.8665865384615384 0.125 0.1328125 0.16346153846153846
2 0.6850961538461539 0.30408653846153844 0.0829326923076923 0.17037259615384615
2 0.7884615384615384 0.3076923076923077 0.16856971153846154 0.21243990384615385
2 0.8978365384615384 0.2536057692307692 0.07001201923076923 0.1024639423076923
2 0.8641826923076923 0.3557692307692308 0.07962740384615384 0.10516826923076923
2 0.7932692307692307 0.4338942307692308 0.31310096153846156 0.30528846153846156
2 0.6754807692307693 0.6514423076923077 0.3786057692307692 0.2683293269230769
1 0.27163461538461536 0.03245192307692308 0.029146634615384616 0.025540865384615384
1 0.3088942307692308 0.036057692307692304 0.028846153846153848 0.03245192307692308
1 0.17067307692307693 0.10697115384615384 0.029146634615384616 0.07361778846153846
1 0.17067307692307693 0.23557692307692307 0.019230769230769232 0.09134615384615384
1 0.44350961538461536 0.13221153846153846 0.025540865384615384 0.09615384615384616
1 0.43990384615384615 0.25240384615384615 0.014723557692307692 0.029146634615384616
1 0.4423076923076923 0.3762019230769231 0.010216346153846154 0.03365384615384615
1 0.44350961538461536 0.4423076923076923 0.022536057692307692 0.04417067307692308
1 0.44350961538461536 0.5048076923076923 0.025540865384615384 0.02794471153846154
1 0.3581730769230769 0.5673076923076923 0.029447115384615384 0.029747596153846152
1 0.09495192307692307 0.7980769230769231 0.012319711538461538 0.010216346153846154
1 0.7668269230769231 0.5757211538461539 0.034555288461538464 0.02734375
1 0.8329326923076923 0.578125 0.035757211538461536 0.026442307692307692
1 0.9375 0.5036057692307693 0.0234375 0.05048076923076923
1 0.9375 0.25841346153846156 0.01532451923076923 0.03365384615384615
1 0.9387019230769231 0.109375 0.019230769230769232 0.04537259615384615
1 0.8317307692307693 0.038461538461538464 0.034555288461538464 0.023137019230769232
1 0.765625 0.036057692307692304 0.03545673076923077 0.028545673076923076
1 0.6610576923076923 0.11177884615384616 0.01893028846153846 0.049879807692307696
1 0.7836538461538461 0.1875 0.030048076923076924 0.057692307692307696
1 0.8149038461538461 0.18269230769230768 0.028846153846153848 0.04837740384615385
1 0.7055288461538461 0.24158653846153846 0.031850961538461536 0.03665865384615385
1 0.8209134615384616 0.328125 0.038461538461538464 0.055288461538461536
1 0.8100961538461539 0.42427884615384615 0.03756009615384615 0.052884615384615384
1 0.7752403846153846 0.4254807692307692 0.04026442307692308 0.06129807692307692
1 0.3329326923076923 0.125 0.04026442307692308 0.0868389423076923
1 0.15384615384615385 0.16346153846153846 0.029447115384615384 0.028846153846153848
1 0.359375 0.359375 0.031850961538461536 0.05078125
1 0.3173076923076923 0.4254807692307692 0.030048076923076924 0.04837740384615385
1 0.31009615384615385 0.4879807692307692 0.034254807692307696 0.05859375
1 0.2764423076923077 0.49759615384615385 0.03365384615384615 0.03786057692307692
1 0.3137019230769231 0.5889423076923077 0.035757211538461536 0.051682692307692304
1 0.28125 0.6081730769230769 0.03876201923076923 0.052884615384615384
1 0.07572115384615384 0.6105769230769231 0.041165865384615384 0.061899038461538464
1 0.07932692307692307 0.5480769230769231 0.04326923076923077 0.07181490384615384
1 0.15865384615384615 0.5072115384615384 0.04717548076923077 0.054086538461538464
1 0.38461538461538464 0.47475961538461536 0.04296875 0.06009615384615385