1 0.3401442307692308 0.4579326923076923 0.6361177884615384 0.8097956730769231
1 0.421875 0.19110576923076922 0.21484375 0.2917668269230769
1 0.421875 0.4987980769230769 0.20342548076923078 0.27103365384615385
1 0.7367788461538461 0.41466346153846156 0.46424278846153844 0.7379807692307693
0 0.5108173076923077 0.8317307692307693 0.15865384615384615 0.3362379807692308
0 0.3786057692307692 0.671875 0.08473557692307693 0.11358173076923077
0 0.29447115384615385 0.1935096153846154 0.12229567307692307 0.12830528846153846
0 0.5564903846153846 0.1935096153846154 0.12980769230769232 0.13161057692307693
0 0.5829326923076923 0.5865384615384616 0.12980769230769232 0.1541466346153846
1 0.16947115384615385 0.04927884615384615 0.29116586538461536 0.05048076923076923
1 0.4579326923076923 0.042067307692307696 0.09405048076923077 0.030348557692307692
1 0.7415865384615384 0.04927884615384615 0.41556490384615385 0.07692307692307693