1 0.34615384615384615 0.453125 0.6784855769230769 0.8380408653846154
1 0.4266826923076923 0.18870192307692307 0.20342548076923078 0.2854567307692308
1 0.4266826923076923 0.49278846153846156 0.17067307692307693 0.24969951923076922
1 0.7331730769230769 0.40865384615384615 0.5336538461538461 0.7644230769230769
0 0.5144230769230769 0.8209134615384616 0.14873798076923078 0.32962740384615385
0 0.38461538461538464 0.6646634615384616 0.09495192307692307 0.1171875
0 0.3004807692307692 0.19110576923076922 0.11177884615384616 0.11748798076923077
0 0.5600961538461539 0.19110576923076922 0.12469951923076923 0.125
0 0.5853365384615384 0.5793269230769231 0.10727163461538461 0.14002403846153846
1 0.1778846153846154 0.04807692307692308 0.2878605769230769 0.061899038461538464
1 0.46274038461538464 0.042067307692307696 0.0946514423076923 0.03155048076923077
1 0.7427884615384616 0.04807692307692308 0.4089543269230769 0.0811298076923077