1 0.3425480769230769 0.453125 0.6457331730769231 0.8200120192307693
1 0.4254807692307692 0.1814903846153846 0.18780048076923078 0.28185096153846156
1 0.42427884615384615 0.49399038461538464 0.20192307692307693 0.27193509615384615
1 0.7439903846153846 0.40865384615384615 0.4534254807692308 0.7394831730769231
0 0.5144230769230769 0.8293269230769231 0.1875 0.34134615384615385
0 0.38100961538461536 0.6694711538461539 0.0946514423076923 0.12169471153846154
0 0.2956730769230769 0.18389423076923078 0.12890625 0.1328125
0 0.5612980769230769 0.18389423076923078 0.13251201923076922 0.13611778846153846
0 0.5877403846153846 0.5829326923076923 0.1328125 0.15655048076923078
1 0.16947115384615385 0.037259615384615384 0.29507211538461536 0.06460336538461539
1 0.46153846153846156 0.030048076923076924 0.09705528846153846 0.036057692307692304
1 0.75 0.037259615384615384 0.42758413461538464 0.04056490384615385