2 0.3485576923076923 0.1346153846153846 0.6213942307692307 0.20673076923076922
2 0.5 0.5877403846153846 1 0.8245192307692307
2 0.5048076923076923 0.7728365384615384 0.31700721153846156 0.3527644230769231
1 0.3485576923076923 0.052884615384615384 0.6009615384615384 0.10576923076923077
1 0.03245192307692308 0.13221153846153846 0.060697115384615384 0.19140625
1 0.6706730769230769 0.1346153846153846 0.04447115384615385 0.1971153846153846
1 0.265625 0.2512019230769231 0.3584735576923077 0.022536057692307692
1 0.8040865384615384 0.24879807692307693 0.23798076923076922 0.07061298076923077
0 0.24879807692307693 0.8930288461538461 0.17067307692307693 0.1619591346153846
0 0.3293269230769231 0.765625 0.12530048076923078 0.10096153846153846
0 0.5564903846153846 0.20192307692307693 0.16015625 0.1580528846153846