2 0.375 0.15384615384615385 0.6580528846153846 0.26802884615384615
2 0.5048076923076923 0.6117788461538461 0.9903846153846154 0.7764423076923077
2 0.5384615384615384 0.8161057692307693 0.28846153846153844 0.33353365384615385
1 0.3737980769230769 0.056490384615384616 0.6322115384615384 0.11298076923076923
1 0.046875 0.1502403846153846 0.05618990384615385 0.19981971153846154
1 0.7103365384615384 0.15264423076923078 0.05438701923076923 0.20402644230769232
1 0.28966346153846156 0.27403846153846156 0.37289663461538464 0.029146634615384616
1 0.8485576923076923 0.27163461538461536 0.2542067307692308 0.043569711538461536
0 0.2704326923076923 0.9278846153846154 0.17067307692307693 0.14423076923076922
0 0.3557692307692308 0.8088942307692307 0.14393028846153846 0.12229567307692307
0 0.5913461538461539 0.22235576923076922 0.16436298076923078 0.16526442307692307