2 0.35216346153846156 0.14302884615384615 0.6277043269230769 0.28064903846153844
2 0.49759615384615385 0.6045673076923077 0.9801682692307693 0.7809495192307693
2 0.5072115384615384 0.7740384615384616 0.2971754807692308 0.3359375
1 0.35096153846153844 0.046875 0.6057692307692307 0.09375
1 0.039663461538461536 0.140625 0.059495192307692304 0.1896033653846154
1 0.6706730769230769 0.14182692307692307 0.051682692307692304 0.19621394230769232
1 0.2704326923076923 0.25841346153846156 0.3479567307692308 0.07932692307692307
1 0.8028846153846154 0.2548076923076923 0.23918269230769232 0.052884615384615384
0 0.2548076923076923 0.8930288461538461 0.15775240384615385 0.1466346153846154
0 0.33413461538461536 0.7668269230769231 0.1388221153846154 0.11929086538461539
0 0.5576923076923077 0.2091346153846154 0.14513221153846154 0.14513221153846154