2 0.32572115384615385 0.09254807692307693 0.22355769230769232 0.15534855769230768
2 0.5240384615384616 0.21033653846153846 0.1778846153846154 0.3479567307692308
2 0.6971153846153846 0.21033653846153846 0.22235576923076922 0.35877403846153844
2 0.44591346153846156 0.390625 0.49849759615384615 0.5030048076923077
2 0.32091346153846156 0.6682692307692307 0.2052283653846154 0.3467548076923077
2 0.46634615384615385 0.6887019230769231 0.0811298076923077 0.13191105769230768
2 0.5528846153846154 0.6911057692307693 0.0907451923076923 0.12830528846153846
2 0.6899038461538461 0.6862980769230769 0.18780048076923078 0.13701923076923078
2 0.7307692307692307 0.5552884615384616 0.11598557692307693 0.1307091346153846
2 0.7295673076923077 0.4375 0.10787259615384616 0.09645432692307693
1 0.328125 0.8473557692307693 0.1084735576923077 0.017728365384615384
1 0.5528846153846154 0.7572115384615384 0.07181490384615384 0.019230769230769232
1 0.6766826923076923 0.7608173076923077 0.07001201923076923 0.021935096153846152
1 0.5216346153846154 0.03245192307692308 0.08173076923076923 0.036057692307692304
1 0.6887019230769231 0.03485576923076923 0.08984375 0.03155048076923077
1 0.28125 0.15865384615384615 0.10997596153846154 0.029146634615384616
0 0.390625 0.13942307692307693 0.07421875 0.09104567307692307
0 0.6442307692307693 0.3641826923076923 0.04417067307692308 0.0703125
0 0.5853365384615384 0.3641826923076923 0.060697115384615384 0.0790264423076923
0 0.4110576923076923 0.5889423076923077 0.06640625 0.07271634615384616
0 0.5384615384615384 0.6021634615384616 0.04927884615384615 0.08653846153846154
0 0.4735576923076923 0.6502403846153846 0.056790865384615384 0.07451923076923077
0 0.47475961538461536 0.7824519230769231 0.04537259615384615 0.0625
0 0.6430288461538461 0.6045673076923077 0.05438701923076923 0.0790264423076923
0 0.6598557692307693 0.453125 0.0703125 0.07421875
0 0.7019230769230769 0.6502403846153846 0.056790865384615384 0.0703125