2 0.33413461538461536 0.05889423076923077 0.21634615384615385 0.11778846153846154
2 0.5396634615384616 0.17908653846153846 0.17938701923076922 0.35787259615384615
2 0.71875 0.1814903846153846 0.22596153846153846 0.3629807692307692
2 0.45913461538461536 0.36538461538461536 0.5201322115384616 0.5246394230769231
2 0.3293269230769231 0.6526442307692307 0.23467548076923078 0.3701923076923077
2 0.4807692307692308 0.6742788461538461 0.09134615384615384 0.13792067307692307
2 0.5709134615384616 0.6766826923076923 0.10306490384615384 0.13641826923076922
2 0.7127403846153846 0.671875 0.2052283653846154 0.16165865384615385
2 0.7548076923076923 0.5360576923076923 0.11568509615384616 0.1310096153846154
2 0.7536057692307693 0.41466346153846156 0.1201923076923077 0.1123798076923077
1 0.33774038461538464 0.8389423076923077 0.11298076923076923 0.02403846153846154
1 0.5709134615384616 0.7451923076923077 0.0751201923076923 0.027644230769230768
1 0.6983173076923077 0.7487980769230769 0.0751201923076923 0.03155048076923077
1 0.5372596153846154 0.002403846153846154 0.08413461538461539 0.004807692307692308
1 0.7115384615384616 0.002403846153846154 0.09615384615384616 0.004807692307692308
1 0.28846153846153844 0.12379807692307693 0.11538461538461539 0.04026442307692308
0 0.4014423076923077 0.1045673076923077 0.06760817307692307 0.08954326923076923
0 0.6646634615384616 0.33774038461538464 0.04657451923076923 0.07211538461538461
0 0.6045673076923077 0.33774038461538464 0.06911057692307693 0.08323317307692307
0 0.4230769230769231 0.5709134615384616 0.06700721153846154 0.0751201923076923
0 0.5564903846153846 0.5853365384615384 0.04567307692307692 0.08864182692307693
0 0.4879807692307692 0.6346153846153846 0.061899038461538464 0.07752403846153846
0 0.4891826923076923 0.7716346153846154 0.0546875 0.06790865384615384
0 0.6634615384615384 0.5877403846153846 0.04807692307692308 0.07932692307692307
0 0.6814903846153846 0.43028846153846156 0.0694110576923077 0.07241586538461539
0 0.7247596153846154 0.6334134615384616 0.06881009615384616 0.07932692307692307