2 0.3233173076923077 0.08413461538461539 0.21844951923076922 0.13431490384615385
2 0.5228365384615384 0.203125 0.23347355769230768 0.36268028846153844
2 0.6983173076923077 0.20192307692307693 0.1896033653846154 0.35606971153846156
2 0.44471153846153844 0.38461538461538464 0.5003004807692307 0.5084134615384616
2 0.3173076923076923 0.6646634615384616 0.20612980769230768 0.34915865384615385
2 0.4651442307692308 0.6862980769230769 0.0850360576923077 0.1346153846153846
2 0.5528846153846154 0.6887019230769231 0.09104567307692307 0.12830528846153846
2 0.6899038461538461 0.6838942307692307 0.2010216346153846 0.16015625
2 0.7307692307692307 0.5516826923076923 0.11448317307692307 0.12830528846153846
2 0.7307692307692307 0.4326923076923077 0.11658653846153846 0.10697115384615384
1 0.32572115384615385 0.8461538461538461 0.11057692307692307 0.02794471153846154
1 0.5528846153846154 0.7548076923076923 0.07211538461538461 0.020432692307692308
1 0.6766826923076923 0.7584134615384616 0.07211538461538461 0.021334134615384616
1 0.5216346153846154 0.02283653846153846 0.08623798076923077 0.03125
1 0.6899038461538461 0.026442307692307692 0.09194711538461539 0.024338942307692308
1 0.2776442307692308 0.1502403846153846 0.1084735576923077 0.044771634615384616
0 0.38822115384615385 0.1310096153846154 0.060697115384615384 0.08473557692307693
0 0.6442307692307693 0.3581730769230769 0.05829326923076923 0.07692307692307693
0 0.5853365384615384 0.3581730769230769 0.06580528846153846 0.08143028846153846
0 0.40865384615384615 0.5841346153846154 0.05889423076923077 0.06820913461538461
0 0.5384615384615384 0.5985576923076923 0.053786057692307696 0.09044471153846154
0 0.4723557692307692 0.6466346153846154 0.04657451923076923 0.07181490384615384
0 0.4723557692307692 0.7800480769230769 0.045973557692307696 0.06460336538461539
0 0.6430288461538461 0.6009615384615384 0.051382211538461536 0.0811298076923077
0 0.6610576923076923 0.4483173076923077 0.07151442307692307 0.07421875
0 0.703125 0.6466346153846154 0.0655048076923077 0.07752403846153846