2 0.2403846153846154 0.4411057692307692 0.39302884615384615 0.6850961538461539
2 0.21153846153846154 0.7980769230769231 0.125 0.0390625
2 0.10817307692307693 0.6358173076923077 0.07211538461538461 0.07872596153846154
2 0.10817307692307693 0.7451923076923077 0.0859375 0.14302884615384615
2 0.3485576923076923 0.7668269230769231 0.12980769230769232 0.11929086538461539
2 0.328125 0.8918269230769231 0.17307692307692307 0.1385216346153846
2 0.34375 0.6526442307692307 0.140625 0.13251201923076922
2 0.6574519230769231 0.13701923076923078 0.3350360576923077 0.1349158653846154
2 0.5973557692307693 0.3870192307692308 0.27193509615384615 0.4137620192307692
2 0.7379807692307693 0.30288461538461536 0.19290865384615385 0.24068509615384615
2 0.7716346153846154 0.5240384615384616 0.12469951923076923 0.12890625
2 0.7379807692307693 0.703125 0.2010216346153846 0.2527043269230769
2 0.5625 0.7019230769230769 0.19801682692307693 0.25841346153846156
0 0.23918269230769232 0.07932692307692307 0.06881009615384616 0.08713942307692307
0 0.16105769230769232 0.6538461538461539 0.047776442307692304 0.047776442307692304
0 0.33653846153846156 0.5625 0.05198317307692308 0.0625
0 0.3401442307692308 0.6814903846153846 0.04657451923076923 0.059495192307692304
0 0.21634615384615385 0.7536057692307693 0.048978365384615384 0.060396634615384616
0 0.16346153846153846 0.7548076923076923 0.043569711538461536 0.043870192307692304
0 0.2247596153846154 0.9206730769230769 0.06971153846153846 0.06820913461538461
0 0.6189903846153846 0.1814903846153846 0.059194711538461536 0.13161057692307693
0 0.6802884615384616 0.18389423076923078 0.06370192307692307 0.13311298076923078
0 0.6790865384615384 0.3954326923076923 0.06009615384615385 0.06911057692307693
0 0.6935096153846154 0.5348557692307693 0.05618990384615385 0.03635817307692308
0 0.6790865384615384 0.6141826923076923 0.04957932692307692 0.055288461538461536
0 0.6189903846153846 0.6105769230769231 0.057692307692307696 0.06610576923076923
1 0.1658653846153846 0.8317307692307693 0.03786057692307692 0.028545673076923076
1 0.21634615384615385 0.8257211538461539 0.04837740384615385 0.026141826923076924
1 0.5793269230769231 0.828125 0.04266826923076923 0.01171875
1 0.6213942307692307 0.828125 0.021935096153846152 0.01622596153846154
1 0.6730769230769231 0.8293269230769231 0.028846153846153848 0.014122596153846154
1 0.7151442307692307 0.8329326923076923 0.045072115384615384 0.02403846153846154
1 0.7295673076923077 0.1814903846153846 0.04957932692307692 0.03064903846153846
1 0.6778846153846154 0.18509615384615385 0.043569711538461536 0.01532451923076923
1 0.6165865384615384 0.18509615384615385 0.045973557692307696 0.01893028846153846
1 0.5661057692307693 0.18389423076923078 0.045973557692307696 0.021935096153846152
1 0.3317307692307692 0.1045673076923077 0.07211538461538461 0.021033653846153848
1 0.3870192307692308 0.1045673076923077 0.024939903846153848 0.019230769230769232
1 0.16105769230769232 0.1045673076923077 0.08623798076923077 0.01622596153846154
1 0.09254807692307693 0.10336538461538461 0.028846153846153848 0.02403846153846154