2 0.24759615384615385 0.4230769230769231 0.46153846153846156 0.7217548076923077
2 0.21634615384615385 0.7920673076923077 0.12620192307692307 0.059194711538461536
2 0.11057692307692307 0.6237980769230769 0.07752403846153846 0.08413461538461539
2 0.11057692307692307 0.7379807692307693 0.08713942307692307 0.14513221153846154
2 0.3581730769230769 0.7596153846153846 0.12590144230769232 0.11478365384615384
2 0.33774038461538464 0.8882211538461539 0.17127403846153846 0.13161057692307693
2 0.35336538461538464 0.6418269230769231 0.14873798076923078 0.14002403846153846
2 0.6778846153846154 0.109375 0.3512620192307692 0.12229567307692307
2 0.6165865384615384 0.36778846153846156 0.2959735576923077 0.43209134615384615
2 0.7620192307692307 0.2800480769230769 0.17848557692307693 0.23707932692307693
2 0.7956730769230769 0.5096153846153846 0.12980769230769232 0.13431490384615385
2 0.7608173076923077 0.6935096153846154 0.1853966346153846 0.2481971153846154
2 0.5805288461538461 0.6923076923076923 0.16556490384615385 0.24459134615384615
0 0.24519230769230768 0.04927884615384615 0.07301682692307693 0.09314903846153846
0 0.1658653846153846 0.6430288461538461 0.047776442307692304 0.04567307692307692
0 0.34615384615384615 0.5480769230769231 0.048978365384615384 0.05859375
0 0.34975961538461536 0.671875 0.052884615384615384 0.06490384615384616
0 0.22235576923076922 0.7451923076923077 0.057692307692307696 0.06670673076923077
0 0.16706730769230768 0.7463942307692307 0.05048076923076923 0.05078125
0 0.23076923076923078 0.9182692307692307 0.06760817307692307 0.06760817307692307
0 0.6382211538461539 0.15504807692307693 0.07061298076923077 0.13762019230769232
0 0.7019230769230769 0.15745192307692307 0.08143028846153846 0.1427283653846154
0 0.7007211538461539 0.3762019230769231 0.060697115384615384 0.06971153846153846
0 0.7151442307692307 0.5192307692307693 0.05979567307692308 0.04266826923076923
0 0.7007211538461539 0.6021634615384616 0.049879807692307696 0.057692307692307696
0 0.6382211538461539 0.5985576923076923 0.059495192307692304 0.0673076923076923
1 0.17067307692307693 0.8269230769230769 0.03936298076923077 0.033052884615384616
1 0.22235576923076922 0.8209134615384616 0.049879807692307696 0.02674278846153846
1 0.5973557692307693 0.8221153846153846 0.041165865384615384 0.009915865384615384
1 0.640625 0.8221153846153846 0.025841346153846152 0.018629807692307692
1 0.6947115384615384 0.8245192307692307 0.028846153846153848 0.014423076923076924
1 0.7379807692307693 0.8269230769230769 0.04417067307692308 0.024338942307692308
1 0.7524038461538461 0.15504807692307693 0.05198317307692308 0.03125
1 0.6983173076923077 0.15865384615384615 0.04567307692307692 0.02013221153846154
1 0.6358173076923077 0.15865384615384615 0.04807692307692308 0.015024038461538462
1 0.5841346153846154 0.15745192307692307 0.04837740384615385 0.027043269230769232
1 0.34134615384615385 0.07451923076923077 0.07632211538461539 0.034254807692307696
1 0.39903846153846156 0.07572115384615384 0.028245192307692308 0.017728365384615384
1 0.16466346153846154 0.07451923076923077 0.08864182692307693 0.02013221153846154
1 0.09495192307692307 0.0733173076923077 0.02674278846153846 0.019230769230769232