2 0.24519230769230768 0.43509615384615385 0.4338942307692308 0.6965144230769231
2 0.21514423076923078 0.7920673076923077 0.12319711538461539 0.04326923076923077
2 0.11177884615384616 0.6298076923076923 0.07692307692307693 0.08533653846153846
2 0.11177884615384616 0.7403846153846154 0.09375 0.14423076923076922
2 0.35216346153846156 0.7608173076923077 0.12740384615384615 0.11748798076923077
2 0.3317307692307692 0.8858173076923077 0.17247596153846154 0.13611778846153846
2 0.3473557692307692 0.6466346153846154 0.1424278846153846 0.1349158653846154
2 0.6610576923076923 0.1310096153846154 0.34044471153846156 0.11688701923076923
2 0.6009615384615384 0.38100961538461536 0.2839543269230769 0.4167668269230769
2 0.7427884615384616 0.296875 0.16826923076923078 0.22746394230769232
2 0.7764423076923077 0.5192307692307693 0.1162860576923077 0.12049278846153846
2 0.7415865384615384 0.6971153846153846 0.19381009615384615 0.24969951923076922
2 0.5661057692307693 0.6959134615384616 0.16496394230769232 0.2403846153846154
0 0.24278846153846154 0.0733173076923077 0.06640625 0.08653846153846154
0 0.1658653846153846 0.6478365384615384 0.04837740384615385 0.04957932692307692
0 0.3401442307692308 0.5564903846153846 0.051382211538461536 0.0625
0 0.34375 0.6766826923076923 0.048978365384615384 0.0625
0 0.21995192307692307 0.7475961538461539 0.05438701923076923 0.06280048076923077
0 0.16706730769230768 0.7487980769230769 0.041165865384615384 0.04326923076923077
0 0.2283653846153846 0.9146634615384616 0.07271634615384616 0.07361778846153846
0 0.6225961538461539 0.17668269230769232 0.06760817307692307 0.1328125
0 0.6838942307692307 0.1778846153846154 0.08353365384615384 0.13972355769230768
0 0.6838942307692307 0.3894230769230769 0.055288461538461536 0.06670673076923077
0 0.6971153846153846 0.5288461538461539 0.05739182692307692 0.04296875
0 0.6826923076923077 0.6081730769230769 0.047776442307692304 0.05709134615384615
0 0.6225961538461539 0.6045673076923077 0.06129807692307692 0.0673076923076923
1 0.16947115384615385 0.8257211538461539 0.03665865384615385 0.02674278846153846
1 0.21995192307692307 0.8197115384615384 0.04657451923076923 0.023137019230769232
1 0.5829326923076923 0.8221153846153846 0.040865384615384616 0.018329326923076924
1 0.625 0.8221153846153846 0.023737980769230768 0.015024038461538462
1 0.6778846153846154 0.8233173076923077 0.028846153846153848 0.012319711538461538
1 0.7199519230769231 0.8269230769230769 0.045072115384615384 0.024639423076923076
1 0.734375 0.17548076923076922 0.04957932692307692 0.033052884615384616
1 0.6814903846153846 0.17908653846153846 0.04537259615384615 0.015925480769230768
1 0.6213942307692307 0.17908653846153846 0.045973557692307696 0.017728365384615384
1 0.5709134615384616 0.1778846153846154 0.045973557692307696 0.023737980769230768
1 0.33653846153846156 0.0985576923076923 0.07211538461538461 0.024639423076923076
1 0.3918269230769231 0.09975961538461539 0.024939903846153848 0.021033653846153848
1 0.16466346153846154 0.0985576923076923 0.08443509615384616 0.019230769230769232
1 0.09615384615384616 0.09735576923076923 0.029447115384615384 0.02403846153846154