1 0.2704326923076923 0.29447115384615385 0.48888221153846156 0.5459735576923077
1 0.16706730769230768 0.48197115384615385 0.22926682692307693 0.27103365384615385
1 0.22355769230769232 0.4182692307692308 0.11568509615384616 0.14513221153846154
1 0.16706730769230768 0.7524038461538461 0.21634615384615385 0.24969951923076922
1 0.15985576923076922 0.9447115384615384 0.2283653846153846 0.11057692307692307
1 0.625 0.6298076923076923 0.7259615384615384 0.7403846153846154
1 0.7271634615384616 0.16466346153846154 0.48257211538461536 0.2322716346153846
1 0.6875 0.27884615384615385 0.1015625 0.034555288461538464
1 0.8016826923076923 0.2776442307692308 0.10336538461538461 0.03064903846153846
1 0.9110576923076923 0.2776442307692308 0.10126201923076923 0.038461538461538464
1 0.9711538461538461 0.3762019230769231 0.034555288461538464 0.14693509615384615
1 0.8233173076923077 0.9891826923076923 0.10336538461538461 0.021634615384615384
1 0.7067307692307693 0.9855769230769231 0.10096153846153846 0.028846153846153848
1 0.3545673076923077 0.984375 0.10336538461538461 0.03125
1 0.052884615384615384 0.140625 0.02403846153846154 0.08864182692307693
1 0.052884615384615384 0.47716346153846156 0.029447115384615384 0.09134615384615384
1 0.056490384615384616 0.6899038461538461 0.017127403846153848 0.08623798076923077
1 0.39663461538461536 0.039663461538461536 0.10126201923076923 0.035757211538461536
0 0.35216346153846156 0.49759615384615385 0.11328125 0.15474759615384615
0 0.5829326923076923 0.22716346153846154 0.09795673076923077 0.14903846153846154
0 0.13822115384615385 0.6694711538461539 0.11328125 0.15234375
0 0.24519230769230768 0.7103365384615384 0.125 0.14693509615384615
0 0.16706730769230768 0.9338942307692307 0.10817307692307693 0.13221153846153846