1 0.27163461538461536 0.28125 0.44771634615384615 0.5144230769230769
1 0.16947115384615385 0.46634615384615385 0.24248798076923078 0.27884615384615385
1 0.22596153846153846 0.40384615384615385 0.1063701923076923 0.14302884615384615
1 0.16947115384615385 0.7355769230769231 0.23377403846153846 0.26412259615384615
1 0.16346153846153846 0.9302884615384616 0.22956730769230768 0.12980769230769232
1 0.6177884615384616 0.6117788461538461 0.7644230769230769 0.7764423076923077
1 0.7235576923076923 0.15264423076923078 0.484375 0.25240384615384615
1 0.6850961538461539 0.265625 0.1006610576923077 0.040865384615384616
1 0.796875 0.2644230769230769 0.10366586538461539 0.04296875
1 0.90625 0.2644230769230769 0.10096153846153846 0.046875
1 0.9651442307692307 0.36177884615384615 0.036959134615384616 0.14573317307692307
1 0.8173076923076923 0.9807692307692307 0.10576923076923077 0.038461538461538464
1 0.7043269230769231 0.9771634615384616 0.10576923076923077 0.04567307692307692
1 0.3545673076923077 0.9771634615384616 0.10306490384615384 0.036057692307692304
1 0.056490384615384616 0.12860576923076922 0.027043269230769232 0.08653846153846154
1 0.056490384615384616 0.46274038461538464 0.027043269230769232 0.08924278846153846
1 0.06009615384615385 0.6730769230769231 0.023737980769230768 0.0859375
1 0.39663461538461536 0.030048076923076924 0.10096153846153846 0.021334134615384616
0 0.35336538461538464 0.48197115384615385 0.10576923076923077 0.15384615384615385
0 0.5805288461538461 0.21514423076923078 0.08924278846153846 0.14212740384615385
0 0.140625 0.6538461538461539 0.09615384615384616 0.14543269230769232
0 0.24639423076923078 0.6935096153846154 0.1180889423076923 0.1424278846153846
0 0.16947115384615385 0.9230769230769231 0.12740384615384615 0.15384615384615385