1 0.24278846153846154 0.28125 0.4855769230769231 0.5576923076923077
1 0.1310096153846154 0.47115384615384615 0.2581129807692308 0.29296875
1 0.18990384615384615 0.40625 0.1201923076923077 0.14873798076923078
1 0.1310096153846154 0.7451923076923077 0.22415865384615385 0.2587139423076923
1 0.125 0.9314903846153846 0.2403846153846154 0.13701923076923078
1 0.5949519230769231 0.6069711538461539 0.8052884615384616 0.7860576923076923
1 0.6995192307692307 0.1502403846153846 0.4852764423076923 0.22806490384615385
1 0.6586538461538461 0.265625 0.10126201923076923 0.025540865384615384
1 0.7740384615384616 0.2644230769230769 0.10546875 0.048677884615384616
1 0.8858173076923077 0.2644230769230769 0.10096153846153846 0.03365384615384615
1 0.9459134615384616 0.3641826923076923 0.017728365384615384 0.14903846153846154
1 0.7956730769230769 0.9879807692307693 0.10576923076923077 0.02403846153846154
1 0.6790865384615384 0.9879807692307693 0.10336538461538461 0.02403846153846154
1 0.31971153846153844 0.9807692307692307 0.10576923076923077 0.038461538461538464
1 0.015625 0.12620192307692307 0.028846153846153848 0.0889423076923077
1 0.015625 0.46634615384615385 0.03125 0.09134615384615384
1 0.019230769230769232 0.6814903846153846 0.01953125 0.08443509615384616
1 0.3641826923076923 0.02403846153846154 0.10336538461538461 0.03786057692307692
0 0.31971153846153844 0.48677884615384615 0.09134615384615384 0.14693509615384615
0 0.5528846153846154 0.2127403846153846 0.11508413461538461 0.15685096153846154
0 0.10216346153846154 0.6610576923076923 0.1123798076923077 0.1544471153846154
0 0.21033653846153846 0.7019230769230769 0.12289663461538461 0.14873798076923078
0 0.1310096153846154 0.9290865384615384 0.11778846153846154 0.14182692307692307