2 0.23317307692307693 0.4387019230769231 0.27283653846153844 0.19381009615384615
2 0.4230769230769231 0.4050480769230769 0.11117788461538461 0.13131009615384615
2 0.5168269230769231 0.4074519230769231 0.07301682692307693 0.11748798076923077
2 0.4651442307692308 0.5829326923076923 0.18028846153846154 0.2283653846153846
2 0.7067307692307693 0.4375 0.31850961538461536 0.23137019230769232
2 0.9278846153846154 0.4411057692307692 0.1388221153846154 0.1856971153846154
2 0.23677884615384615 0.6117788461538461 0.2803485576923077 0.20973557692307693
0 0.35096153846153844 0.5925480769230769 0.056790865384615384 0.04176682692307692
0 0.41586538461538464 0.7019230769230769 0.0673076923076923 0.08713942307692307
0 0.4266826923076923 0.48197115384615385 0.0625 0.051382211538461536
0 0.5096153846153846 0.484375 0.061899038461538464 0.04567307692307692
0 0.5733173076923077 0.5 0.07061298076923077 0.05348557692307692
0 0.8665865384615384 0.5012019230769231 0.1268028846153846 0.0694110576923077
0 0.35216346153846156 0.5036057692307693 0.060396634615384616 0.05048076923076923
1 0.09495192307692307 0.46875 0.03365384615384615 0.10516826923076923
1 0.09615384615384616 0.5973557692307693 0.03936298076923077 0.10336538461538461