2 0.23076923076923078 0.4098557692307692 0.27974759615384615 0.2052283653846154
2 0.4206730769230769 0.37740384615384615 0.10006009615384616 0.12079326923076923
2 0.515625 0.3798076923076923 0.07001201923076923 0.11508413461538461
2 0.4639423076923077 0.5552884615384616 0.18209134615384615 0.23106971153846154
2 0.7067307692307693 0.4098557692307692 0.3115985576923077 0.20402644230769232
2 0.9278846153846154 0.41225961538461536 0.14423076923076922 0.18990384615384615
2 0.234375 0.5841346153846154 0.27103365384615385 0.18239182692307693
0 0.34975961538461536 0.5649038461538461 0.057692307692307696 0.04296875
0 0.41466346153846156 0.6754807692307693 0.07992788461538461 0.09975961538461539
0 0.42427884615384615 0.4543269230769231 0.059495192307692304 0.04837740384615385
0 0.5084134615384616 0.4567307692307692 0.060697115384615384 0.047475961538461536
0 0.5733173076923077 0.4723557692307692 0.07061298076923077 0.0546875
0 0.8677884615384616 0.4735576923076923 0.12590144230769232 0.056790865384615384
0 0.34975961538461536 0.47596153846153844 0.05618990384615385 0.04417067307692308
1 0.09134615384615384 0.43990384615384615 0.020432692307692308 0.10606971153846154
1 0.09375 0.5709134615384616 0.042367788461538464 0.10336538461538461