2 0.23918269230769232 0.41947115384615385 0.2614182692307692 0.18479567307692307
2 0.4230769230769231 0.3870192307692308 0.10697115384615384 0.12590144230769232
2 0.515625 0.3894230769230769 0.07361778846153846 0.11478365384615384
2 0.4639423076923077 0.5612980769230769 0.16826923076923078 0.21844951923076922
2 0.7007211538461539 0.41947115384615385 0.2863581730769231 0.17307692307692307
2 0.9158653846153846 0.421875 0.12590144230769232 0.1778846153846154
2 0.24278846153846154 0.5889423076923077 0.27013221153846156 0.20162259615384615
0 0.3545673076923077 0.5697115384615384 0.055288461538461536 0.04266826923076923
0 0.4170673076923077 0.6766826923076923 0.07692307692307693 0.09375
0 0.4266826923076923 0.46153846153846156 0.060396634615384616 0.052884615384615384
0 0.5084134615384616 0.4639423076923077 0.060396634615384616 0.047776442307692304
0 0.5709134615384616 0.4795673076923077 0.0655048076923077 0.04537259615384615
0 0.8557692307692307 0.4807692307692308 0.12109375 0.05709134615384615
0 0.3545673076923077 0.4831730769230769 0.06009615384615385 0.04837740384615385
1 0.1045673076923077 0.4483173076923077 0.032151442307692304 0.10096153846153846
1 0.10697115384615384 0.5745192307692307 0.035757211538461536 0.1006610576923077