2 0.6009615384615384 0.15625 0.19140625 0.16887019230769232
2 0.4987980769230769 0.5360576923076923 0.4597355769230769 0.6207932692307693
2 0.6310096153846154 0.7451923076923077 0.1171875 0.15324519230769232
2 0.6310096153846154 0.6069711538461539 0.11538461538461539 0.10787259615384616
2 0.35216346153846156 0.7644230769230769 0.11298076923076923 0.11508413461538461
2 0.38100961538461536 0.5877403846153846 0.17518028846153846 0.23798076923076922
0 0.5396634615384616 0.21514423076923078 0.055588942307692304 0.07451923076923077
0 0.44350961538461536 0.5480769230769231 0.06009615384615385 0.06610576923076923
0 0.5504807692307693 0.7259615384615384 0.06760817307692307 0.06790865384615384
0 0.5961538461538461 0.6899038461538461 0.048978365384615384 0.06760817307692307
0 0.4206730769230769 0.765625 0.03876201923076923 0.05048076923076923
0 0.4387019230769231 0.8521634615384616 0.06911057692307693 0.09314903846153846
1 0.4026442307692308 0.24278846153846154 0.09915865384615384 0.047776442307692304
1 0.6189903846153846 0.24158653846153846 0.10787259615384616 0.039963942307692304
1 0.3016826923076923 0.6177884615384616 0.01622596153846154 0.14903846153846154