2 0.5793269230769231 0.14903846153846154 0.19170673076923078 0.17217548076923078
2 0.47475961538461536 0.5360576923076923 0.4534254807692308 0.625
2 0.6105769230769231 0.75 0.12439903846153846 0.15895432692307693
2 0.6105769230769231 0.6081730769230769 0.12079326923076923 0.11508413461538461
2 0.32572115384615385 0.7692307692307693 0.09885817307692307 0.10186298076923077
2 0.3557692307692308 0.5889423076923077 0.17277644230769232 0.2403846153846154
0 0.5180288461538461 0.20793269230769232 0.05108173076923077 0.07361778846153846
0 0.4182692307692308 0.5492788461538461 0.061598557692307696 0.06580528846153846
0 0.5276442307692307 0.7307692307692307 0.07692307692307693 0.0772235576923077
0 0.5745192307692307 0.6935096153846154 0.05228365384615385 0.06971153846153846
0 0.3954326923076923 0.7704326923076923 0.04326923076923077 0.051382211538461536
0 0.41466346153846156 0.859375 0.06580528846153846 0.09375
1 0.37740384615384615 0.23677884615384615 0.10096153846153846 0.03365384615384615
1 0.5985576923076923 0.23557692307692307 0.1102764423076923 0.029747596153846152
1 0.27403846153846156 0.6201923076923077 0.03786057692307692 0.14993990384615385