2 0.6165865384615384 0.1658653846153846 0.19501201923076922 0.1739783653846154
2 0.5120192307692307 0.5552884615384616 0.43299278846153844 0.6156850961538461
2 0.6478365384615384 0.7704326923076923 0.14573317307692307 0.17307692307692307
2 0.6478365384615384 0.6286057692307693 0.13311298076923078 0.1271033653846154
2 0.36177884615384615 0.7896634615384616 0.11358173076923077 0.11778846153846154
2 0.3918269230769231 0.6081730769230769 0.17728365384615385 0.2442908653846154
0 0.5540865384615384 0.22596153846153846 0.059495192307692304 0.07752403846153846
0 0.45552884615384615 0.5685096153846154 0.055588942307692304 0.06099759615384615
0 0.5649038461538461 0.7512019230769231 0.07662259615384616 0.07842548076923077
0 0.6117788461538461 0.7139423076923077 0.040865384615384616 0.06310096153846154
0 0.43149038461538464 0.7908653846153846 0.04807692307692308 0.05739182692307692
0 0.45072115384615385 0.8810096153846154 0.07481971153846154 0.09795673076923077
1 0.41346153846153844 0.2536057692307692 0.1015625 0.05108173076923077
1 0.6358173076923077 0.2536057692307692 0.1084735576923077 0.021334134615384616
1 0.31009615384615385 0.640625 0.03245192307692308 0.15204326923076922