2 0.054086538461538464 0.14302884615384615 0.10757211538461539 0.2421875
2 0.24639423076923078 0.07692307692307693 0.27554086538461536 0.12079326923076923
2 0.20673076923076922 0.2848557692307692 0.24068509615384615 0.2917668269230769
2 0.15144230769230768 0.5300480769230769 0.13431490384615385 0.20943509615384615
2 0.2644230769230769 0.5060096153846154 0.12469951923076923 0.16556490384615385
2 0.2091346153846154 0.7175480769230769 0.22626201923076922 0.16556490384615385
2 0.5649038461538461 0.4699519230769231 0.49038461538461536 0.65234375
2 0.7067307692307693 0.2692307692307692 0.22175480769230768 0.27013221153846156
2 0.8894230769230769 0.3112980769230769 0.1935096153846154 0.34825721153846156
2 0.8882211538461539 0.6430288461538461 0.1971153846153846 0.3152043269230769
2 0.7932692307692307 0.8449519230769231 0.35546875 0.11358173076923077
2 0.052884615384615384 0.34375 0.08623798076923077 0.15324519230769232
0 0.05048076923076923 0.46274038461538464 0.053786057692307696 0.07421875
0 0.06610576923076923 0.75 0.07451923076923077 0.10186298076923077
0 0.125 0.07692307692307693 0.07241586538461539 0.08233173076923077
0 0.3485576923076923 0.10576923076923077 0.07181490384615384 0.09555288461538461
0 0.2956730769230769 0.18269230769230768 0.07181490384615384 0.08082932692307693
0 0.7716346153846154 0.36658653846153844 0.06760817307692307 0.09945913461538461
0 0.8269230769230769 0.44350961538461536 0.06820913461538461 0.07692307692307693
0 0.8257211538461539 0.5769230769230769 0.0694110576923077 0.07602163461538461
0 0.6586538461538461 0.6081730769230769 0.06670673076923077 0.09194711538461539
0 0.7716346153846154 0.8317307692307693 0.07602163461538461 0.09615384615384616
0 0.2956730769230769 0.703125 0.06640625 0.07481971153846154
0 0.17668269230769232 0.6658653846153846 0.060697115384615384 0.08082932692307693
0 0.07451923076923077 0.7475961538461539 0.06219951923076923 0.0733173076923077
0 0.18509615384615385 0.5396634615384616 0.0625 0.08443509615384616
1 0.43149038461538464 0.13701923076923078 0.08653846153846154 0.023137019230769232
1 0.5252403846153846 0.14302884615384615 0.08924278846153846 0.038461538461538464
1 0.6887019230769231 0.14182692307692307 0.08653846153846154 0.033052884615384616
1 0.8701923076923077 0.13942307692307693 0.07692307692307693 0.02013221153846154
1 0.875 0.796875 0.08653846153846154 0.032151442307692304
1 0.6622596153846154 0.7980769230769231 0.032151442307692304 0.019831730769230768
1 0.5348557692307693 0.7980769230769231 0.09885817307692307 0.028545673076923076
1 0.19951923076923078 0.7956730769230769 0.08623798076923077 0.019230769230769232
1 0.20432692307692307 0.140625 0.08653846153846154 0.022536057692307692