2 0.04326923076923077 0.13701923076923078 0.0811298076923077 0.2364783653846154
2 0.23677884615384615 0.07572115384615384 0.2860576923076923 0.15144230769230768
2 0.1971153846153846 0.2800480769230769 0.21634615384615385 0.2770432692307692
2 0.14302884615384615 0.5264423076923077 0.11778846153846154 0.20612980769230768
2 0.25600961538461536 0.5024038461538461 0.12800480769230768 0.16766826923076922
2 0.20072115384615385 0.7139423076923077 0.23737980769230768 0.18329326923076922
2 0.5564903846153846 0.4651442307692308 0.5318509615384616 0.6850961538461539
2 0.6995192307692307 0.2644230769230769 0.21724759615384615 0.2686298076923077
2 0.8834134615384616 0.30528846153846156 0.16015625 0.3371394230769231
2 0.8822115384615384 0.6394230769230769 0.22205528846153846 0.32271634615384615
2 0.7860576923076923 0.84375 0.3602764423076923 0.13010817307692307
2 0.04326923076923077 0.3389423076923077 0.08563701923076923 0.15354567307692307
0 0.040865384615384616 0.4579326923076923 0.05198317307692308 0.07061298076923077
0 0.056490384615384616 0.7475961538461539 0.0673076923076923 0.1015625
0 0.11538461538461539 0.07091346153846154 0.08263221153846154 0.09134615384615384
0 0.3401442307692308 0.09975961538461539 0.057692307692307696 0.0889423076923077
0 0.28725961538461536 0.17668269230769232 0.0694110576923077 0.07872596153846154
0 0.765625 0.36177884615384615 0.07542067307692307 0.10426682692307693
0 0.8209134615384616 0.43990384615384615 0.07211538461538461 0.07752403846153846
0 0.8197115384615384 0.5733173076923077 0.06760817307692307 0.07061298076923077
0 0.6514423076923077 0.6045673076923077 0.06640625 0.09134615384615384
0 0.765625 0.8305288461538461 0.07211538461538461 0.0946514423076923
0 0.2860576923076923 0.7007211538461539 0.07632211538461539 0.08413461538461539
0 0.16826923076923078 0.6634615384615384 0.061899038461538464 0.0811298076923077
0 0.06490384615384616 0.7451923076923077 0.05739182692307692 0.06790865384615384
0 0.17668269230769232 0.5360576923076923 0.0703125 0.09164663461538461
1 0.42427884615384615 0.1310096153846154 0.08653846153846154 0.02734375
1 0.5180288461538461 0.13701923076923078 0.08984375 0.03786057692307692
1 0.6826923076923077 0.13581730769230768 0.08653846153846154 0.03064903846153846
1 0.8641826923076923 0.13341346153846154 0.07932692307692307 0.021935096153846152
1 0.8689903846153846 0.7944711538461539 0.0889423076923077 0.03365384615384615
1 0.65625 0.796875 0.033353365384615384 0.017427884615384616
1 0.5276442307692307 0.7956730769230769 0.09885817307692307 0.03245192307692308
1 0.18990384615384615 0.7932692307692307 0.08653846153846154 0.029447115384615384
1 0.19591346153846154 0.1346153846153846 0.08653846153846154 0.01532451923076923