2 0.056490384615384616 0.14182692307692307 0.11298076923076923 0.2403846153846154
2 0.2439903846153846 0.078125 0.2860576923076923 0.15625
2 0.20552884615384615 0.28365384615384615 0.2569110576923077 0.30318509615384615
2 0.15144230769230768 0.5288461538461539 0.12890625 0.20703125
2 0.26322115384615385 0.5048076923076923 0.1084735576923077 0.15895432692307693
2 0.2091346153846154 0.7151442307692307 0.22506009615384615 0.16015625
2 0.5637019230769231 0.4675480769230769 0.5432692307692307 0.6896033653846154
2 0.7055288461538461 0.26802884615384615 0.19951923076923078 0.2569110576923077
2 0.8882211538461539 0.3088942307692308 0.18449519230769232 0.3446514423076923
2 0.8882211538461539 0.6418269230769231 0.18269230769230768 0.3115985576923077
2 0.7920673076923077 0.84375 0.35366586538461536 0.0967548076923077
2 0.052884615384615384 0.3425480769230769 0.09224759615384616 0.15384615384615385
0 0.04927884615384615 0.46033653846153844 0.055588942307692304 0.07421875
0 0.06610576923076923 0.7487980769230769 0.0703125 0.10306490384615384
0 0.12379807692307693 0.07572115384615384 0.07061298076923077 0.08353365384615384
0 0.3473557692307692 0.1045673076923077 0.05618990384615385 0.0889423076923077
0 0.2956730769230769 0.1814903846153846 0.0634014423076923 0.07481971153846154
0 0.7716346153846154 0.3641826923076923 0.08082932692307693 0.10727163461538461
0 0.8269230769230769 0.4423076923076923 0.07301682692307693 0.0811298076923077
0 0.8245192307692307 0.5757211538461539 0.06760817307692307 0.07061298076923077
0 0.6574519230769231 0.6069711538461539 0.0655048076923077 0.09314903846153846
0 0.7716346153846154 0.8305288461538461 0.0712139423076923 0.09375
0 0.29447115384615385 0.7019230769230769 0.06580528846153846 0.07602163461538461
0 0.17668269230769232 0.6646634615384616 0.06430288461538461 0.08323317307692307
0 0.07451923076923077 0.7451923076923077 0.06219951923076923 0.07211538461538461
0 0.18509615384615385 0.5384615384615384 0.06790865384615384 0.09044471153846154
1 0.43149038461538464 0.13581730769230768 0.08653846153846154 0.017127403846153848
1 0.5252403846153846 0.140625 0.08984375 0.031850961538461536
1 0.6887019230769231 0.13942307692307693 0.08653846153846154 0.019230769230769232
1 0.8689903846153846 0.13822115384615385 0.07872596153846154 0.025540865384615384
1 0.8737980769230769 0.7956730769230769 0.08834134615384616 0.034555288461538464
1 0.6622596153846154 0.796875 0.03155048076923077 0.017427884615384616
1 0.5336538461538461 0.7956730769230769 0.1006610576923077 0.02794471153846154
1 0.19831730769230768 0.7932692307692307 0.08443509615384616 0.03365384615384615
1 0.203125 0.13942307692307693 0.08653846153846154 0.014723557692307692