2 0.0985576923076923 0.19951923076923078 0.125 0.18359375
2 0.22115384615384615 0.1935096153846154 0.15504807692307693 0.19561298076923078
2 0.16706730769230768 0.4338942307692308 0.25 0.2956730769230769
2 0.16826923076923078 0.7019230769230769 0.2653245192307692 0.26352163461538464
2 0.35096153846153844 0.7836538461538461 0.12530048076923078 0.07692307692307693
2 0.5336538461538461 0.49399038461538464 0.5919471153846154 0.7163461538461539
2 0.3545673076923077 0.22235576923076922 0.14092548076923078 0.22776442307692307
2 0.33653846153846156 0.4026442307692308 0.1045673076923077 0.12980769230769232
2 0.6009615384615384 0.4675480769230769 0.3933293269230769 0.7274639423076923
2 0.8641826923076923 0.5769230769230769 0.2569110576923077 0.49429086538461536
1 0.5889423076923077 0.8353365384615384 0.22145432692307693 0.07842548076923077
1 0.7836538461538461 0.2247596153846154 0.03876201923076923 0.13161057692307693
1 0.9615384615384616 0.5336538461538461 0.047475961538461536 0.19230769230769232
0 0.8004807692307693 0.4423076923076923 0.06370192307692307 0.09615384615384616
0 0.4387019230769231 0.23317307692307693 0.059495192307692304 0.09555288461538461
0 0.17548076923076922 0.2283653846153846 0.06820913461538461 0.09164663461538461
0 0.31009615384615385 0.22596153846153846 0.07271634615384616 0.09044471153846154
0 0.265625 0.5300480769230769 0.06520432692307693 0.08984375
0 0.3581730769230769 0.5192307692307693 0.057992788461538464 0.10006009615384616
0 0.33774038461538464 0.7043269230769231 0.06400240384615384 0.10997596153846154
0 0.33774038461538464 0.8846153846153846 0.07692307692307693 0.14543269230769232
0 0.265625 0.6418269230769231 0.060396634615384616 0.10036057692307693
1 0.1310096153846154 0.09014423076923077 0.03365384615384615 0.04537259615384615
1 0.22355769230769232 0.0889423076923077 0.10967548076923077 0.0625
1 0.3161057692307692 0.09254807692307693 0.05498798076923077 0.04807692307692308
1 0.040865384615384616 0.5012019230769231 0.047776442307692304 0.1424278846153846
1 0.039663461538461536 0.6622596153846154 0.03155048076923077 0.13251201923076922