2 0.09975961538461539 0.21033653846153846 0.13251201923076922 0.19381009615384615
2 0.22596153846153846 0.20432692307692307 0.13521634615384615 0.18780048076923078
2 0.16947115384615385 0.4543269230769231 0.2725360576923077 0.31700721153846156
2 0.17067307692307693 0.7331730769230769 0.2590144230769231 0.2536057692307692
2 0.36177884615384615 0.8185096153846154 0.12800480769230768 0.07992788461538461
2 0.5504807692307693 0.5168269230769231 0.55859375 0.7124399038461539
2 0.3641826923076923 0.234375 0.14573317307692307 0.23707932692307693
2 0.34615384615384615 0.421875 0.09525240384615384 0.1268028846153846
2 0.6201923076923077 0.4891826923076923 0.5108173076923077 0.7803485576923077
2 0.890625 0.6021634615384616 0.21875 0.5120192307692307
1 0.6081730769230769 0.8713942307692307 0.22716346153846154 0.0625
1 0.8100961538461539 0.23677884615384615 0.047776442307692304 0.13731971153846154
1 0.9855769230769231 0.5564903846153846 0.028846153846153848 0.19951923076923078
0 0.828125 0.4639423076923077 0.06400240384615384 0.10006009615384616
0 0.4519230769230769 0.24519230769230768 0.057992788461538464 0.09705528846153846
0 0.1778846153846154 0.2403846153846154 0.0712139423076923 0.09194711538461539
0 0.31850961538461536 0.23798076923076922 0.06490384615384616 0.0859375
0 0.27163461538461536 0.5540865384615384 0.06760817307692307 0.09435096153846154
0 0.36899038461538464 0.5432692307692307 0.0625 0.1015625
0 0.3473557692307692 0.7355769230769231 0.05979567307692308 0.11117788461538461
0 0.34615384615384615 0.9230769230769231 0.07271634615384616 0.15294471153846154
0 0.27283653846153844 0.6706730769230769 0.06971153846153846 0.10606971153846154
1 0.13221153846153846 0.09735576923076923 0.03395432692307692 0.04567307692307692
1 0.2283653846153846 0.09615384615384616 0.10997596153846154 0.048677884615384616
1 0.32572115384615385 0.09975961538461539 0.055588942307692304 0.049879807692307696
1 0.039663461538461536 0.5240384615384616 0.04056490384615385 0.14933894230769232
1 0.038461538461538464 0.6911057692307693 0.030048076923076924 0.13731971153846154