2 0.07932692307692307 0.17427884615384615 0.12590144230769232 0.19080528846153846
2 0.20552884615384615 0.16706730769230768 0.1346153846153846 0.18599759615384615
2 0.14903846153846154 0.4170673076923077 0.25570913461538464 0.3055889423076923
2 0.1502403846153846 0.6959134615384616 0.25961538461538464 0.2548076923076923
2 0.3401442307692308 0.78125 0.12980769230769232 0.08173076923076923
2 0.5300480769230769 0.4795673076923077 0.5303485576923077 0.6908052884615384
2 0.34375 0.1971153846153846 0.14453125 0.23587740384615385
2 0.32572115384615385 0.3858173076923077 0.11388221153846154 0.13762019230769232
2 0.5997596153846154 0.4519230769230769 0.3894230769230769 0.74609375
2 0.8713942307692307 0.5649038461538461 0.25721153846153844 0.5144230769230769
1 0.5877403846153846 0.8341346153846154 0.22896634615384615 0.0733173076923077
1 0.7896634615384616 0.19951923076923078 0.04056490384615385 0.13551682692307693
1 0.9735576923076923 0.5204326923076923 0.033353365384615384 0.19951923076923078
0 0.8076923076923077 0.4266826923076923 0.057992788461538464 0.09765625
0 0.43149038461538464 0.20793269230769232 0.06520432692307693 0.09885817307692307
0 0.15745192307692307 0.203125 0.06460336538461539 0.09134615384615384
0 0.2980769230769231 0.20192307692307693 0.07632211538461539 0.09495192307692307
0 0.2512019230769231 0.5180288461538461 0.06099759615384615 0.09314903846153846
0 0.3485576923076923 0.5060096153846154 0.051682692307692304 0.10096153846153846
0 0.3269230769230769 0.6983173076923077 0.06280048076923077 0.11298076923076923
0 0.32572115384615385 0.8858173076923077 0.060697115384615384 0.14753605769230768
0 0.25240384615384615 0.6334134615384616 0.05348557692307692 0.09885817307692307
1 0.11177884615384616 0.06009615384615385 0.039963942307692304 0.047475961538461536
1 0.20793269230769232 0.05889423076923077 0.1123798076923077 0.06009615384615385
1 0.30528846153846156 0.0625 0.052584134615384616 0.04326923076923077
1 0.021634615384615384 0.4855769230769231 0.04326923076923077 0.14903846153846154
1 0.018028846153846152 0.6538461538461539 0.025841346153846152 0.13912259615384615