2 0.3870192307692308 0.32572115384615385 0.4522235576923077 0.6027644230769231
2 0.5444711538461539 0.38461538461538464 0.11778846153846154 0.22686298076923078
2 0.59375 0.38341346153846156 0.2686298076923077 0.6986177884615384
2 0.7584134615384616 0.7379807692307693 0.14182692307692307 0.24459134615384615
2 0.7584134615384616 0.42908653846153844 0.1658653846153846 0.3701923076923077
2 0.7391826923076923 0.14543269230769232 0.19080528846153846 0.22355769230769232
2 0.21875 0.44471153846153844 0.07181490384615384 0.3317307692307692
0 0.23918269230769232 0.33052884615384615 0.051382211538461536 0.07421875
0 0.31850961538461536 0.24158653846153846 0.04567307692307692 0.06580528846153846
0 0.5528846153846154 0.2980769230769231 0.047475961538461536 0.07782451923076923
0 0.5540865384615384 0.484375 0.03064903846153846 0.05979567307692308
0 0.4963942307692308 0.5300480769230769 0.038461538461538464 0.05108173076923077
0 0.4987980769230769 0.5805288461538461 0.04176682692307692 0.055588942307692304
0 0.5360576923076923 0.7211538461538461 0.0390625 0.11598557692307693
0 0.6826923076923077 0.6887019230769231 0.04417067307692308 0.06430288461538461
0 0.6646634615384616 0.375 0.036959134615384616 0.052584134615384616
0 0.6646634615384616 0.2800480769230769 0.04326923076923077 0.06400240384615384
0 0.671875 0.22235576923076922 0.039963942307692304 0.05108173076923077
0 0.6177884615384616 0.5204326923076923 0.034254807692307696 0.059194711538461536
1 0.39783653846153844 0.038461538461538464 0.06911057692307693 0.028545673076923076
1 0.5228365384615384 0.042067307692307696 0.08653846153846154 0.022536057692307692
1 0.6334134615384616 0.039663461538461536 0.03635817307692308 0.021935096153846152
1 0.7019230769230769 0.039663461538461536 0.08713942307692307 0.022235576923076924
1 0.8245192307692307 0.3581730769230769 0.034254807692307696 0.12439903846153846
1 0.8245192307692307 0.5048076923076923 0.009915865384615384 0.14362980769230768
1 0.8257211538461539 0.7596153846153846 0.009615384615384616 0.19260817307692307
1 0.25240384615384615 0.4675480769230769 0.03876201923076923 0.2049278846153846
1 0.18509615384615385 0.203125 0.013221153846153846 0.14152644230769232