2 0.39302884615384615 0.3329326923076923 0.4924879807692308 0.6234975961538461
2 0.5504807692307693 0.3918269230769231 0.1015625 0.23076923076923078
2 0.6009615384615384 0.390625 0.23527644230769232 0.6956129807692307
2 0.7668269230769231 0.7475961538461539 0.15925480769230768 0.25390625
2 0.7668269230769231 0.4362980769230769 0.1385216346153846 0.36538461538461536
2 0.7475961538461539 0.1502403846153846 0.16826923076923078 0.20823317307692307
2 0.22355769230769232 0.4519230769230769 0.08743990384615384 0.33533653846153844
0 0.2439903846153846 0.33653846153846156 0.05618990384615385 0.0772235576923077
0 0.3233173076923077 0.24759615384615385 0.049879807692307696 0.06760817307692307
0 0.5600961538461539 0.30408653846153844 0.03365384615384615 0.07481971153846154
0 0.5612980769230769 0.49278846153846156 0.03064903846153846 0.061899038461538464
0 0.5024038461538461 0.5372596153846154 0.0390625 0.05108173076923077
0 0.5060096153846154 0.5889423076923077 0.04957932692307692 0.057992788461538464
0 0.5420673076923077 0.7307692307692307 0.045072115384615384 0.12049278846153846
0 0.6899038461538461 0.6971153846153846 0.043569711538461536 0.06640625
0 0.671875 0.38221153846153844 0.04146634615384615 0.054086538461538464
0 0.671875 0.2860576923076923 0.038461538461538464 0.05859375
0 0.6790865384615384 0.2283653846153846 0.04056490384615385 0.05348557692307692
0 0.625 0.5288461538461539 0.033052884615384616 0.057992788461538464
1 0.40384615384615385 0.04326923076923077 0.06760817307692307 0.029747596153846152
1 0.5300480769230769 0.046875 0.08653846153846154 0.025540865384615384
1 0.640625 0.04447115384615385 0.03635817307692308 0.021334134615384616
1 0.7103365384615384 0.04447115384615385 0.08924278846153846 0.014423076923076924
1 0.8329326923076923 0.36538461538461536 0.03125 0.12590144230769232
1 0.8329326923076923 0.5132211538461539 0.021334134615384616 0.14573317307692307
1 0.8341346153846154 0.7692307692307693 0.043870192307692304 0.1875
1 0.25721153846153844 0.47475961538461536 0.04296875 0.20462740384615385
1 0.18990384615384615 0.20793269230769232 0.009014423076923076 0.14423076923076922