2 0.3786057692307692 0.32091346153846156 0.42037259615384615 0.5838341346153846
2 0.5372596153846154 0.3798076923076923 0.07992788461538461 0.22175480769230768
2 0.5865384615384616 0.3786057692307692 0.33203125 0.7004206730769231
2 0.7524038461538461 0.7355769230769231 0.17247596153846154 0.25450721153846156
2 0.7524038461538461 0.4254807692307692 0.14032451923076922 0.36538461538461536
2 0.7331730769230769 0.13822115384615385 0.16826923076923078 0.20823317307692307
2 0.21033653846153846 0.43990384615384615 0.09825721153846154 0.3323317307692308
0 0.23076923076923078 0.3245192307692308 0.056790865384615384 0.07662259615384616
0 0.31009615384615385 0.23557692307692307 0.047475961538461536 0.06640625
0 0.546875 0.2920673076923077 0.04026442307692308 0.07542067307692307
0 0.546875 0.4807692307692308 0.03665865384615385 0.061899038461538464
0 0.4891826923076923 0.5264423076923077 0.031850961538461536 0.048677884615384616
0 0.49158653846153844 0.5769230769230769 0.04657451923076923 0.057992788461538464
0 0.5288461538461539 0.71875 0.047475961538461536 0.12049278846153846
0 0.6766826923076923 0.6862980769230769 0.04176682692307692 0.06460336538461539
0 0.6586538461538461 0.3701923076923077 0.038461538461538464 0.05228365384615385
0 0.6574519230769231 0.27403846153846156 0.04146634615384615 0.06219951923076923
0 0.6646634615384616 0.21634615384615385 0.04056490384615385 0.05228365384615385
0 0.6105769230769231 0.5168269230769231 0.029447115384615384 0.05739182692307692
1 0.3894230769230769 0.03125 0.06820913461538461 0.024338942307692308
1 0.515625 0.03485576923076923 0.08473557692307693 0.03155048076923077
1 0.6262019230769231 0.03245192307692308 0.03635817307692308 0.022536057692307692
1 0.6959134615384616 0.03365384615384615 0.08924278846153846 0.015024038461538462
1 0.8185096153846154 0.35336538461538464 0.012620192307692308 0.13010817307692307
1 0.8197115384615384 0.5012019230769231 0.029747596153846152 0.14152644230769232
1 0.8197115384615384 0.7572115384615384 0.02403846153846154 0.19591346153846154
1 0.2439903846153846 0.46274038461538464 0.051382211538461536 0.19981971153846154
1 0.17668269230769232 0.1971153846153846 0.02403846153846154 0.14302884615384615