2 0.14182692307692307 0.28966346153846156 0.2785456730769231 0.30078125
2 0.09495192307692307 0.6382211538461539 0.18990384615384615 0.41586538461538464
2 0.07932692307692307 0.8846153846153846 0.14903846153846154 0.0859375
2 0.3581730769230769 0.29086538461538464 0.14423076923076922 0.29837740384615385
2 0.3641826923076923 0.5865384615384616 0.16015625 0.2887620192307692
2 0.36538461538461536 0.8197115384615384 0.15264423076923078 0.19230769230769232
2 0.22716346153846154 0.8245192307692307 0.15564903846153846 0.19170673076923078
2 0.21394230769230768 0.6225961538461539 0.1739783653846154 0.22025240384615385
2 0.21153846153846154 0.4807692307692308 0.1544471153846154 0.08082932692307693
2 0.6778846153846154 0.4987980769230769 0.44140625 0.7082331730769231
2 0.7944711538461539 0.6045673076923077 0.19501201923076922 0.12770432692307693
2 0.7524038461538461 0.7896634615384616 0.2920673076923077 0.27554086538461536
2 0.8028846153846154 0.07451923076923077 0.18269230769230768 0.14903846153846154
2 0.34134615384615385 0.0733173076923077 0.1875 0.1466346153846154
1 0.16947115384615385 0.13942307692307693 0.06520432692307693 0.020432692307692308
1 0.5841346153846154 0.14423076923076922 0.14002403846153846 0.034254807692307696
1 0.7596153846153846 0.9182692307692307 0.11568509615384616 0.028545673076923076
1 0.34375 0.9170673076923077 0.03876201923076923 0.021935096153846152
1 0.27283653846153844 0.9194711538461539 0.04146634615384615 0.02403846153846154
1 0.7596153846153846 0.14423076923076922 0.06790865384615384 0.028846153846153848
0 0.10216346153846154 0.13942307692307693 0.08864182692307693 0.14813701923076922
0 0.3545673076923077 0.11778846153846154 0.0673076923076923 0.08713942307692307
0 0.8293269230769231 0.14423076923076922 0.06700721153846154 0.14813701923076922
0 0.6850961538461539 0.6189903846153846 0.0625 0.0751201923076923
0 0.6514423076923077 0.6838942307692307 0.06370192307692307 0.08022836538461539
0 0.5552884615384616 0.8197115384615384 0.07782451923076923 0.10036057692307693
0 0.5564903846153846 0.9507211538461539 0.06971153846153846 0.09314903846153846
0 0.11057692307692307 0.9471153846153846 0.07662259615384616 0.09585336538461539
0 0.10336538461538461 0.8185096153846154 0.07752403846153846 0.08984375
0 0.11057692307692307 0.5540865384615384 0.06820913461538461 0.07421875
0 0.23798076923076922 0.5492788461538461 0.05348557692307692 0.07421875
0 0.3112980769230769 0.5637019230769231 0.06580528846153846 0.06460336538461539
0 0.34975961538461536 0.46634615384615385 0.05979567307692308 0.0811298076923077
0 0.25841346153846156 0.7055288461538461 0.060697115384615384 0.0751201923076923
0 0.2764423076923077 0.7716346153846154 0.06700721153846154 0.07181490384615384