2 0.140625 0.29086538461538464 0.28125 0.3269230769230769
2 0.08653846153846154 0.6466346153846154 0.17307692307692307 0.4230769230769231
2 0.06971153846153846 0.8954326923076923 0.13942307692307693 0.07932692307692307
2 0.35096153846153844 0.29086538461538464 0.20072115384615385 0.31790865384615385
2 0.3557692307692308 0.59375 0.18299278846153846 0.29867788461538464
2 0.3581730769230769 0.8317307692307693 0.13521634615384615 0.18659855769230768
2 0.21634615384615385 0.8377403846153846 0.15324519230769232 0.19080528846153846
2 0.20192307692307693 0.6298076923076923 0.16466346153846154 0.21574519230769232
2 0.20072115384615385 0.48677884615384615 0.16165865384615385 0.10366586538461539
2 0.6754807692307693 0.5048076923076923 0.5444711538461539 0.7689302884615384
2 0.7944711538461539 0.6117788461538461 0.19411057692307693 0.10877403846153846
2 0.7524038461538461 0.8016826923076923 0.30228365384615385 0.2854567307692308
2 0.8040865384615384 0.07211538461538461 0.18509615384615385 0.14423076923076922
2 0.3317307692307692 0.07091346153846154 0.1875 0.14182692307692307
1 0.15625 0.13701923076923078 0.0673076923076923 0.028245192307692308
1 0.5805288461538461 0.14302884615384615 0.14423076923076922 0.030949519230769232
1 0.7596153846153846 0.9326923076923077 0.11989182692307693 0.03786057692307692
1 0.33533653846153844 0.9314903846153846 0.04176682692307692 0.03064903846153846
1 0.26322115384615385 0.9338942307692307 0.04176682692307692 0.02403846153846154
1 0.7596153846153846 0.14182692307692307 0.06820913461538461 0.028245192307692308
0 0.0889423076923077 0.13701923076923078 0.08173076923076923 0.14873798076923078
0 0.34615384615384615 0.1141826923076923 0.06760817307692307 0.08954326923076923
0 0.8317307692307693 0.14302884615384615 0.05889423076923077 0.14903846153846154
0 0.6838942307692307 0.6274038461538461 0.06490384615384616 0.0772235576923077
0 0.6490384615384616 0.6935096153846154 0.06640625 0.08413461538461539
0 0.5516826923076923 0.8317307692307693 0.06490384615384616 0.09555288461538461
0 0.5504807692307693 0.9567307692307693 0.07692307692307693 0.08653846153846154
0 0.09615384615384616 0.9555288461538461 0.08173076923076923 0.0889423076923077
0 0.09014423076923077 0.8305288461538461 0.07692307692307693 0.08954326923076923
0 0.09735576923076923 0.5612980769230769 0.06971153846153846 0.0751201923076923
0 0.22716346153846154 0.5552884615384616 0.06400240384615384 0.08052884615384616
0 0.3016826923076923 0.5709134615384616 0.06430288461538461 0.060697115384615384
0 0.34134615384615385 0.4699519230769231 0.06310096153846154 0.08383413461538461
0 0.24879807692307693 0.7151442307692307 0.05979567307692308 0.07692307692307693
0 0.2668269230769231 0.7824519230769231 0.06129807692307692 0.0655048076923077