2 0.1346153846153846 0.28846153846153844 0.2692307692307692 0.3125
2 0.08653846153846154 0.6550480769230769 0.17307692307692307 0.43028846153846156
2 0.06850961538461539 0.9098557692307693 0.13701923076923078 0.0889423076923077
2 0.34975961538461536 0.28966346153846156 0.1463341346153846 0.31009615384615385
2 0.3557692307692308 0.5997596153846154 0.15865384615384615 0.2995793269230769
2 0.3581730769230769 0.84375 0.14903846153846154 0.19681490384615385
2 0.21394230769230768 0.8485576923076923 0.15955528846153846 0.19771634615384615
2 0.19831730769230768 0.6370192307692307 0.17548076923076922 0.22536057692307693
2 0.1971153846153846 0.4891826923076923 0.16436298076923078 0.0985576923076923
2 0.6826923076923077 0.5084134615384616 0.4657451923076923 0.7430889423076923
2 0.8040865384615384 0.6177884615384616 0.20432692307692307 0.1346153846153846
2 0.7608173076923077 0.8125 0.28575721153846156 0.2683293269230769
2 0.8137019230769231 0.07211538461538461 0.18990384615384615 0.14423076923076922
2 0.3317307692307692 0.06971153846153846 0.19230769230769232 0.13942307692307693
1 0.15264423076923078 0.13221153846153846 0.0694110576923077 0.019230769230769232
1 0.5853365384615384 0.13822115384615385 0.1463341346153846 0.036959134615384616
1 0.7692307692307693 0.9471153846153846 0.12049278846153846 0.033052884615384616
1 0.33413461538461536 0.9447115384615384 0.043870192307692304 0.029447115384615384
1 0.2608173076923077 0.9483173076923077 0.04326923076923077 0.019230769230769232
1 0.7692307692307693 0.13701923076923078 0.06790865384615384 0.033353365384615384
0 0.0829326923076923 0.13221153846153846 0.08864182692307693 0.15384615384615385
0 0.34615384615384615 0.109375 0.0625 0.0889423076923077
0 0.8413461538461539 0.13822115384615385 0.0868389423076923 0.15715144230769232
0 0.6911057692307693 0.6346153846153846 0.07001201923076923 0.08203125
0 0.6550480769230769 0.7019230769230769 0.0790264423076923 0.09495192307692307
0 0.5552884615384616 0.84375 0.07782451923076923 0.10216346153846154
0 0.5552884615384616 0.9639423076923077 0.07692307692307693 0.07211538461538461
0 0.0889423076923077 0.9627403846153846 0.07211538461538461 0.07451923076923077
0 0.08413461538461539 0.8425480769230769 0.08263221153846154 0.09795673076923077
0 0.09134615384615384 0.5661057692307693 0.07181490384615384 0.07842548076923077
0 0.2247596153846154 0.5600961538461539 0.0625 0.08143028846153846
0 0.3004807692307692 0.5757211538461539 0.0712139423076923 0.06881009615384616
0 0.34134615384615385 0.4735576923076923 0.0634014423076923 0.08623798076923077
0 0.24639423076923078 0.7247596153846154 0.0655048076923077 0.08022836538461539
0 0.2644230769230769 0.7932692307692307 0.06820913461538461 0.07602163461538461