2 0.10817307692307693 0.4098557692307692 0.21634615384615385 0.6995192307692307
2 0.42427884615384615 0.42427884615384615 0.6177884615384616 0.7578125
2 0.24278846153846154 0.6346153846153846 0.19170673076923078 0.28846153846153844
2 0.4951923076923077 0.6959134615384616 0.10516826923076923 0.17157451923076922
2 0.7115384615384616 0.6875 0.17698317307692307 0.2010216346153846
2 0.7415865384615384 0.5084134615384616 0.09885817307692307 0.15594951923076922
2 0.6983173076923077 0.2439903846153846 0.22926682692307693 0.3581730769230769
2 0.515625 0.24519230769230768 0.22265625 0.3551682692307692
1 0.22596153846153846 0.055288461538461536 0.09705528846153846 0.04266826923076923
1 0.36177884615384615 0.06009615384615385 0.04567307692307692 0.038161057692307696
1 0.5444711538461539 0.05889423076923077 0.07421875 0.045072115384615384
1 0.7331730769230769 0.06009615384615385 0.06760817307692307 0.03365384615384615
1 0.15144230769230768 0.17427884615384615 0.023737980769230768 0.20432692307692307
1 0.15264423076923078 0.6213942307692307 0.04026442307692308 0.125
0 0.15504807692307693 0.4266826923076923 0.1123798076923077 0.10787259615384616
0 0.49278846153846156 0.3786057692307692 0.05709134615384615 0.09825721153846154
0 0.5384615384615384 0.6334134615384616 0.06610576923076923 0.08443509615384616
0 0.6670673076923077 0.46033653846153844 0.04567307692307692 0.09915865384615384
0 0.6646634615384616 0.5516826923076923 0.060396634615384616 0.08383413461538461
0 0.7199519230769231 0.6382211538461539 0.057692307692307696 0.10276442307692307
0 0.6069711538461539 0.7920673076923077 0.09945913461538461 0.21394230769230768