2 0.0733173076923077 0.4362980769230769 0.1466346153846154 0.7283653846153846
2 0.40625 0.45072115384615385 0.5676081730769231 0.7289663461538461
2 0.22115384615384615 0.6634615384615384 0.18810096153846154 0.2893629807692308
2 0.47716346153846156 0.7259615384615384 0.1219951923076923 0.17878605769230768
2 0.6971153846153846 0.7175480769230769 0.17818509615384615 0.20432692307692307
2 0.7283653846153846 0.5348557692307693 0.09555288461538461 0.15234375
2 0.6838942307692307 0.2668269230769231 0.19020432692307693 0.3467548076923077
2 0.4987980769230769 0.26802884615384615 0.2322716346153846 0.36268028846153844
1 0.20432692307692307 0.07572115384615384 0.10126201923076923 0.045973557692307696
1 0.3425480769230769 0.08052884615384616 0.050180288461538464 0.04326923076923077
1 0.5276442307692307 0.07932692307692307 0.07391826923076923 0.0390625
1 0.71875 0.07932692307692307 0.0733173076923077 0.04717548076923077
1 0.12860576923076922 0.19591346153846154 0.05438701923076923 0.20402644230769232
1 0.12980769230769232 0.6502403846153846 0.018629807692307692 0.12770432692307693
0 0.13221153846153846 0.453125 0.11448317307692307 0.10817307692307693
0 0.47596153846153844 0.40384615384615385 0.061899038461538464 0.10096153846153846
0 0.5216346153846154 0.6622596153846154 0.057692307692307696 0.08173076923076923
0 0.6514423076923077 0.48677884615384615 0.05348557692307692 0.10306490384615384
0 0.6502403846153846 0.5793269230769231 0.059194711538461536 0.0859375
0 0.7067307692307693 0.6670673076923077 0.052884615384615384 0.1024639423076923
0 0.5913461538461539 0.8233173076923077 0.0625 0.21424278846153846