2 0.09375 0.4230769230769231 0.09975961538461539 0.6968149038461539
2 0.41466346153846156 0.4362980769230769 0.52734375 0.6890024038461539
2 0.23798076923076922 0.640625 0.18780048076923078 0.28125
2 0.4831730769230769 0.7007211538461539 0.09134615384615384 0.16135817307692307
2 0.6947115384615384 0.6923076923076923 0.17848557692307693 0.2010216346153846
2 0.7247596153846154 0.5168269230769231 0.11268028846153846 0.15865384615384615
2 0.6814903846153846 0.25961538461538464 0.2088341346153846 0.3464543269230769
2 0.5036057692307693 0.2608173076923077 0.16676682692307693 0.32962740384615385
1 0.22235576923076922 0.07572115384615384 0.09765625 0.050180288461538464
1 0.3545673076923077 0.08052884615384616 0.04176682692307692 0.03545673076923077
1 0.53125 0.07932692307692307 0.0733173076923077 0.04717548076923077
1 0.7151442307692307 0.08052884615384616 0.0673076923076923 0.03545673076923077
1 0.14903846153846154 0.19230769230769232 0.043569711538461536 0.20072115384615385
1 0.1502403846153846 0.6274038461538461 0.030348557692307692 0.12469951923076923
0 0.15264423076923078 0.4387019230769231 0.10396634615384616 0.09885817307692307
0 0.48197115384615385 0.390625 0.060396634615384616 0.09825721153846154
0 0.5264423076923077 0.6394230769230769 0.06640625 0.08533653846153846
0 0.6514423076923077 0.4699519230769231 0.048978365384615384 0.0985576923076923
0 0.6490384615384616 0.5588942307692307 0.05228365384615385 0.07842548076923077
0 0.703125 0.6442307692307693 0.05498798076923077 0.10036057692307693
0 0.5925480769230769 0.7932692307692307 0.0751201923076923 0.21033653846153846