2 0.7223557692307693 0.8016826923076923 0.2626201923076923 0.2722355769230769
2 0.5348557692307693 0.8389423076923077 0.13792067307692307 0.18659855769230768
2 0.7007211538461539 0.5733173076923077 0.30618990384615385 0.21634615384615385
2 0.5060096153846154 0.6057692307692307 0.0790264423076923 0.11959134615384616
2 0.4855769230769231 0.39663461538461536 0.7653245192307693 0.75390625
2 0.9182692307692307 0.2608173076923077 0.14903846153846154 0.4489182692307692
2 0.31490384615384615 0.1658653846153846 0.3936298076923077 0.28275240384615385
0 0.3557692307692308 0.26802884615384615 0.078125 0.08022836538461539
0 0.8509615384615384 0.24879807692307693 0.13942307692307693 0.06430288461538461
0 0.4266826923076923 0.7596153846153846 0.0694110576923077 0.1385216346153846
0 0.5180288461538461 0.6850961538461539 0.05438701923076923 0.054086538461538464
0 0.5733173076923077 0.6862980769230769 0.04176682692307692 0.05108173076923077
0 0.625 0.703125 0.07151442307692307 0.05438701923076923
0 0.5276442307692307 0.7331730769230769 0.04176682692307692 0.05318509615384615
1 0.11057692307692307 0.38100961538461536 0.034555288461538464 0.13731971153846154
1 0.109375 0.59375 0.02734375 0.1388221153846154
1 0.2608173076923077 0.03125 0.09885817307692307 0.019831730769230768
1 0.37740384615384615 0.03485576923076923 0.1015625 0.02403846153846154