2 0.71875 0.8317307692307693 0.2692307692307692 0.27944711538461536
2 0.5228365384615384 0.8701923076923077 0.13191105769230768 0.18689903846153846
2 0.6959134615384616 0.5949519230769231 0.3094951923076923 0.19921875
2 0.49399038461538464 0.6286057692307693 0.10276442307692307 0.1328125
2 0.4699519230769231 0.41466346153846156 0.8533653846153846 0.8293269230769231
2 0.9074519230769231 0.2692307692307692 0.18509615384615385 0.46153846153846156
2 0.2956730769230769 0.171875 0.3987379807692308 0.27403846153846156
0 0.33774038461538464 0.2776442307692308 0.09134615384615384 0.09375
0 0.8509615384615384 0.25721153846153844 0.14483173076923078 0.06790865384615384
0 0.4110576923076923 0.7872596153846154 0.08263221153846154 0.14693509615384615
0 0.5048076923076923 0.7103365384615384 0.05198317307692308 0.051382211538461536
0 0.5625 0.7115384615384616 0.0390625 0.048978365384615384
0 0.6165865384615384 0.7283653846153846 0.07872596153846154 0.061899038461538464
0 0.515625 0.7608173076923077 0.04567307692307692 0.05618990384615385
1 0.08173076923076923 0.3954326923076923 0.0390625 0.14212740384615385
1 0.08052884615384616 0.6153846153846154 0.03545673076923077 0.14393028846153846
1 0.23798076923076922 0.03125 0.10486778846153846 0.028545673076923076
1 0.359375 0.03485576923076923 0.10787259615384616 0.035757211538461536