2 0.7235576923076923 0.7896634615384616 0.23677884615384615 0.25
2 0.5396634615384616 0.8269230769230769 0.13131009615384615 0.1775841346153846
2 0.7019230769230769 0.5661057692307693 0.29867788461538464 0.20943509615384615
2 0.5120192307692307 0.5985576923076923 0.0811298076923077 0.11959134615384616
2 0.49038461538461536 0.39302884615384615 0.79296875 0.7806490384615384
2 0.9146634615384616 0.2608173076923077 0.15204326923076922 0.4402043269230769
2 0.3245192307692308 0.16706730769230768 0.4128605769230769 0.3254206730769231
0 0.3641826923076923 0.26802884615384615 0.07692307692307693 0.07932692307692307
0 0.8485576923076923 0.24879807692307693 0.1388221153846154 0.0625
0 0.4338942307692308 0.7487980769230769 0.08473557692307693 0.13762019230769232
0 0.5228365384615384 0.6754807692307693 0.046274038461538464 0.04837740384615385
0 0.5769230769230769 0.6766826923076923 0.04326923076923077 0.05078125
0 0.6286057692307693 0.6935096153846154 0.07451923076923077 0.060697115384615384
0 0.5324519230769231 0.7235576923076923 0.04026442307692308 0.052884615384615384
1 0.12379807692307693 0.3786057692307692 0.02734375 0.13671875
1 0.12259615384615384 0.5865384615384616 0.024939903846153848 0.1346153846153846
1 0.2704326923076923 0.03485576923076923 0.09795673076923077 0.027043269230769232
1 0.3858173076923077 0.038461538461538464 0.10096153846153846 0.024639423076923076