2 0.3605769230769231 0.15625 0.2608173076923077 0.2890625
2 0.3605769230769231 0.4182692307692308 0.26893028846153844 0.24609375
2 0.2668269230769231 0.5769230769230769 0.05829326923076923 0.08623798076923077
2 0.3233173076923077 0.5817307692307693 0.07001201923076923 0.0859375
2 0.3605769230769231 0.6634615384615384 0.25 0.25540865384615385
2 0.5829326923076923 0.4170673076923077 0.15685096153846154 0.23768028846153846
2 0.7103365384615384 0.4182692307692308 0.13671875 0.22626201923076922
2 0.6466346153846154 0.6670673076923077 0.2842548076923077 0.28365384615384615
0 0.7019230769230769 0.7716346153846154 0.04417067307692308 0.05318509615384615
0 0.41947115384615385 0.8269230769230769 0.052884615384615384 0.07211538461538461
0 0.3894230769230769 0.32572115384615385 0.047776442307692304 0.05498798076923077
1 0.3088942307692308 0.30408653846153844 0.09134615384615384 0.016826923076923076
1 0.4338942307692308 0.30528846153846156 0.052884615384615384 0.015024038461538462
1 0.5925480769230769 0.3004807692307692 0.0928485576923077 0.03275240384615385
1 0.7007211538461539 0.30288461538461536 0.08022836538461539 0.024939903846153848
1 0.6237980769230769 0.7992788461538461 0.0694110576923077 0.021033653846153848
1 0.33774038461538464 0.7956730769230769 0.07481971153846154 0.019831730769230768
0 0.37259615384615385 0.5673076923076923 0.03936298076923077 0.04807692307692308