2 0.3605769230769231 0.1622596153846154 0.28455528846153844 0.3097956730769231
2 0.3605769230769231 0.4230769230769231 0.25540865384615385 0.23197115384615385
2 0.26802884615384615 0.5817307692307693 0.04807692307692308 0.08203125
2 0.3245192307692308 0.5853365384615384 0.061899038461538464 0.08173076923076923
2 0.36177884615384615 0.6682692307692307 0.2899639423076923 0.2926682692307692
2 0.5817307692307693 0.421875 0.14002403846153846 0.23076923076923078
2 0.7091346153846154 0.42427884615384615 0.11478365384615384 0.21814903846153846
2 0.6454326923076923 0.6706730769230769 0.2815504807692308 0.28275240384615385
0 0.6995192307692307 0.7752403846153846 0.03876201923076923 0.05078125
0 0.41947115384615385 0.8305288461538461 0.0546875 0.07001201923076923
0 0.3894230769230769 0.3317307692307692 0.04717548076923077 0.053786057692307696
1 0.3088942307692308 0.31009615384615385 0.08804086538461539 0.03365384615384615
1 0.4338942307692308 0.3112980769230769 0.052884615384615384 0.012620192307692308
1 0.5925480769230769 0.30649038461538464 0.09344951923076923 0.030348557692307692
1 0.6995192307692307 0.3088942307692308 0.08203125 0.016526442307692308
1 0.6225961538461539 0.8028846153846154 0.06760817307692307 0.027644230769230768
1 0.3389423076923077 0.7992788461538461 0.07662259615384616 0.02403846153846154
0 0.37259615384615385 0.5721153846153846 0.04717548076923077 0.05228365384615385