2 0.359375 0.16346153846153846 0.3043870192307692 0.3230168269230769
2 0.3605769230769231 0.42427884615384615 0.2782451923076923 0.25961538461538464
2 0.2668269230769231 0.5829326923076923 0.052884615384615384 0.08383413461538461
2 0.3233173076923077 0.5865384615384616 0.06009615384615385 0.078125
2 0.3605769230769231 0.6694711538461539 0.28455528846153844 0.29086538461538464
2 0.5817307692307693 0.4230769230769231 0.1580528846153846 0.23557692307692307
2 0.7079326923076923 0.42427884615384615 0.1123798076923077 0.21634615384615385
2 0.6442307692307693 0.671875 0.25991586538461536 0.26171875
0 0.6995192307692307 0.7764423076923077 0.03936298076923077 0.05198317307692308
0 0.4182692307692308 0.8317307692307693 0.046875 0.06760817307692307
0 0.38822115384615385 0.3329326923076923 0.04657451923076923 0.055588942307692304
1 0.3088942307692308 0.31009615384615385 0.08924278846153846 0.02283653846153846
1 0.4326923076923077 0.3125 0.052884615384615384 0.010817307692307692
1 0.5913461538461539 0.3076923076923077 0.09044471153846154 0.03395432692307692
1 0.6995192307692307 0.31009615384615385 0.08203125 0.01893028846153846
1 0.6213942307692307 0.8040865384615384 0.0694110576923077 0.025841346153846152
1 0.33774038461538464 0.8004807692307693 0.07481971153846154 0.018629807692307692
0 0.3713942307692308 0.5733173076923077 0.044771634615384616 0.04807692307692308