2 0.5048076923076923 0.057692307692307696 0.3317307692307692 0.11538461538461539
2 0.5060096153846154 0.3125 0.35757211538461536 0.46153846153846156
2 0.47836538461538464 0.5841346153846154 0.14783653846153846 0.31820913461538464
2 0.4795673076923077 0.7896634615384616 0.08413461538461539 0.07211538461538461
2 0.3870192307692308 0.7475961538461539 0.08203125 0.16346153846153846
2 0.3870192307692308 0.5973557692307693 0.09194711538461539 0.1201923076923077
2 0.5961538461538461 0.6814903846153846 0.19621394230769232 0.3058894230769231
2 0.5625 0.4807692307692308 0.078125 0.1006610576923077
2 0.6322115384615384 0.4795673076923077 0.08203125 0.10276442307692307
0 0.453125 0.46875 0.06520432692307693 0.07301682692307693
0 0.5072115384615384 0.49399038461538464 0.05228365384615385 0.0625
0 0.49399038461538464 0.39783653846153844 0.05979567307692308 0.07872596153846154
0 0.4963942307692308 0.06009615384615385 0.05108173076923077 0.0733173076923077
0 0.6454326923076923 0.5552884615384616 0.049879807692307696 0.06760817307692307
0 0.5456730769230769 0.6189903846153846 0.07151442307692307 0.07211538461538461
0 0.46875 0.7752403846153846 0.0634014423076923 0.07932692307692307
0 0.46875 0.8641826923076923 0.057692307692307696 0.07842548076923077
0 0.40625 0.6790865384615384 0.042067307692307696 0.05078125
0 0.41346153846153844 0.7091346153846154 0.05228365384615385 0.052884615384615384
1 0.3798076923076923 0.8329326923076923 0.047475961538461536 0.01622596153846154
1 0.5889423076923077 0.8341346153846154 0.10126201923076923 0.025240384615384616
1 0.4182692307692308 0.09014423076923077 0.08082932692307693 0.03365384615384615
1 0.5564903846153846 0.09134615384615384 0.06520432692307693 0.014423076923076924
1 0.6286057692307693 0.09014423076923077 0.06520432692307693 0.017427884615384616