2 0.5228365384615384 0.04807692307692308 0.33413461538461536 0.09615384615384616
2 0.5252403846153846 0.29447115384615385 0.39693509615384615 0.49038461538461536
2 0.4963942307692308 0.5721153846153846 0.15144230769230768 0.3272235576923077
2 0.49759615384615385 0.7824519230769231 0.0967548076923077 0.08804086538461539
2 0.4026442307692308 0.7391826923076923 0.09825721153846154 0.17157451923076922
2 0.40384615384615385 0.5865384615384616 0.09615384615384616 0.12379807692307693
2 0.6177884615384616 0.671875 0.15294471153846154 0.30288461538461536
2 0.5829326923076923 0.46634615384615385 0.0790264423076923 0.1015625
2 0.6538461538461539 0.4651442307692308 0.0772235576923077 0.09915865384615384
0 0.47115384615384615 0.4543269230769231 0.06610576923076923 0.07211538461538461
0 0.5264423076923077 0.4807692307692308 0.05198317307692308 0.061598557692307696
0 0.5120192307692307 0.38100961538461536 0.056790865384615384 0.07872596153846154
0 0.5132211538461539 0.036057692307692304 0.05048076923076923 0.07211538461538461
0 0.6670673076923077 0.5420673076923077 0.04957932692307692 0.06911057692307693
0 0.5661057692307693 0.6081730769230769 0.06460336538461539 0.06700721153846154
0 0.48677884615384615 0.7668269230769231 0.0625 0.07782451923076923
0 0.48677884615384615 0.8581730769230769 0.05588942307692308 0.07782451923076923
0 0.4230769230769231 0.6682692307692307 0.0390625 0.048677884615384616
0 0.43028846153846156 0.7007211538461539 0.047776442307692304 0.050180288461538464
1 0.39663461538461536 0.8269230769230769 0.043870192307692304 0.010817307692307692
1 0.609375 0.8269230769230769 0.10336538461538461 0.028245192307692308
1 0.43509615384615385 0.0673076923076923 0.08173076923076923 0.02403846153846154
1 0.5757211538461539 0.06850961538461539 0.0673076923076923 0.016526442307692308
1 0.6502403846153846 0.0673076923076923 0.0694110576923077 0.014423076923076924