2 0.49399038461538464 0.05889423076923077 0.3293269230769231 0.11778846153846154
2 0.4963942307692308 0.3112980769230769 0.31971153846153844 0.43509615384615385
2 0.4675480769230769 0.5817307692307693 0.10817307692307693 0.3215144230769231
2 0.46875 0.7860576923076923 0.09134615384615384 0.08203125
2 0.37740384615384615 0.7439903846153846 0.09585336538461539 0.16826923076923078
2 0.37740384615384615 0.5949519230769231 0.09254807692307693 0.1201923076923077
2 0.5865384615384616 0.6790865384615384 0.1388221153846154 0.29056490384615385
2 0.5528846153846154 0.47836538461538464 0.06700721153846154 0.09254807692307693
2 0.6213942307692307 0.47716346153846156 0.07361778846153846 0.0946514423076923
0 0.44350961538461536 0.4675480769230769 0.055588942307692304 0.06490384615384616
0 0.49759615384615385 0.49278846153846156 0.052884615384615384 0.06310096153846154
0 0.4831730769230769 0.3954326923076923 0.051682692307692304 0.07391826923076923
0 0.4855769230769231 0.06009615384615385 0.04837740384615385 0.07271634615384616
0 0.6346153846153846 0.5528846153846154 0.043870192307692304 0.06640625
0 0.5360576923076923 0.6165865384615384 0.0673076923076923 0.06911057692307693
0 0.45913461538461536 0.7716346153846154 0.06129807692307692 0.0772235576923077
0 0.45913461538461536 0.8605769230769231 0.061598557692307696 0.07782451923076923
0 0.39663461538461536 0.6754807692307693 0.0390625 0.04837740384615385
0 0.40384615384615385 0.7067307692307693 0.047475961538461536 0.04807692307692308
1 0.3713942307692308 0.8293269230769231 0.04537259615384615 0.019831730769230768
1 0.578125 0.8293269230769231 0.10096153846153846 0.02283653846153846
1 0.4074519230769231 0.09014423076923077 0.07932692307692307 0.021033653846153848
1 0.5456730769230769 0.09134615384615384 0.06310096153846154 0.014423076923076924
1 0.6177884615384616 0.09014423076923077 0.06700721153846154 0.02403846153846154