2 0.2403846153846154 0.06850961538461539 0.42758413461538464 0.1346153846153846
2 0.7211538461538461 0.07451923076923077 0.4375 0.14903846153846154
2 0.8413461538461539 0.30288461538461536 0.1971153846153846 0.3308293269230769
2 0.6201923076923077 0.3016826923076923 0.2605168269230769 0.3440504807692308
2 0.6574519230769231 0.5420673076923077 0.3097956730769231 0.17608173076923078
2 0.875 0.5432692307692307 0.13431490384615385 0.1580528846153846
2 0.8377403846153846 0.7584134615384616 0.2049278846153846 0.28064903846153844
2 0.5673076923076923 0.6790865384615384 0.13371394230769232 0.13221153846153846
2 0.6225961538461539 0.7584134615384616 0.23948317307692307 0.28575721153846156
2 0.35336538461538464 0.7560096153846154 0.25540865384615385 0.3097956730769231
2 0.2548076923076923 0.46274038461538464 0.5096153846153846 0.6947115384615384
2 0.19591346153846154 0.8449519230769231 0.08413461538461539 0.10757211538461539
2 0.08653846153846154 0.8485576923076923 0.12590144230769232 0.1102764423076923
1 0.11057692307692307 0.13822115384615385 0.1102764423076923 0.03635817307692308
1 0.34375 0.1346153846153846 0.13942307692307693 0.029146634615384616
1 0.6069711538461539 0.13581730769230768 0.11778846153846154 0.03155048076923077
1 0.828125 0.13581730769230768 0.13641826923076922 0.03125
0 0.6995192307692307 0.15985576923076922 0.07632211538461539 0.07391826923076923
0 0.21514423076923078 0.1622596153846154 0.055588942307692304 0.0694110576923077
0 0.7043269230769231 0.4495192307692308 0.047776442307692304 0.053786057692307696
0 0.7728365384615384 0.4519230769230769 0.06009615384615385 0.0634014423076923
0 0.7764423076923077 0.6370192307692307 0.052584134615384616 0.06670673076923077
0 0.6778846153846154 0.6322115384615384 0.053786057692307696 0.057692307692307696
0 0.8028846153846154 0.5516826923076923 0.06760817307692307 0.05618990384615385
0 0.11899038461538461 0.7716346153846154 0.06881009615384616 0.07301682692307693
0 0.19591346153846154 0.8112980769230769 0.06971153846153846 0.07001201923076923
0 0.19831730769230768 0.9242788461538461 0.06881009615384616 0.07872596153846154
0 0.5949519230769231 0.765625 0.060396634615384616 0.06099759615384615
1 0.6670673076923077 0.9014423076923077 0.06460336538461539 0.02283653846153846
1 0.8125 0.9026442307692307 0.13401442307692307 0.019230769230769232
1 0.33653846153846156 0.9050480769230769 0.11989182692307693 0.028846153846153848