2 0.2704326923076923 0.0625 0.42518028846153844 0.11658653846153846
2 0.75 0.08052884615384616 0.4375 0.16105769230769232
2 0.8701923076923077 0.296875 0.19170673076923078 0.3284254807692308
2 0.6490384615384616 0.2956730769230769 0.22986778846153846 0.32662259615384615
2 0.6875 0.5348557692307693 0.30258413461538464 0.15144230769230768
2 0.9050480769230769 0.5360576923076923 0.13251201923076922 0.15745192307692307
2 0.8677884615384616 0.7524038461538461 0.2265625 0.2932692307692308
2 0.5973557692307693 0.671875 0.11748798076923077 0.11538461538461539
2 0.6514423076923077 0.7524038461538461 0.2442908653846154 0.2893629807692308
2 0.38221153846153844 0.75 0.22596153846153846 0.29236778846153844
2 0.27403846153846156 0.4567307692307692 0.5093149038461539 0.6838942307692307
2 0.22596153846153846 0.8389423076923077 0.09194711538461539 0.11117788461538461
2 0.11658653846153846 0.8413461538461539 0.12830528846153846 0.11147836538461539
1 0.13942307692307693 0.1310096153846154 0.1102764423076923 0.03635817307692308
1 0.3737980769230769 0.12860576923076922 0.13942307692307693 0.025540865384615384
1 0.6358173076923077 0.12980769230769232 0.11778846153846154 0.029146634615384616
1 0.8581730769230769 0.12980769230769232 0.13822115384615385 0.029447115384615384
0 0.7283653846153846 0.15384615384615385 0.07692307692307693 0.07632211538461539
0 0.2439903846153846 0.15504807692307693 0.06881009615384616 0.07842548076923077
0 0.734375 0.44350961538461536 0.051382211538461536 0.05618990384615385
0 0.8028846153846154 0.44591346153846156 0.05228365384615385 0.05618990384615385
0 0.8064903846153846 0.6310096153846154 0.05438701923076923 0.0673076923076923
0 0.7067307692307693 0.6262019230769231 0.053786057692307696 0.057692307692307696
0 0.8317307692307693 0.5444711538461539 0.0634014423076923 0.05438701923076923
0 0.14783653846153846 0.765625 0.06881009615384616 0.07361778846153846
0 0.2247596153846154 0.8040865384615384 0.06490384615384616 0.06520432692307693
0 0.2283653846153846 0.9182692307692307 0.06820913461538461 0.078125
0 0.625 0.7584134615384616 0.05859375 0.06099759615384615
1 0.6959134615384616 0.8954326923076923 0.06460336538461539 0.016826923076923076
1 0.8425480769230769 0.8966346153846154 0.12980769230769232 0.03365384615384615
1 0.36658653846153844 0.8978365384615384 0.1180889423076923 0.04026442307692308