2 0.2608173076923077 0.08774038461538461 0.41977163461538464 0.16526442307692307
2 0.7283653846153846 0.09134615384615384 0.42397836538461536 0.14483173076923078
2 0.8449519230769231 0.3161057692307692 0.23557692307692307 0.33834134615384615
2 0.6298076923076923 0.31490384615384615 0.23497596153846154 0.32271634615384615
2 0.6670673076923077 0.5492788461538461 0.30288461538461536 0.18900240384615385
2 0.8786057692307693 0.5492788461538461 0.12349759615384616 0.1505408653846154
2 0.8413461538461539 0.7608173076923077 0.20582932692307693 0.27584134615384615
2 0.578125 0.6826923076923077 0.13251201923076922 0.13341346153846154
2 0.6322115384615384 0.7596153846153846 0.24579326923076922 0.28966346153846156
2 0.3701923076923077 0.7572115384615384 0.20763221153846154 0.27493990384615385
2 0.2644230769230769 0.4723557692307692 0.44140625 0.6415264423076923
2 0.21754807692307693 0.8449519230769231 0.07932692307692307 0.10336538461538461
2 0.11057692307692307 0.8473557692307693 0.1201923076923077 0.10306490384615384
1 0.13341346153846154 0.15504807692307693 0.10576923076923077 0.027043269230769232
1 0.3605769230769231 0.15144230769230768 0.13431490384615385 0.038461538461538464
1 0.6177884615384616 0.15264423076923078 0.11508413461538461 0.017728365384615384
1 0.8329326923076923 0.15264423076923078 0.13251201923076922 0.01622596153846154
0 0.7067307692307693 0.17668269230769232 0.07271634615384616 0.07061298076923077
0 0.23557692307692307 0.1778846153846154 0.0625 0.07181490384615384
0 0.7127403846153846 0.45913461538461536 0.046274038461538464 0.05348557692307692
0 0.7788461538461539 0.46153846153846156 0.05739182692307692 0.061598557692307696
0 0.7824519230769231 0.6418269230769231 0.055288461538461536 0.06760817307692307
0 0.6862980769230769 0.6370192307692307 0.052884615384615384 0.056790865384615384
0 0.8076923076923077 0.5576923076923077 0.06219951923076923 0.05228365384615385
0 0.14182692307692307 0.7728365384615384 0.057992788461538464 0.0655048076923077
0 0.21634615384615385 0.8112980769230769 0.06640625 0.06580528846153846
0 0.21995192307692307 0.921875 0.059194711538461536 0.0703125
0 0.6057692307692307 0.7668269230769231 0.053786057692307696 0.056790865384615384
1 0.6754807692307693 0.8990384615384616 0.06219951923076923 0.024338942307692308
1 0.8173076923076923 0.9002403846153846 0.12890625 0.025841346153846152
1 0.3545673076923077 0.9026442307692307 0.11748798076923077 0.03365384615384615