2 0.47475961538461536 0.5024038461538461 0.6896033653846154 0.8644831730769231
2 0.3389423076923077 0.7572115384615384 0.34224759615384615 0.2782451923076923
2 0.27163461538461536 0.5709134615384616 0.22205528846153846 0.10817307692307693
2 0.453125 0.5709134615384616 0.12770432692307693 0.09344951923076923
2 0.8028846153846154 0.7391826923076923 0.26502403846153844 0.33443509615384615
2 0.8509615384615384 0.546875 0.12890625 0.08924278846153846
2 0.8473557692307693 0.3786057692307692 0.13792067307692307 0.2403846153846154
2 0.8449519230769231 0.17427884615384615 0.12319711538461539 0.1619591346153846
1 0.625 0.08774038461538461 0.11598557692307693 0.036057692307692304
1 0.2956730769230769 0.08774038461538461 0.11989182692307693 0.04957932692307692
1 0.4375 0.9038461538461539 0.14002403846153846 0.043870192307692304
1 0.7680288461538461 0.9050480769230769 0.11868990384615384 0.045973557692307696
0 0.453125 0.08413461538461539 0.11868990384615384 0.16736778846153846
0 0.5504807692307693 0.5889423076923077 0.0772235576923077 0.05859375
0 0.2800480769230769 0.6418269230769231 0.07061298076923077 0.056790865384615384
0 0.4831730769230769 0.7211538461538461 0.09975961538461539 0.08203125
0 0.7403846153846154 0.5516826923076923 0.08623798076923077 0.08804086538461539
0 0.7572115384615384 0.46875 0.07241586538461539 0.05829326923076923
0 0.8641826923076923 0.609375 0.0625 0.07061298076923077
0 0.5685096153846154 0.8112980769230769 0.07692307692307693 0.06490384615384616
0 0.5817307692307693 0.9423076923076923 0.08533653846153846 0.07151442307692307