2 0.46033653846153844 0.5132211538461539 0.7130408653846154 0.8783052884615384
2 0.3233173076923077 0.7668269230769231 0.36268028846153844 0.29867788461538464
2 0.25600961538461536 0.5817307692307693 0.22325721153846154 0.12079326923076923
2 0.4375 0.5817307692307693 0.12469951923076923 0.08143028846153846
2 0.7872596153846154 0.75 0.2091346153846154 0.30318509615384615
2 0.8365384615384616 0.5576923076923077 0.12590144230769232 0.08743990384615384
2 0.8317307692307693 0.3894230769230769 0.12469951923076923 0.23497596153846154
2 0.8293269230769231 0.18509615384615385 0.12860576923076922 0.16736778846153846
1 0.609375 0.0985576923076923 0.11538461538461539 0.025240384615384616
1 0.28125 0.0985576923076923 0.11989182692307693 0.042367788461538464
1 0.4230769230769231 0.9146634615384616 0.14362980769230768 0.03125
1 0.7524038461538461 0.9158653846153846 0.11989182692307693 0.05318509615384615
0 0.4375 0.09495192307692307 0.10486778846153846 0.16075721153846154
0 0.5360576923076923 0.5997596153846154 0.08263221153846154 0.06881009615384616
0 0.2644230769230769 0.6526442307692307 0.0712139423076923 0.05618990384615385
0 0.4675480769230769 0.7319711538461539 0.10276442307692307 0.08924278846153846
0 0.7247596153846154 0.5625 0.08383413461538461 0.08623798076923077
0 0.7415865384615384 0.4795673076923077 0.07421875 0.06009615384615385
0 0.8485576923076923 0.6201923076923077 0.054086538461538464 0.0634014423076923
0 0.5528846153846154 0.8221153846153846 0.08653846153846154 0.07752403846153846
0 0.5673076923076923 0.953125 0.08173076923076923 0.0673076923076923