2 0.47716346153846156 0.5048076923076923 0.6856971153846154 0.8473557692307693
2 0.3449519230769231 0.7512019230769231 0.37259615384615385 0.3251201923076923
2 0.2800480769230769 0.5709134615384616 0.21484375 0.1201923076923077
2 0.45552884615384615 0.5709134615384616 0.12319711538461539 0.08984375
2 0.7956730769230769 0.734375 0.2166466346153846 0.3049879807692308
2 0.8425480769230769 0.5480769230769231 0.12319711538461539 0.09044471153846154
2 0.8377403846153846 0.38461538461538464 0.11358173076923077 0.22235576923076922
2 0.8353365384615384 0.18629807692307693 0.11868990384615384 0.15655048076923078
1 0.6213942307692307 0.10336538461538461 0.11268028846153846 0.042067307692307696
1 0.30288461538461536 0.10336538461538461 0.11538461538461539 0.042067307692307696
1 0.4411057692307692 0.8930288461538461 0.13701923076923078 0.030348557692307692
1 0.7608173076923077 0.8954326923076923 0.1171875 0.04146634615384615
0 0.45552884615384615 0.09975961538461539 0.09405048076923077 0.15114182692307693
0 0.5504807692307693 0.5889423076923077 0.0772235576923077 0.061598557692307696
0 0.28725961538461536 0.640625 0.06881009615384616 0.055288461538461536
0 0.484375 0.7175480769230769 0.09405048076923077 0.07962740384615384
0 0.734375 0.5528846153846154 0.08323317307692307 0.08263221153846154
0 0.75 0.4723557692307692 0.0673076923076923 0.05048076923076923
0 0.8545673076923077 0.6081730769230769 0.059495192307692304 0.06790865384615384
0 0.5673076923076923 0.8040865384615384 0.078125 0.0694110576923077
0 0.5805288461538461 0.9314903846153846 0.08383413461538461 0.0703125