2 0.5 0.2824519230769231 1 0.5649038461538461
2 0.47596153846153844 0.4855769230769231 0.23016826923076922 0.22686298076923078
2 0.13822115384615385 0.4266826923076923 0.16015625 0.16015625
0 0.10216346153846154 0.3798076923076923 0.06881009615384616 0.08233173076923077
0 0.02283653846153846 0.3798076923076923 0.04567307692307692 0.057692307692307696
0 0.04447115384615385 0.41586538461538464 0.05078125 0.06820913461538461
0 0.4807692307692308 0.35697115384615385 0.11989182692307693 0.09615384615384616
0 0.9230769230769231 0.47716346153846156 0.057692307692307696 0.08173076923076923
0 0.9110576923076923 0.8353365384615384 0.0712139423076923 0.07842548076923077
0 0.9627403846153846 0.9747596153846154 0.05048076923076923 0.05048076923076923
1 0.5576923076923077 0.006009615384615385 0.07692307692307693 0.01201923076923077
1 0.7980769230769231 0.001201923076923077 0.08173076923076923 0.002403846153846154
1 0.39663461538461536 0.3798076923076923 0.03365384615384615 0.024639423076923076
1 0.5576923076923077 0.37740384615384615 0.019831730769230768 0.01893028846153846
1 0.5817307692307693 0.42427884615384615 0.024939903846153848 0.05979567307692308
1 0.36538461538461536 0.42788461538461536 0.029447115384615384 0.05889423076923077
1 0.8497596153846154 0.5024038461538461 0.04807692307692308 0.01532451923076923
1 0.8846153846153846 0.49759615384615385 0.03876201923076923 0.02794471153846154
1 0.96875 0.42788461538461536 0.03936298076923077 0.034555288461538464
1 0.8581730769230769 0.8557692307692307 0.07211538461538461 0.038161057692307696