2 0.5 0.2932692307692308 1 0.5865384615384616
2 0.46875 0.48677884615384615 0.21153846153846154 0.20943509615384615
2 0.125 0.4266826923076923 0.15955528846153846 0.16075721153846154
0 0.0889423076923077 0.3798076923076923 0.05829326923076923 0.07662259615384616
0 0.016826923076923076 0.3798076923076923 0.03365384615384615 0.057692307692307696
0 0.030048076923076924 0.41466346153846156 0.06009615384615385 0.07932692307692307
0 0.4735576923076923 0.35697115384615385 0.12109375 0.09885817307692307
0 0.9230769230769231 0.47836538461538464 0.057692307692307696 0.08143028846153846
0 0.9110576923076923 0.8425480769230769 0.07211538461538461 0.07872596153846154
0 0.9627403846153846 0.9771634615384616 0.055288461538461536 0.04567307692307692
1 0.38822115384615385 0.3798076923076923 0.031850961538461536 0.024939903846153848
1 0.5516826923076923 0.37740384615384615 0.02403846153846154 0.02013221153846154
1 0.5769230769230769 0.42427884615384615 0.01532451923076923 0.06009615384615385
1 0.3557692307692308 0.42908653846153844 0.03786057692307692 0.06400240384615384
1 0.8485576923076923 0.5036057692307693 0.048677884615384616 0.025540865384615384
1 0.8846153846153846 0.4987980769230769 0.03936298076923077 0.03125
1 0.9699519230769231 0.42908653846153844 0.04146634615384615 0.03665865384615385
1 0.8569711538461539 0.8629807692307693 0.07001201923076923 0.025240384615384616