2 0.5 0.29927884615384615 1 0.5985576923076923
2 0.4723557692307692 0.47475961538461536 0.21454326923076922 0.21394230769230768
2 0.1310096153846154 0.41466346153846156 0.15685096153846154 0.15685096153846154
0 0.09375 0.36778846153846156 0.06790865384615384 0.08263221153846154
0 0.019230769230769232 0.36658653846153844 0.038461538461538464 0.06009615384615385
0 0.036057692307692304 0.40384615384615385 0.061899038461538464 0.07572115384615384
0 0.47716346153846156 0.3449519230769231 0.11298076923076923 0.08383413461538461
0 0.9242788461538461 0.4651442307692308 0.0546875 0.07932692307692307
0 0.9122596153846154 0.828125 0.0694110576923077 0.07692307692307693
0 0.9663461538461539 0.9711538461538461 0.05198317307692308 0.056790865384615384
1 0.3918269230769231 0.36778846153846156 0.034254807692307696 0.029146634615384616
1 0.5552884615384616 0.36538461538461536 0.024639423076923076 0.023137019230769232
1 0.5793269230769231 0.41346153846153844 0.02013221153846154 0.05829326923076923
1 0.3605769230769231 0.4170673076923077 0.028245192307692308 0.06009615384615385
1 0.8509615384615384 0.49158653846153844 0.048677884615384616 0.025540865384615384
1 0.8858173076923077 0.48677884615384615 0.03635817307692308 0.026141826923076924
1 0.9711538461538461 0.4170673076923077 0.04266826923076923 0.038461538461538464
1 0.8581730769230769 0.8485576923076923 0.07241586538461539 0.029146634615384616