2 0.23918269230769232 0.203125 0.47836538461538464 0.40625
0 0.25 0.2860576923076923 0.053786057692307696 0.0673076923076923
0 0.33413461538461536 0.3425480769230769 0.09194711538461539 0.08353365384615384
0 0.3161057692307692 0.4074519230769231 0.06580528846153846 0.06881009615384616
2 0.33774038461538464 0.42788461538461536 0.26742788461538464 0.11658653846153846
1 0.23798076923076922 0.38100961538461536 0.02403846153846154 0.014423076923076924
1 0.37740384615384615 0.38100961538461536 0.028545673076923076 0.014423076923076924
1 0.4699519230769231 0.14903846153846154 0.022235576923076924 0.1006610576923077
1 0.4675480769230769 0.26802884615384615 0.012920673076923076 0.04056490384615385
1 0.010817307692307692 0.20192307692307693 0.021634615384615384 0.1875
1 0.5552884615384616 0.38341346153846156 0.047776442307692304 0.021033653846153848
1 0.7127403846153846 0.38221153846153844 0.12169471153846154 0.043569711538461536
1 0.9795673076923077 0.12379807692307693 0.01622596153846154 0.04807692307692308
1 0.7800480769230769 0.5997596153846154 0.02403846153846154 0.05618990384615385
1 0.28725961538461536 0.7115384615384616 0.014423076923076924 0.03786057692307692
1 0.2848557692307692 0.8245192307692307 0.019230769230769232 0.05318509615384615
1 0.5012019230769231 0.8834134615384616 0.07421875 0.025540865384615384
2 0.65625 0.20072115384615385 0.30288461538461536 0.3683894230769231
2 0.8882211538461539 0.3016826923076923 0.1896033653846154 0.17938701923076922
2 0.859375 0.12259615384615384 0.13701923076923078 0.2010216346153846
2 0.9471153846153846 0.12740384615384615 0.07301682692307693 0.2010216346153846
0 0.8197115384615384 0.07572115384615384 0.06820913461538461 0.06400240384615384
0 0.9158653846153846 0.09254807692307693 0.10967548076923077 0.06580528846153846
0 0.8185096153846154 0.28966346153846156 0.057692307692307696 0.055288461538461536
0 0.8365384615384616 0.38341346153846156 0.06670673076923077 0.12169471153846154
0 0.6682692307692307 0.5721153846153846 0.06790865384615384 0.056790865384615384
0 0.6346153846153846 0.6225961538461539 0.07211538461538461 0.07151442307692307
0 0.5096153846153846 0.6129807692307693 0.0712139423076923 0.07091346153846154
2 0.7800480769230769 0.43028846153846156 0.18088942307692307 0.11508413461538461
2 0.41225961538461536 0.5805288461538461 0.25631009615384615 0.16526442307692307
2 0.5733173076923077 0.5817307692307693 0.0673076923076923 0.12469951923076923
2 0.375 0.7079326923076923 0.17818509615384615 0.13792067307692307
2 0.35697115384615385 0.8209134615384616 0.125 0.10787259615384616
2 0.5120192307692307 0.7692307692307693 0.22205528846153846 0.24128605769230768
2 0.6478365384615384 0.7067307692307693 0.11328125 0.33263221153846156
2 0.7319711538461539 0.6081730769230769 0.08473557692307693 0.14032451923076922
2 0.7319711538461539 0.71875 0.08954326923076923 0.05198317307692308
2 0.7247596153846154 0.8173076923076923 0.10396634615384616 0.11478365384615384
2 0.5997596153846154 0.9411057692307693 0.18028846153846154 0.09435096153846154
0 0.4795673076923077 0.7163461538461539 0.06520432692307693 0.06610576923076923
0 0.6574519230769231 0.7199519230769231 0.06460336538461539 0.0655048076923077
0 0.6322115384615384 0.8221153846153846 0.08052884615384616 0.06820913461538461
0 0.6514423076923077 0.9122596153846154 0.06760817307692307 0.0928485576923077