2 0.23317307692307693 0.1778846153846154 0.46153846153846156 0.3557692307692308
0 0.2536057692307692 0.2620192307692308 0.050180288461538464 0.06640625
0 0.33774038461538464 0.31850961538461536 0.08954326923076923 0.07992788461538461
0 0.31971153846153844 0.38461538461538464 0.061598557692307696 0.06280048076923077
2 0.34134615384615385 0.4050480769230769 0.27013221153846156 0.12770432692307693
1 0.24158653846153846 0.35697115384615385 0.02403846153846154 0.012620192307692308
1 0.38221153846153844 0.3581730769230769 0.028545673076923076 0.009615384615384616
1 0.47475961538461536 0.12379807692307693 0.03125 0.09915865384615384
1 0.4723557692307692 0.2439903846153846 0.012920673076923076 0.040865384615384616
1 0.014423076923076924 0.1778846153846154 0.028846153846153848 0.1875
1 0.5600961538461539 0.359375 0.047776442307692304 0.021033653846153848
1 0.71875 0.359375 0.1240985576923077 0.041165865384615384
1 0.9867788461538461 0.0985576923076923 0.012620192307692308 0.04807692307692308
1 0.7860576923076923 0.578125 0.015024038461538462 0.057692307692307696
1 0.29086538461538464 0.6911057692307693 0.015625 0.03665865384615385
1 0.28846153846153844 0.8028846153846154 0.024639423076923076 0.053786057692307696
1 0.5060096153846154 0.8629807692307693 0.07451923076923077 0.023137019230769232
2 0.6598557692307693 0.1778846153846154 0.29086538461538464 0.3557692307692308
2 0.8942307692307693 0.27884615384615385 0.18329326923076922 0.17307692307692307
2 0.8653846153846154 0.09735576923076923 0.11147836538461539 0.19411057692307693
2 0.9543269230769231 0.10336538461538461 0.08563701923076923 0.20192307692307693
0 0.8257211538461539 0.05048076923076923 0.0694110576923077 0.06280048076923077
0 0.921875 0.0673076923076923 0.11298076923076923 0.08143028846153846
0 0.8245192307692307 0.265625 0.0625 0.060697115384615384
0 0.8425480769230769 0.359375 0.06009615384615385 0.1201923076923077
0 0.6742788461538461 0.5492788461538461 0.07061298076923077 0.060396634615384616
0 0.6394230769230769 0.5997596153846154 0.07752403846153846 0.0751201923076923
0 0.5144230769230769 0.5901442307692307 0.06640625 0.06490384615384616
2 0.7860576923076923 0.4074519230769231 0.17878605769230768 0.09885817307692307
2 0.4170673076923077 0.5576923076923077 0.24699519230769232 0.12620192307692307
2 0.578125 0.5600961538461539 0.07692307692307693 0.12950721153846154
2 0.3786057692307692 0.6862980769230769 0.17067307692307693 0.12319711538461539
2 0.3605769230769231 0.8004807692307693 0.12530048076923078 0.10997596153846154
2 0.5168269230769231 0.7475961538461539 0.20733173076923078 0.23137019230769232
2 0.6538461538461539 0.6850961538461539 0.07181490384615384 0.3371394230769231
2 0.7379807692307693 0.5865384615384616 0.08233173076923077 0.13942307692307693
2 0.7379807692307693 0.6971153846153846 0.09585336538461539 0.0625
2 0.7295673076923077 0.7956730769230769 0.11358173076923077 0.12469951923076923
2 0.6057692307692307 0.9206730769230769 0.19200721153846154 0.12049278846153846
0 0.484375 0.6947115384615384 0.06520432692307693 0.0673076923076923
0 0.6634615384615384 0.6995192307692307 0.07181490384615384 0.07241586538461539
0 0.6370192307692307 0.8016826923076923 0.08173076923076923 0.07061298076923077
0 0.65625 0.8918269230769231 0.0634014423076923 0.09134615384615384