2 0.2512019230769231 0.20072115384615385 0.4729567307692308 0.3876201923076923
0 0.2692307692307692 0.2860576923076923 0.05228365384615385 0.06280048076923077
0 0.35216346153846156 0.34134615384615385 0.08954326923076923 0.0811298076923077
0 0.33413461538461536 0.4050480769230769 0.0625 0.06490384615384616
2 0.3557692307692308 0.42427884615384615 0.26021634615384615 0.11838942307692307
1 0.25841346153846156 0.3786057692307692 0.025841346153846152 0.012920673076923076
1 0.3942307692307692 0.3798076923076923 0.028245192307692308 0.013822115384615384
1 0.484375 0.15264423076923078 0.03545673076923077 0.0946514423076923
1 0.48197115384615385 0.26802884615384615 0.016826923076923076 0.04056490384615385
1 0.027644230769230768 0.20673076923076922 0.04026442307692308 0.18389423076923078
1 0.5673076923076923 0.38100961538461536 0.04807692307692308 0.027043269230769232
1 0.7199519230769231 0.38100961538461536 0.11838942307692307 0.04176682692307692
1 0.9807692307692307 0.12860576923076922 0.014423076923076924 0.045973557692307696
1 0.7860576923076923 0.5925480769230769 0.024338942307692308 0.055288461538461536
1 0.30528846153846156 0.7019230769230769 0.018629807692307692 0.034555288461538464
1 0.30408653846153844 0.8112980769230769 0.026442307692307692 0.052884615384615384
1 0.5144230769230769 0.8689903846153846 0.07211538461538461 0.021334134615384616
2 0.6658653846153846 0.203125 0.3317307692307692 0.38461538461538464
2 0.890625 0.3016826923076923 0.1619591346153846 0.14903846153846154
2 0.8629807692307693 0.12740384615384615 0.10997596153846154 0.18719951923076922
2 0.9495192307692307 0.13221153846153846 0.06129807692307692 0.19260817307692307
0 0.8245192307692307 0.08173076923076923 0.0673076923076923 0.061899038461538464
0 0.9182692307692307 0.0985576923076923 0.10546875 0.06790865384615384
0 0.8233173076923077 0.28966346153846156 0.055588942307692304 0.051382211538461536
0 0.8413461538461539 0.38100961538461536 0.0712139423076923 0.1180889423076923
0 0.6778846153846154 0.5649038461538461 0.0634014423076923 0.05348557692307692
0 0.6442307692307693 0.6141826923076923 0.07752403846153846 0.07692307692307693
0 0.5228365384615384 0.6045673076923077 0.06580528846153846 0.0655048076923077
2 0.7860576923076923 0.42788461538461536 0.17337740384615385 0.09164663461538461
2 0.42788461538461536 0.5733173076923077 0.24939903846153846 0.15715144230769232
2 0.5853365384615384 0.5745192307692307 0.0850360576923077 0.12860576923076922
2 0.3918269230769231 0.6983173076923077 0.15985576923076922 0.11207932692307693
2 0.3737980769230769 0.8076923076923077 0.125 0.10667067307692307
2 0.5252403846153846 0.7572115384615384 0.20342548076923078 0.22566105769230768
2 0.6574519230769231 0.6971153846153846 0.06911057692307693 0.32752403846153844
2 0.7391826923076923 0.6009615384615384 0.08473557692307693 0.1388221153846154
2 0.7391826923076923 0.7079326923076923 0.09405048076923077 0.06490384615384616
2 0.7319711538461539 0.8040865384615384 0.10817307692307693 0.11778846153846154
2 0.6105769230769231 0.9254807692307693 0.18780048076923078 0.125
0 0.49399038461538464 0.7067307692307693 0.06009615384615385 0.061598557692307696
0 0.6670673076923077 0.7103365384615384 0.06971153846153846 0.07001201923076923
0 0.6418269230769231 0.8088942307692307 0.08052884615384616 0.06971153846153846
0 0.6610576923076923 0.8966346153846154 0.0772235576923077 0.09555288461538461