1 0.07211538461538461 0.16947115384615385 0.038461538461538464 0.017127403846153848
1 0.1141826923076923 0.17067307692307693 0.040865384615384616 0.009014423076923076
1 0.16105769230769232 0.16826923076923078 0.04296875 0.01532451923076923
1 0.20673076923076922 0.16947115384615385 0.047776442307692304 0.017127403846153848
1 0.24879807692307693 0.17067307692307693 0.038461538461538464 0.01532451923076923
1 0.036057692307692304 0.2620192307692308 0.02794471153846154 0.1346153846153846
1 0.036057692307692304 0.4963942307692308 0.034555288461538464 0.18479567307692307
1 0.06850961538461539 0.7632211538461539 0.03064903846153846 0.1856971153846154
1 0.04927884615384615 0.6298076923076923 0.021935096153846152 0.014423076923076924
1 0.28125 0.78125 0.004807692307692308 0.04326923076923077
1 0.46153846153846156 0.421875 0.009014423076923076 0.02674278846153846
1 0.609375 0.18028846153846154 0.026442307692307692 0.014423076923076924
1 0.6430288461538461 0.1778846153846154 0.03365384615384615 0.02403846153846154
1 0.6730769230769231 0.1778846153846154 0.030048076923076924 0.020432692307692308
1 0.703125 0.17668269230769232 0.02734375 0.020733173076923076
1 0.8221153846153846 0.2980769230769231 0.048677884615384616 0.018329326923076924
1 0.90625 0.3004807692307692 0.043870192307692304 0.019831730769230768
1 0.8978365384615384 0.71875 0.036057692307692304 0.018329326923076924
1 0.8149038461538461 0.71875 0.05228365384615385 0.019831730769230768
1 0.7776442307692307 0.7512019230769231 0.00811298076923077 0.03365384615384615
1 0.7560096153846154 0.8954326923076923 0.03125 0.016826923076923076
1 0.5456730769230769 0.7608173076923077 0.006009615384615385 0.16826923076923078
2 0.24879807692307693 0.5348557692307693 0.44861778846153844 0.7475961538461539
2 0.32572115384615385 0.6778846153846154 0.10366586538461539 0.1240985576923077
2 0.2620192307692308 0.8569711538461539 0.056790865384615384 0.09825721153846154
2 0.21394230769230768 0.8521634615384616 0.048677884615384616 0.08022836538461539
2 0.6598557692307693 0.3076923076923077 0.26622596153846156 0.27914663461538464
2 0.3389423076923077 0.09014423076923077 0.2548076923076923 0.18028846153846154
2 0.5180288461538461 0.44711538461538464 0.11328125 0.31310096153846156
2 0.6117788461538461 0.5432692307692307 0.16526442307692307 0.21995192307692307
2 0.6165865384615384 0.765625 0.14573317307692307 0.23888221153846154
2 0.7295673076923077 0.8365384615384616 0.0946514423076923 0.10697115384615384
2 0.7980769230769231 0.5384615384615384 0.2704326923076923 0.5135216346153846
2 0.9435096153846154 0.4987980769230769 0.050180288461538464 0.0790264423076923
2 0.9182692307692307 0.6334134615384616 0.1102764423076923 0.17037259615384615
2 0.9182692307692307 0.3737980769230769 0.10036057692307693 0.16045673076923078
0 0.5432692307692307 0.39783653846153844 0.08563701923076923 0.08473557692307693
0 0.5432692307692307 0.5096153846153846 0.0859375 0.09044471153846154
0 0.7007211538461539 0.4170673076923077 0.041165865384615384 0.07361778846153846
0 0.7908653846153846 0.3581730769230769 0.04326923076923077 0.06820913461538461
0 0.6959134615384616 0.5504807692307693 0.046274038461538464 0.06820913461538461
0 0.6911057692307693 0.7475961538461539 0.03635817307692308 0.0625
0 0.7367788461538461 0.7584134615384616 0.035757211538461536 0.0694110576923077
0 0.8918269230769231 0.5625 0.03365384615384615 0.0673076923076923
0 0.9086538461538461 0.4951923076923077 0.04837740384615385 0.07271634615384616
0 0.8918269230769231 0.43028846153846156 0.034254807692307696 0.05829326923076923
0 0.32572115384615385 0.5997596153846154 0.03515625 0.06430288461538461
0 0.3245192307692308 0.7427884615384616 0.05228365384615385 0.11117788461538461
0 0.26322115384615385 0.6574519230769231 0.030949519230769232 0.049879807692307696
0 0.27283653846153844 0.7019230769230769 0.04026442307692308 0.04927884615384615
0 0.2668269230769231 0.3004807692307692 0.04807692307692308 0.047776442307692304
0 0.1814903846153846 0.7824519230769231 0.026442307692307692 0.04567307692307692
0 0.22355769230769232 0.7992788461538461 0.028545673076923076 0.04807692307692308
0 0.2536057692307692 0.796875 0.027043269230769232 0.045973557692307696