1 0.06610576923076923 0.16947115384615385 0.04056490384615385 0.017728365384615384
1 0.109375 0.16947115384615385 0.041165865384615384 0.009615384615384616
1 0.15625 0.16826923076923078 0.04326923076923077 0.019230769230769232
1 0.203125 0.16826923076923078 0.04807692307692308 0.009915865384615384
1 0.24639423076923078 0.17067307692307693 0.038461538461538464 0.015024038461538462
1 0.030048076923076924 0.26322115384615385 0.021334134615384616 0.13701923076923078
1 0.030048076923076924 0.5012019230769231 0.03635817307692308 0.1853966346153846
1 0.06370192307692307 0.7728365384615384 0.04326923076923077 0.18449519230769232
1 0.04326923076923077 0.6370192307692307 0.024338942307692308 0.018629807692307692
1 0.2800480769230769 0.7908653846153846 0.012620192307692308 0.042367788461538464
1 0.46274038461538464 0.4254807692307692 0.0078125 0.028245192307692308
1 0.6129807692307693 0.18028846153846154 0.029146634615384616 0.015024038461538462
1 0.6478365384615384 0.1778846153846154 0.03365384615384615 0.02403846153846154
1 0.6766826923076923 0.1778846153846154 0.03064903846153846 0.019831730769230768
1 0.7079326923076923 0.17668269230769232 0.02734375 0.020733173076923076
1 0.828125 0.3004807692307692 0.05078125 0.018329326923076924
1 0.9146634615384616 0.30288461538461536 0.045973557692307696 0.018629807692307692
1 0.90625 0.7271634615384616 0.038161057692307696 0.017728365384615384
1 0.8209134615384616 0.7271634615384616 0.05048076923076923 0.020733173076923076
1 0.7836538461538461 0.7608173076923077 0.009314903846153846 0.03365384615384615
1 0.7620192307692307 0.9074519230769231 0.033052884615384616 0.016826923076923076
1 0.5480769230769231 0.7692307692307693 0.018329326923076924 0.17247596153846154
2 0.25721153846153844 0.5384615384615384 0.5144230769230769 0.7980769230769231
2 0.3245192307692308 0.6862980769230769 0.09645432692307693 0.1201923076923077
2 0.25961538461538464 0.8677884615384616 0.056490384615384616 0.10036057692307693
2 0.21153846153846154 0.8629807692307693 0.061598557692307696 0.08653846153846154
2 0.6646634615384616 0.31009615384615385 0.26111778846153844 0.27794471153846156
2 0.3401442307692308 0.08774038461538461 0.2478966346153846 0.16346153846153846
2 0.5204326923076923 0.45072115384615385 0.051382211538461536 0.32481971153846156
2 0.6153846153846154 0.5492788461538461 0.14903846153846154 0.21424278846153846
2 0.6189903846153846 0.7752403846153846 0.17938701923076922 0.2548076923076923
2 0.734375 0.8473557692307693 0.11268028846153846 0.12259615384615384
2 0.8040865384615384 0.5444711538461539 0.33022836538461536 0.5336538461538461
2 0.953125 0.5036057692307693 0.05108173076923077 0.07992788461538461
2 0.9266826923076923 0.640625 0.10306490384615384 0.17037259615384615
2 0.9266826923076923 0.37740384615384615 0.11358173076923077 0.16766826923076922
0 0.5456730769230769 0.40024038461538464 0.09134615384615384 0.08984375
0 0.5456730769230769 0.5144230769230769 0.08623798076923077 0.0907451923076923
0 0.7055288461538461 0.4206730769230769 0.036959134615384616 0.07211538461538461
0 0.7980769230769231 0.36177884615384615 0.038161057692307696 0.0673076923076923
0 0.7007211538461539 0.5564903846153846 0.04537259615384615 0.06520432692307693
0 0.6959134615384616 0.7572115384615384 0.04657451923076923 0.06700721153846154
0 0.7415865384615384 0.7680288461538461 0.04056490384615385 0.0703125
0 0.8990384615384616 0.5697115384615384 0.042367788461538464 0.0712139423076923
0 0.9170673076923077 0.5 0.04657451923076923 0.07211538461538461
0 0.8990384615384616 0.4338942307692308 0.03365384615384615 0.060396634615384616
0 0.32572115384615385 0.6069711538461539 0.04146634615384615 0.06580528846153846
0 0.3233173076923077 0.7512019230769231 0.04056490384615385 0.11057692307692307
0 0.2608173076923077 0.6646634615384616 0.03125 0.05078125
0 0.27163461538461536 0.7103365384615384 0.04717548076923077 0.05498798076923077
0 0.2644230769230769 0.30288461538461536 0.05348557692307692 0.05348557692307692
0 0.1778846153846154 0.7932692307692307 0.029447115384615384 0.04837740384615385
0 0.22115384615384615 0.8100961538461539 0.034555288461538464 0.05198317307692308
0 0.2512019230769231 0.8076923076923077 0.021033653846153848 0.047475961538461536