1 0.078125 0.17908653846153846 0.038461538461538464 0.016826923076923076
1 0.11899038461538461 0.18028846153846154 0.04026442307692308 0.013822115384615384
1 0.16466346153846154 0.1778846153846154 0.041165865384615384 0.009915865384615384
1 0.21033653846153846 0.17908653846153846 0.04567307692307692 0.01622596153846154
1 0.2512019230769231 0.18028846153846154 0.03635817307692308 0.010516826923076924
1 0.042067307692307696 0.2692307692307692 0.007512019230769231 0.13401442307692307
1 0.042067307692307696 0.5 0.012620192307692308 0.18269230769230768
1 0.07572115384615384 0.7608173076923077 0.016826923076923076 0.18479567307692307
1 0.055288461538461536 0.6298076923076923 0.024338942307692308 0.018028846153846152
1 0.28365384615384615 0.7788461538461539 0.010817307692307692 0.04266826923076923
1 0.46033653846153844 0.4254807692307692 0.0078125 0.02794471153846154
1 0.6045673076923077 0.18990384615384615 0.026442307692307692 0.013822115384615384
1 0.6382211538461539 0.1875 0.030949519230769232 0.01953125
1 0.6670673076923077 0.1875 0.03064903846153846 0.019831730769230768
1 0.6959134615384616 0.18629807692307693 0.027043269230769232 0.020733173076923076
1 0.8125 0.30528846153846156 0.04837740384615385 0.015625
1 0.8954326923076923 0.3076923076923077 0.04537259615384615 0.010216346153846154
1 0.8870192307692307 0.7175480769230769 0.03485576923076923 0.017728365384615384
1 0.8052884615384616 0.7175480769230769 0.048978365384615384 0.02403846153846154
1 0.7692307692307693 0.75 0.013521634615384616 0.033353365384615384
1 0.7487980769230769 0.890625 0.03155048076923077 0.020733173076923076
1 0.5420673076923077 0.7584134615384616 0.04026442307692308 0.16015625
2 0.25721153846153844 0.5348557692307693 0.5144230769230769 0.7716346153846154
2 0.3269230769230769 0.6778846153846154 0.09495192307692307 0.11568509615384616
2 0.2644230769230769 0.8521634615384616 0.04326923076923077 0.09405048076923077
2 0.21754807692307693 0.8485576923076923 0.05438701923076923 0.0829326923076923
2 0.6538461538461539 0.31490384615384615 0.25060096153846156 0.2653245192307692
2 0.34134615384615385 0.10096153846153846 0.23497596153846154 0.1484375
2 0.515625 0.45072115384615385 0.10276442307692307 0.31099759615384615
2 0.6069711538461539 0.5456730769230769 0.13221153846153846 0.2010216346153846
2 0.6105769230769231 0.7632211538461539 0.14393028846153846 0.23707932692307693
2 0.7223557692307693 0.8329326923076923 0.10396634615384616 0.11748798076923077
2 0.7896634615384616 0.5408653846153846 0.24519230769230768 0.4909855769230769
2 0.9326923076923077 0.5024038461538461 0.04326923076923077 0.07632211538461539
2 0.9074519230769231 0.6334134615384616 0.10276442307692307 0.16526442307692307
2 0.9074519230769231 0.3798076923076923 0.10787259615384616 0.15895432692307693
0 0.5396634615384616 0.4026442307692308 0.08653846153846154 0.08864182692307693
0 0.5396634615384616 0.5120192307692307 0.07992788461538461 0.08713942307692307
0 0.6935096153846154 0.421875 0.045072115384615384 0.07391826923076923
0 0.7824519230769231 0.3641826923076923 0.04026442307692308 0.0655048076923077
0 0.6887019230769231 0.5516826923076923 0.050180288461538464 0.06881009615384616
0 0.6850961538461539 0.7451923076923077 0.03786057692307692 0.06280048076923077
0 0.7295673076923077 0.7572115384615384 0.04146634615384615 0.07091346153846154
0 0.8810096153846154 0.5649038461538461 0.04146634615384615 0.06820913461538461
0 0.8978365384615384 0.49759615384615385 0.04567307692307692 0.07151442307692307
0 0.8810096153846154 0.4338942307692308 0.030949519230769232 0.055588942307692304
0 0.3269230769230769 0.6009615384615384 0.038161057692307696 0.0634014423076923
0 0.3245192307692308 0.7403846153846154 0.054086538461538464 0.10667067307692307
0 0.2644230769230769 0.6574519230769231 0.03395432692307692 0.05048076923076923
0 0.27524038461538464 0.7007211538461539 0.038461538461538464 0.049879807692307696
0 0.26802884615384615 0.3076923076923077 0.045973557692307696 0.043870192307692304
0 0.18509615384615385 0.7800480769230769 0.024939903846153848 0.04567307692307692
0 0.22716346153846154 0.796875 0.03545673076923077 0.05048076923076923
0 0.25600961538461536 0.7944711538461539 0.025841346153846152 0.045072115384615384