2 0.5456730769230769 0.2439903846153846 0.40414663461538464 0.4456129807692308
2 0.5552884615384616 0.5180288461538461 0.24068509615384615 0.16556490384615385
2 0.8233173076923077 0.3762019230769231 0.19020432692307693 0.16676682692307693
2 0.8245192307692307 0.15985576923076922 0.1778846153846154 0.26111778846153844
1 0.9182692307692307 0.1502403846153846 0.037259615384615384 0.0850360576923077
1 0.8497596153846154 0.4675480769230769 0.057692307692307696 0.036959134615384616
1 0.3605769230769231 0.24519230769230768 0.03786057692307692 0.10667067307692307
1 0.5 0.03245192307692308 0.0772235576923077 0.03365384615384615
0 0.7043269230769231 0.41225961538461536 0.028846153846153848 0.031850961538461536
0 0.5805288461538461 0.6033653846153846 0.09405048076923077 0.052884615384615384
0 0.5757211538461539 0.4675480769230769 0.08864182692307693 0.050180288461538464