2 0.5372596153846154 0.24158653846153846 0.41556490384615385 0.45522836538461536
2 0.546875 0.5144230769230769 0.24188701923076922 0.17217548076923078
2 0.8137019230769231 0.3737980769230769 0.19861778846153846 0.17638221153846154
2 0.8161057692307693 0.15625 0.1778846153846154 0.25931490384615385
1 0.9098557692307693 0.1466346153846154 0.028846153846153848 0.08623798076923077
1 0.8401442307692307 0.4639423076923077 0.057692307692307696 0.038161057692307696
1 0.35096153846153844 0.24158653846153846 0.048677884615384616 0.10787259615384616
1 0.49038461538461536 0.030048076923076924 0.08082932692307693 0.04026442307692308
0 0.6947115384615384 0.4098557692307692 0.024639423076923076 0.028846153846153848
0 0.5721153846153846 0.6009615384615384 0.1006610576923077 0.06310096153846154
0 0.5673076923076923 0.4651442307692308 0.08623798076923077 0.03635817307692308