2 0.5516826923076923 0.24879807692307693 0.4248798076923077 0.45943509615384615
2 0.5612980769230769 0.5180288461538461 0.22295673076923078 0.13191105769230768
2 0.8245192307692307 0.3786057692307692 0.19771634615384615 0.17998798076923078
2 0.8257211538461539 0.1658653846153846 0.20372596153846154 0.2686298076923077
1 0.9182692307692307 0.15625 0.029447115384615384 0.0829326923076923
1 0.8497596153846154 0.46875 0.057692307692307696 0.03756009615384615
1 0.36778846153846156 0.25 0.042067307692307696 0.1063701923076923
1 0.5060096153846154 0.040865384615384616 0.07932692307692307 0.043569711538461536
0 0.7067307692307693 0.41466346153846156 0.024639423076923076 0.02674278846153846
0 0.5853365384615384 0.6021634615384616 0.09405048076923077 0.05498798076923077
0 0.5817307692307693 0.46875 0.08713942307692307 0.04296875