2 0.47596153846153844 0.13341346153846154 0.8506610576923077 0.24729567307692307
2 0.4795673076923077 0.5721153846153846 0.9263822115384616 0.7503004807692307
2 0.6274038461538461 0.8112980769230769 0.1310096153846154 0.17457932692307693
2 0.734375 0.7175480769230769 0.3332331730769231 0.30078125
0 0.453125 0.2091346153846154 0.1219951923076923 0.10126201923076923
0 0.5216346153846154 0.6790865384615384 0.12890625 0.0928485576923077
0 0.5108173076923077 0.8004807692307693 0.1427283653846154 0.0868389423076923
0 0.453125 0.9411057692307693 0.13221153846153846 0.11778846153846154
1 0.7980769230769231 0.8834134615384616 0.2109375 0.036959134615384616
1 0.7403846153846154 0.2403846153846154 0.16316105769230768 0.030048076923076924
1 0.24759615384615385 0.23798076923076922 0.20673076923076922 0.05348557692307692