2 0.47716346153846156 0.15144230769230768 0.8293269230769231 0.30288461538461536
2 0.4831730769230769 0.5709134615384616 0.9239783653846154 0.7725360576923077
2 0.6262019230769231 0.8028846153846154 0.13942307692307693 0.17728365384615385
2 0.7319711538461539 0.7115384615384616 0.33383413461538464 0.30649038461538464
0 0.4567307692307692 0.21634615384615385 0.11658653846153846 0.09705528846153846
0 0.5240384615384616 0.6754807692307693 0.12530048076923078 0.09104567307692307
0 0.5132211538461539 0.7932692307692307 0.1424278846153846 0.09585336538461539
0 0.4567307692307692 0.9338942307692307 0.12920673076923078 0.1180889423076923
1 0.7932692307692307 0.8737980769230769 0.20222355769230768 0.039963942307692304
1 0.7367788461538461 0.24759615384615385 0.15685096153846154 0.04447115384615385
1 0.25600961538461536 0.24519230769230768 0.20042067307692307 0.05739182692307692