2 0.46634615384615385 0.125 0.8518629807692307 0.22956730769230768
2 0.47115384615384615 0.5673076923076923 0.8948317307692307 0.7007211538461539
2 0.6189903846153846 0.8076923076923077 0.12169471153846154 0.16466346153846154
2 0.7271634615384616 0.7127403846153846 0.33984375 0.31099759615384615
0 0.44471153846153844 0.20072115384615385 0.1349158653846154 0.1201923076923077
0 0.5132211538461539 0.6742788461538461 0.125 0.08323317307692307
0 0.5024038461538461 0.7956730769230769 0.14423076923076922 0.08563701923076923
0 0.44471153846153844 0.9423076923076923 0.12109375 0.10697115384615384
1 0.7908653846153846 0.8798076923076923 0.20733173076923078 0.024338942307692308
1 0.7331730769230769 0.23317307692307693 0.15985576923076922 0.053786057692307696
1 0.23677884615384615 0.23076923076923078 0.2049278846153846 0.06790865384615384