2 0.26802884615384615 0.13701923076923078 0.2049278846153846 0.23167067307692307
2 0.21875 0.3004807692307692 0.11508413461538461 0.07692307692307693
2 0.32572115384615385 0.29927884615384615 0.09885817307692307 0.08864182692307693
2 0.26802884615384615 0.4519230769230769 0.22776442307692307 0.24489182692307693
2 0.43028846153846156 0.5372596153846154 0.10606971153846154 0.0703125
2 0.42788461538461536 0.6225961538461539 0.11989182692307693 0.10186298076923077
2 0.5612980769230769 0.5072115384615384 0.1427283653846154 0.12890625
2 0.6850961538461539 0.5096153846153846 0.09164663461538461 0.11568509615384616
2 0.78125 0.5096153846153846 0.08653846153846154 0.12590144230769232
2 0.59375 0.2608173076923077 0.4807692307692308 0.5216346153846154
2 0.43149038461538464 0.07932692307692307 0.12169471153846154 0.13040865384615385
1 0.15865384615384615 0.18990384615384615 0.02013221153846154 0.11117788461538461
1 0.16105769230769232 0.4182692307692308 0.042067307692307696 0.10486778846153846
1 0.8233173076923077 0.16466346153846154 0.059194711538461536 0.22746394230769232
1 0.8221153846153846 0.37740384615384615 0.019230769230769232 0.10997596153846154
1 0.5600961538461539 0.5745192307692307 0.07241586538461539 0.023137019230769232
0 0.7668269230769231 0.4266826923076923 0.06640625 0.07391826923076923
0 0.890625 0.8557692307692307 0.10877403846153846 0.1622596153846154
0 0.5372596153846154 0.7235576923076923 0.10787259615384616 0.09645432692307693
0 0.31850961538461536 0.7463942307692307 0.06099759615384615 0.05588942307692308
0 0.4266826923076923 0.5997596153846154 0.0694110576923077 0.07361778846153846
0 0.42427884615384615 0.5264423076923077 0.08022836538461539 0.08052884615384616
0 0.46634615384615385 0.4735576923076923 0.07271634615384616 0.06370192307692307
0 0.6129807692307693 0.47836538461538464 0.06129807692307692 0.04717548076923077
0 0.35697115384615385 0.11658653846153846 0.06430288461538461 0.046274038461538464
0 0.35096153846153844 0.22956730769230768 0.08082932692307693 0.07061298076923077
0 0.39663461538461536 0.2848557692307692 0.0634014423076923 0.04957932692307692
0 0.359375 0.4050480769230769 0.07061298076923077 0.06911057692307693
0 0.22355769230769232 0.3545673076923077 0.057692307692307696 0.0546875
2 0.38100961538461536 0.8665865384615384 0.21394230769230768 0.20192307692307693
2 0.671875 0.8641826923076923 0.3719951923076923 0.24248798076923078