2 0.2620192307692308 0.14783653846153846 0.24579326923076922 0.2644230769230769
2 0.2127403846153846 0.31009615384615385 0.1171875 0.08263221153846154
2 0.31850961538461536 0.31009615384615385 0.09945913461538461 0.09044471153846154
2 0.2620192307692308 0.46153846153846156 0.24068509615384615 0.25540865384615385
2 0.4230769230769231 0.546875 0.10486778846153846 0.06490384615384616
2 0.4206730769230769 0.6310096153846154 0.12139423076923077 0.1084735576923077
2 0.5540865384615384 0.5168269230769231 0.1505408653846154 0.13551682692307693
2 0.6766826923076923 0.5192307692307693 0.0985576923076923 0.1201923076923077
2 0.7728365384615384 0.5180288461538461 0.08834134615384616 0.12650240384615385
2 0.5865384615384616 0.27163461538461536 0.44771634615384615 0.4948918269230769
2 0.42427884615384615 0.09014423076923077 0.11868990384615384 0.12980769230769232
1 0.15264423076923078 0.20072115384615385 0.044771634615384616 0.1123798076923077
1 0.15504807692307693 0.42788461538461536 0.03545673076923077 0.10516826923076923
1 0.8149038461538461 0.17548076923076922 0.05859375 0.2247596153846154
1 0.8125 0.3870192307692308 0.019230769230769232 0.10997596153846154
1 0.5528846153846154 0.5841346153846154 0.07211538461538461 0.029747596153846152
0 0.7572115384615384 0.4362980769230769 0.07241586538461539 0.0790264423076923
0 0.8822115384615384 0.8629807692307693 0.10546875 0.1580528846153846
0 0.5300480769230769 0.7319711538461539 0.1219951923076923 0.11688701923076923
0 0.3125 0.7548076923076923 0.06820913461538461 0.06610576923076923
0 0.4206730769230769 0.609375 0.07241586538461539 0.07481971153846154
0 0.4182692307692308 0.5360576923076923 0.08203125 0.0772235576923077
0 0.45913461538461536 0.4831730769230769 0.06790865384615384 0.057992788461538464
0 0.6057692307692307 0.48677884615384615 0.061899038461538464 0.045973557692307696
0 0.34975961538461536 0.12860576923076922 0.06911057692307693 0.05588942307692308
0 0.3449519230769231 0.2403846153846154 0.07962740384615384 0.07241586538461539
0 0.3894230769230769 0.2956730769230769 0.06820913461538461 0.05739182692307692
0 0.35336538461538464 0.41466346153846156 0.07241586538461539 0.06971153846153846
0 0.21754807692307693 0.3641826923076923 0.055288461538461536 0.04957932692307692
2 0.3737980769230769 0.8737980769230769 0.22265625 0.2130408653846154
2 0.6634615384615384 0.8713942307692307 0.36508413461538464 0.21875