2 0.23317307692307693 0.140625 0.23106971153846154 0.2548076923076923
2 0.18269230769230768 0.3088942307692308 0.11929086538461539 0.08383413461538461
2 0.2920673076923077 0.3076923076923077 0.09405048076923077 0.07782451923076923
2 0.23317307692307693 0.4651442307692308 0.25450721153846156 0.2707331730769231
2 0.39903846153846156 0.5528846153846154 0.10967548076923077 0.07692307692307693
2 0.39663461538461536 0.640625 0.1240985576923077 0.10757211538461539
2 0.5336538461538461 0.5216346153846154 0.14813701923076922 0.12980769230769232
2 0.6610576923076923 0.5240384615384616 0.10546875 0.12590144230769232
2 0.7596153846153846 0.5240384615384616 0.078125 0.12560096153846154
2 0.5685096153846154 0.26802884615384615 0.46334134615384615 0.51171875
2 0.40024038461538464 0.08173076923076923 0.12259615384615384 0.13431490384615385
1 0.1201923076923077 0.19471153846153846 0.038161057692307696 0.11508413461538461
1 0.12259615384615384 0.42908653846153844 0.029447115384615384 0.10787259615384616
1 0.8040865384615384 0.16947115384615385 0.026141826923076924 0.23828125
1 0.8016826923076923 0.38822115384615385 0.01622596153846154 0.11268028846153846
1 0.5336538461538461 0.5913461538461539 0.07632211538461539 0.028245192307692308
0 0.7451923076923077 0.4387019230769231 0.07271634615384616 0.07962740384615384
0 0.8725961538461539 0.8798076923076923 0.1201923076923077 0.16766826923076922
0 0.5084134615384616 0.7439903846153846 0.11868990384615384 0.11207932692307693
0 0.2848557692307692 0.7668269230769231 0.0655048076923077 0.061598557692307696
0 0.39663461538461536 0.6165865384615384 0.07271634615384616 0.07481971153846154
0 0.3942307692307692 0.5408653846153846 0.08263221153846154 0.07782451923076923
0 0.4362980769230769 0.48677884615384615 0.0703125 0.05979567307692308
0 0.5877403846153846 0.49158653846153844 0.0625 0.04807692307692308
0 0.3233173076923077 0.1201923076923077 0.0703125 0.057692307692307696
0 0.31850961538461536 0.23677884615384615 0.07992788461538461 0.07391826923076923
0 0.3641826923076923 0.2932692307692308 0.07001201923076923 0.056490384615384616
0 0.3269230769230769 0.41586538461538464 0.07662259615384616 0.07271634615384616
0 0.18629807692307693 0.3641826923076923 0.059495192307692304 0.05498798076923077
2 0.3473557692307692 0.8894230769230769 0.2283653846153846 0.22115384615384615
2 0.6466346153846154 0.8798076923076923 0.38461538461538464 0.2403846153846154