2 0.9194711538461539 0.4182692307692308 0.125 0.18329326923076922
2 0.7692307692307693 0.4182692307692308 0.1640625 0.16887019230769232
2 0.8329326923076923 0.19230769230769232 0.31971153846153844 0.29747596153846156
2 0.4987980769230769 0.49399038461538464 0.42037259615384615 0.8771033653846154
2 0.43149038461538464 0.6141826923076923 0.23317307692307693 0.22265625
2 0.42788461538461536 0.8245192307692307 0.24098557692307693 0.2205528846153846
2 0.171875 0.6153846153846154 0.32962740384615385 0.6165865384615384
0 0.30649038461538464 0.4483173076923077 0.05618990384615385 0.08954326923076923
0 0.31009615384615385 0.8028846153846154 0.06310096153846154 0.09585336538461539
0 0.375 0.734375 0.07151442307692307 0.04176682692307692
0 0.16466346153846154 0.9435096153846154 0.07481971153846154 0.050180288461538464
0 0.7920673076923077 0.5300480769230769 0.09344951923076923 0.06430288461538461
0 0.8545673076923077 0.4411057692307692 0.06460336538461539 0.07932692307692307
1 0.03125 0.43149038461538464 0.033052884615384616 0.10426682692307693
1 0.03365384615384615 0.5853365384615384 0.06219951923076923 0.1778846153846154
1 0.19230769230769232 0.30649038461538464 0.171875 0.05078125
1 0.3137019230769231 0.5925480769230769 0.031850961538461536 0.06520432692307693
1 0.030048076923076924 0.8040865384615384 0.04026442307692308 0.1778846153846154
1 0.24278846153846154 0.9350961538461539 0.05318509615384615 0.023737980769230768
1 0.41466346153846156 0.9326923076923077 0.09945913461538461 0.03936298076923077
1 0.5901442307692307 0.9314903846153846 0.0946514423076923 0.052884615384615384
1 0.31490384615384615 0.1875 0.03876201923076923 0.08774038461538461
1 0.5024038461538461 0.055288461538461536 0.10606971153846154 0.047776442307692304
1 0.8293269230769231 0.056490384615384616 0.09585336538461539 0.02403846153846154
0 0.6730769230769231 0.25600961538461536 0.07211538461538461 0.10757211538461539