2 0.90625 0.4362980769230769 0.10516826923076923 0.17548076923076922
2 0.7560096153846154 0.4362980769230769 0.18990384615384615 0.19411057692307693
2 0.8209134615384616 0.21033653846153846 0.2998798076923077 0.2722355769230769
2 0.4855769230769231 0.5120192307692307 0.4221754807692308 0.87890625
2 0.4182692307692308 0.6322115384615384 0.24459134615384615 0.23467548076923078
2 0.41586538461538464 0.8413461538461539 0.24098557692307693 0.2205528846153846
2 0.15985576923076922 0.6334134615384616 0.28695913461538464 0.6039663461538461
0 0.2932692307692308 0.46634615384615385 0.061598557692307696 0.09134615384615384
0 0.2980769230769231 0.8209134615384616 0.07211538461538461 0.09945913461538461
0 0.36177884615384615 0.7524038461538461 0.0703125 0.03936298076923077
0 0.15144230769230768 0.9615384615384616 0.07782451923076923 0.057992788461538464
0 0.7788461538461539 0.546875 0.1006610576923077 0.07872596153846154
0 0.8413461538461539 0.4579326923076923 0.056790865384615384 0.07391826923076923
1 0.020432692307692308 0.4483173076923077 0.040865384615384616 0.10336538461538461
1 0.020432692307692308 0.6033653846153846 0.039963942307692304 0.17848557692307693
1 0.17908653846153846 0.3245192307692308 0.17067307692307693 0.029146634615384616
1 0.3004807692307692 0.6105769230769231 0.028846153846153848 0.06760817307692307
1 0.016826923076923076 0.8221153846153846 0.03245192307692308 0.1778846153846154
1 0.22956730769230768 0.9519230769230769 0.051382211538461536 0.024939903846153848
1 0.4014423076923077 0.9507211538461539 0.10126201923076923 0.04176682692307692
1 0.5769230769230769 0.9495192307692307 0.09525240384615384 0.048677884615384616
1 0.3016826923076923 0.20432692307692307 0.035757211538461536 0.09134615384615384
1 0.4891826923076923 0.0733173076923077 0.10426682692307693 0.04056490384615385
1 0.8161057692307693 0.07451923076923077 0.09405048076923077 0.04266826923076923
0 0.6598557692307693 0.27403846153846156 0.0703125 0.1063701923076923