2 0.9170673076923077 0.43990384615384615 0.12830528846153846 0.18810096153846154
2 0.7632211538461539 0.43990384615384615 0.1893028846153846 0.19290865384615385
2 0.8293269230769231 0.20793269230769232 0.32602163461538464 0.30018028846153844
2 0.484375 0.5168269230769231 0.37289663461538464 0.8840144230769231
2 0.41466346153846156 0.640625 0.2286658653846154 0.21484375
2 0.41225961538461536 0.8569711538461539 0.24368990384615385 0.21875
2 0.16947115384615385 0.640625 0.3389423076923077 0.6370192307692307
0 0.28725961538461536 0.4699519230769231 0.0655048076923077 0.09615384615384616
0 0.29086538461538464 0.8341346153846154 0.06640625 0.09705528846153846
0 0.35697115384615385 0.7644230769230769 0.07391826923076923 0.04266826923076923
0 0.140625 0.9735576923076923 0.07932692307692307 0.052884615384615384
0 0.7860576923076923 0.5540865384615384 0.10126201923076923 0.07421875
0 0.8497596153846154 0.46274038461538464 0.06490384615384616 0.07962740384615384
1 0.010817307692307692 0.4519230769230769 0.021634615384615384 0.10576923076923077
1 0.019230769230769232 0.6105769230769231 0.038461538461538464 0.1778846153846154
1 0.16947115384615385 0.32572115384615385 0.17548076923076922 0.031850961538461536
1 0.2932692307692308 0.6189903846153846 0.029747596153846152 0.0694110576923077
1 0.01201923076923077 0.8341346153846154 0.02403846153846154 0.18269230769230768
1 0.22115384615384615 0.9699519230769231 0.05318509615384615 0.021634615384615384
1 0.39783653846153844 0.9675480769230769 0.10366586538461539 0.041165865384615384
1 0.578125 0.9675480769230769 0.09765625 0.04537259615384615
1 0.2956730769230769 0.20192307692307693 0.04266826923076923 0.09134615384615384
1 0.4879807692307692 0.0673076923076923 0.11057692307692307 0.047475961538461536
1 0.8245192307692307 0.06850961538461539 0.09645432692307693 0.031850961538461536
0 0.6634615384615384 0.27403846153846156 0.06700721153846154 0.1102764423076923