2 0.22716346153846154 0.140625 0.10787259615384616 0.17938701923076922
2 0.30408653846153844 0.125 0.07211538461538461 0.1544471153846154
2 0.4098557692307692 0.13341346153846154 0.16496394230769232 0.18419471153846154
2 0.328125 0.7992788461538461 0.1505408653846154 0.19501201923076922
2 0.11298076923076923 0.7235576923076923 0.1541466346153846 0.3173076923076923
2 0.1814903846153846 0.3798076923076923 0.25240384615384615 0.3551682692307692
2 0.19110576923076922 0.42788461538461536 0.07842548076923077 0.10126201923076923
2 0.25841346153846156 0.42908653846153844 0.06580528846153846 0.09945913461538461
2 0.21153846153846154 0.5925480769230769 0.11658653846153846 0.21935096153846154
2 0.3245192307692308 0.5444711538461539 0.16766826923076922 0.3094951923076923
2 0.43990384615384615 0.5805288461538461 0.1240985576923077 0.24368990384615385
2 0.4375 0.33774038461538464 0.15384615384615385 0.24338942307692307
2 0.6923076923076923 0.5853365384615384 0.17427884615384615 0.23737980769230768
2 0.7884615384615384 0.7728365384615384 0.1307091346153846 0.14903846153846154
2 0.8629807692307693 0.5564903846153846 0.24459134615384615 0.29537259615384615
2 0.71875 0.42788461538461536 0.06790865384615384 0.08623798076923077
2 0.65625 0.4266826923076923 0.057992788461538464 0.07932692307692307
2 0.5757211538461539 0.4266826923076923 0.08864182692307693 0.0928485576923077
2 0.6971153846153846 0.15865384615384615 0.12530048076923078 0.2109375
2 0.7728365384615384 0.12139423076923077 0.07542067307692307 0.1466346153846154
2 0.7463942307692307 0.23076923076923078 0.49038461538461536 0.42818509615384615
1 0.2512019230769231 0.04927884615384615 0.03545673076923077 0.022235576923076924
1 0.3112980769230769 0.04567307692307692 0.036057692307692304 0.02794471153846154
1 0.3762019230769231 0.046875 0.03125 0.027043269230769232
1 0.4795673076923077 0.2932692307692308 0.019230769230769232 0.10967548076923077
1 0.5024038461538461 0.578125 0.01953125 0.1024639423076923
1 0.4266826923076923 0.7079326923076923 0.057692307692307696 0.025540865384615384
1 0.296875 0.7055288461538461 0.05618990384615385 0.03155048076923077
1 0.23076923076923078 0.7055288461538461 0.053786057692307696 0.02403846153846154
1 0.6213942307692307 0.5973557692307693 0.011117788461538462 0.0673076923076923
1 0.6887019230769231 0.7019230769230769 0.059495192307692304 0.024338942307692308
1 0.8990384615384616 0.703125 0.05739182692307692 0.021033653846153848
1 0.9699519230769231 0.5685096153846154 0.01171875 0.1084735576923077
1 0.9447115384615384 0.28725961538461536 0.01532451923076923 0.10727163461538461
1 0.8425480769230769 0.046875 0.022235576923076924 0.017728365384615384
1 0.7788461538461539 0.052884615384615384 0.027644230769230768 0.028846153846153848
1 0.7007211538461539 0.04927884615384615 0.055288461538461536 0.02734375
1 0.6478365384615384 0.12980769230769232 0.0078125 0.04807692307692308
1 0.5805288461538461 0.20793269230769232 0.038461538461538464 0.026141826923076924
0 0.2692307692307692 0.15625 0.04296875 0.06280048076923077
0 0.3329326923076923 0.140625 0.03125 0.0546875
0 0.38221153846153844 0.31490384615384615 0.03936298076923077 0.057692307692307696
0 0.3557692307692308 0.23317307692307693 0.029146634615384616 0.06280048076923077
0 0.2776442307692308 0.3173076923076923 0.038461538461538464 0.0625
0 0.2860576923076923 0.4699519230769231 0.048677884615384616 0.06430288461538461
0 0.2536057692307692 0.515625 0.04146634615384615 0.0694110576923077
0 0.20793269230769232 0.5 0.03545673076923077 0.04927884615384615
0 0.13822115384615385 0.5877403846153846 0.036959134615384616 0.07451923076923077
0 0.0733173076923077 0.7668269230769231 0.04567307692307692 0.06700721153846154
0 0.17067307692307693 0.75 0.04266826923076923 0.0634014423076923
0 0.359375 0.7079326923076923 0.04567307692307692 0.1427283653846154
0 0.39302884615384615 0.5504807692307693 0.044771634615384616 0.06820913461538461
0 0.5793269230769231 0.4026442307692308 0.04417067307692308 0.07421875
0 0.7596153846153846 0.22235576923076922 0.033353365384615384 0.06099759615384615
0 0.7355769230769231 0.25 0.048978365384615384 0.08774038461538461
0 0.7223557692307693 0.49158653846153844 0.03365384615384615 0.060697115384615384
0 0.7728365384615384 0.5348557692307693 0.052884615384615384 0.1123798076923077
0 0.8245192307692307 0.7043269230769231 0.052584134615384616 0.13822115384615385
1 0.7776442307692307 0.7055288461538461 0.025540865384615384 0.02674278846153846