2 0.22596153846153846 0.16105769230769232 0.11959134615384616 0.18689903846153846
2 0.30288461538461536 0.14423076923076922 0.07662259615384616 0.15925480769230768
2 0.4098557692307692 0.15264423076923078 0.14092548076923078 0.1661658653846154
2 0.3269230769230769 0.8293269230769231 0.13912259615384615 0.19170673076923078
2 0.10817307692307693 0.7524038461538461 0.14002403846153846 0.3269230769230769
2 0.1778846153846154 0.40384615384615385 0.2683293269230769 0.3662860576923077
2 0.18870192307692307 0.4519230769230769 0.07692307692307693 0.10546875
2 0.25600961538461536 0.453125 0.07992788461538461 0.10907451923076923
2 0.20793269230769232 0.6189903846153846 0.14573317307692307 0.2286658653846154
2 0.3233173076923077 0.5697115384615384 0.16646634615384615 0.31310096153846156
2 0.4411057692307692 0.6069711538461539 0.14723557692307693 0.2578125
2 0.4387019230769231 0.359375 0.16165865384615385 0.25150240384615385
2 0.6971153846153846 0.6117788461538461 0.15384615384615385 0.23076923076923078
2 0.7956730769230769 0.8016826923076923 0.13912259615384615 0.15384615384615385
2 0.8701923076923077 0.5829326923076923 0.22686298076923078 0.2899639423076923
2 0.7247596153846154 0.4519230769230769 0.07361778846153846 0.08774038461538461
2 0.6610576923076923 0.45072115384615385 0.06310096153846154 0.08323317307692307
2 0.5793269230769231 0.45072115384615385 0.09134615384615384 0.09375
2 0.703125 0.1778846153846154 0.0985576923076923 0.20252403846153846
2 0.7788461538461539 0.140625 0.061899038461538464 0.14603365384615385
2 0.75 0.2512019230769231 0.5 0.44471153846153844
1 0.24879807692307693 0.0673076923076923 0.03635817307692308 0.02403846153846154
1 0.31009615384615385 0.06370192307692307 0.03485576923076923 0.02674278846153846
1 0.3762019230769231 0.06490384615384616 0.032151442307692304 0.028846153846153848
1 0.48197115384615385 0.31490384615384615 0.03125 0.10606971153846154
1 0.5048076923076923 0.6045673076923077 0.028545673076923076 0.10096153846153846
1 0.4266826923076923 0.7367788461538461 0.060396634615384616 0.028846153846153848
1 0.2956730769230769 0.734375 0.057692307692307696 0.02734375
1 0.2283653846153846 0.734375 0.054086538461538464 0.02403846153846154
1 0.6262019230769231 0.6237980769230769 0.016526442307692308 0.06881009615384616
1 0.6947115384615384 0.7307692307692307 0.05829326923076923 0.024639423076923076
1 0.9074519230769231 0.7319711538461539 0.057692307692307696 0.019230769230769232
1 0.9795673076923077 0.5949519230769231 0.02734375 0.10757211538461539
1 0.9543269230769231 0.3088942307692308 0.008713942307692308 0.10817307692307693
1 0.8509615384615384 0.06490384615384616 0.024338942307692308 0.018329326923076924
1 0.7860576923076923 0.07091346153846154 0.024639423076923076 0.027043269230769232
1 0.7067307692307693 0.06850961538461539 0.05709134615384615 0.019230769230769232
1 0.6514423076923077 0.14903846153846154 0.014423076923076924 0.047475961538461536
1 0.5841346153846154 0.2283653846153846 0.034254807692307696 0.0234375
0 0.2668269230769231 0.17668269230769232 0.047475961538461536 0.0655048076923077
0 0.3329326923076923 0.15985576923076922 0.03155048076923077 0.052884615384615384
0 0.38221153846153844 0.33774038461538464 0.048677884615384616 0.06460336538461539
0 0.3545673076923077 0.2548076923076923 0.036959134615384616 0.06790865384615384
0 0.2764423076923077 0.3401442307692308 0.05198317307692308 0.0694110576923077
0 0.2848557692307692 0.4951923076923077 0.05108173076923077 0.06700721153846154
0 0.2512019230769231 0.5408653846153846 0.045072115384615384 0.0712139423076923
0 0.20552884615384615 0.5252403846153846 0.031850961538461536 0.05048076923076923
0 0.1346153846153846 0.6153846153846154 0.038161057692307696 0.0772235576923077
0 0.06850961538461539 0.7956730769230769 0.04176682692307692 0.06370192307692307
0 0.16706730769230768 0.7800480769230769 0.040865384615384616 0.06490384615384616
0 0.359375 0.7367788461538461 0.060396634615384616 0.14693509615384615
0 0.39302884615384615 0.5769230769230769 0.049879807692307696 0.07211538461538461
0 0.5829326923076923 0.4266826923076923 0.04807692307692308 0.0751201923076923
0 0.7668269230769231 0.24278846153846154 0.03936298076923077 0.06370192307692307
0 0.7415865384615384 0.2704326923076923 0.04176682692307692 0.08984375
0 0.7271634615384616 0.5168269230769231 0.028846153846153848 0.061899038461538464
0 0.7800480769230769 0.5600961538461539 0.040865384615384616 0.11177884615384616
0 0.8317307692307693 0.7331730769230769 0.053786057692307696 0.14002403846153846
1 0.7848557692307693 0.734375 0.021935096153846152 0.026141826923076924