2 0.23197115384615385 0.15504807692307693 0.11268028846153846 0.1796875
2 0.3076923076923077 0.13942307692307693 0.08774038461538461 0.15955528846153846
2 0.41225961538461536 0.14783653846153846 0.16165865384615385 0.18058894230769232
2 0.3317307692307692 0.8064903846153846 0.12079326923076923 0.1778846153846154
2 0.11899038461538461 0.7319711538461539 0.12740384615384615 0.3191105769230769
2 0.18629807692307693 0.3918269230769231 0.2325721153846154 0.3410456730769231
2 0.19591346153846154 0.4387019230769231 0.08443509615384616 0.10576923076923077
2 0.26322115384615385 0.43990384615384615 0.07692307692307693 0.10667067307692307
2 0.21634615384615385 0.6021634615384616 0.10186298076923077 0.21153846153846154
2 0.328125 0.5540865384615384 0.15594951923076922 0.3076923076923077
2 0.4423076923076923 0.5901442307692307 0.15384615384615385 0.25330528846153844
2 0.43990384615384615 0.34975961538461536 0.13551682692307693 0.23377403846153846
2 0.6923076923076923 0.5949519230769231 0.16436298076923078 0.2325721153846154
2 0.7872596153846154 0.7800480769230769 0.13221153846153846 0.14753605769230768
2 0.8605769230769231 0.5661057692307693 0.2109375 0.27554086538461536
2 0.71875 0.43990384615384615 0.06760817307692307 0.08653846153846154
2 0.6574519230769231 0.4375 0.07001201923076923 0.08563701923076923
2 0.5769230769230769 0.4375 0.09134615384615384 0.09194711538461539
2 0.6971153846153846 0.17307692307692307 0.12560096153846154 0.20673076923076922
2 0.7716346153846154 0.13581730769230768 0.05829326923076923 0.14212740384615385
2 0.7463942307692307 0.2439903846153846 0.4807692307692308 0.41586538461538464
1 0.2548076923076923 0.06370192307692307 0.034254807692307696 0.021634615384615384
1 0.31490384615384615 0.06009615384615385 0.03395432692307692 0.02403846153846154
1 0.3786057692307692 0.0625 0.03064903846153846 0.024338942307692308
1 0.48197115384615385 0.30528846153846156 0.01201923076923077 0.10997596153846154
1 0.5048076923076923 0.5877403846153846 0.02013221153846154 0.09915865384615384
1 0.42908653846153844 0.7163461538461539 0.057692307692307696 0.02013221153846154
1 0.3016826923076923 0.7139423076923077 0.05588942307692308 0.03275240384615385
1 0.23557692307692307 0.7139423076923077 0.05318509615384615 0.0234375
1 0.6225961538461539 0.6057692307692307 0.014122596153846154 0.06700721153846154
1 0.6899038461538461 0.7103365384615384 0.05739182692307692 0.022536057692307692
1 0.8966346153846154 0.7115384615384616 0.05739182692307692 0.019831730769230768
1 0.9675480769230769 0.578125 0.026141826923076924 0.10576923076923077
1 0.9423076923076923 0.29927884615384615 0.024939903846153848 0.10276442307692307
1 0.8413461538461539 0.0625 0.020432692307692308 0.018329326923076924
1 0.7788461538461539 0.0673076923076923 0.028245192307692308 0.029447115384615384
1 0.7007211538461539 0.06490384615384616 0.055588942307692304 0.023737980769230768
1 0.6478365384615384 0.14423076923076922 0.009615384615384616 0.047776442307692304
1 0.5817307692307693 0.22115384615384615 0.038461538461538464 0.024338942307692308
0 0.27283653846153844 0.17067307692307693 0.045973557692307696 0.06640625
0 0.33653846153846156 0.15384615384615385 0.033052884615384616 0.05318509615384615
0 0.38461538461538464 0.3269230769230769 0.04717548076923077 0.061598557692307696
0 0.359375 0.24639423076923078 0.036959134615384616 0.06580528846153846
0 0.2824519230769231 0.33052884615384615 0.045072115384615384 0.06490384615384616
0 0.29086538461538464 0.4807692307692308 0.05198317307692308 0.06610576923076923
0 0.25721153846153844 0.5264423076923077 0.043569711538461536 0.0673076923076923
0 0.2127403846153846 0.5108173076923077 0.031850961538461536 0.04957932692307692
0 0.14423076923076922 0.5973557692307693 0.046875 0.07542067307692307
0 0.07932692307692307 0.7740384615384616 0.04447115384615385 0.06700721153846154
0 0.17548076923076922 0.7584134615384616 0.04266826923076923 0.06460336538461539
0 0.3629807692307692 0.7163461538461539 0.04807692307692308 0.14423076923076922
0 0.3954326923076923 0.5600961538461539 0.045973557692307696 0.07091346153846154
0 0.5805288461538461 0.41346153846153844 0.044771634615384616 0.07211538461538461
0 0.7596153846153846 0.23557692307692307 0.037259615384615384 0.0634014423076923
0 0.7355769230769231 0.26322115384615385 0.03786057692307692 0.0850360576923077
0 0.7223557692307693 0.5024038461538461 0.03515625 0.061598557692307696
0 0.7728365384615384 0.5444711538461539 0.051382211538461536 0.10907451923076923
0 0.8233173076923077 0.7127403846153846 0.060697115384615384 0.13311298076923078
1 0.7764423076923077 0.7139423076923077 0.024639423076923076 0.02794471153846154