2 0.5757211538461539 0.09014423076923077 0.33413461538461536 0.18028846153846154
2 0.6911057692307693 0.265625 0.10306490384615384 0.1893028846153846
2 0.6923076923076923 0.4098557692307692 0.1102764423076923 0.10366586538461539
2 0.6911057692307693 0.5048076923076923 0.10096153846153846 0.09224759615384616
2 0.4567307692307692 0.4579326923076923 0.45072115384615385 0.6078725961538461
2 0.6237980769230769 0.6514423076923077 0.2286658653846154 0.1817908653846154
2 0.39663461538461536 0.484375 0.10216346153846154 0.11748798076923077
2 0.3125 0.48677884615384615 0.07602163461538461 0.10757211538461539
2 0.3641826923076923 0.6430288461538461 0.18419471153846154 0.20402644230769232
2 0.47836538461538464 0.8233173076923077 0.16796875 0.1658653846153846
1 0.3293269230769231 0.17067307692307693 0.05739182692307692 0.013822115384615384
1 0.3918269230769231 0.171875 0.05348557692307692 0.019230769230769232
1 0.546875 0.16706730769230768 0.06971153846153846 0.027043269230769232
1 0.6105769230769231 0.7487980769230769 0.06760817307692307 0.030348557692307692
1 0.3473557692307692 0.7463942307692307 0.05979567307692308 0.016526442307692308
1 0.2776442307692308 0.6454326923076923 0.027043269230769232 0.10336538461538461
0 0.6754807692307693 0.14543269230769232 0.05709134615384615 0.0790264423076923
0 0.44591346153846156 0.1466346153846154 0.044771634615384616 0.06760817307692307
0 0.6213942307692307 0.3004807692307692 0.06520432692307693 0.07602163461538461
0 0.6682692307692307 0.3401442307692308 0.04837740384615385 0.0673076923076923
0 0.6694711538461539 0.4362980769230769 0.055288461538461536 0.06971153846153846
0 0.43028846153846156 0.46634615384615385 0.056790865384615384 0.06280048076923077
0 0.3269230769230769 0.5252403846153846 0.048978365384615384 0.0703125
0 0.43149038461538464 0.5829326923076923 0.05618990384615385 0.0694110576923077
0 0.5336538461538461 0.5973557692307693 0.05198317307692308 0.052884615384615384
0 0.47716346153846156 0.7740384615384616 0.057692307692307696 0.06760817307692307