2 0.5685096153846154 0.09134615384615384 0.33443509615384615 0.15504807692307693
2 0.6838942307692307 0.27163461538461536 0.13221153846153846 0.19771634615384615
2 0.6862980769230769 0.41947115384615385 0.11298076923076923 0.10576923076923077
2 0.6850961538461539 0.515625 0.10486778846153846 0.09795673076923077
2 0.44591346153846156 0.4675480769230769 0.3722956730769231 0.5787259615384616
2 0.6153846153846154 0.6646634615384616 0.2403846153846154 0.19020432692307693
2 0.3858173076923077 0.4951923076923077 0.10757211538461539 0.12049278846153846
2 0.29927884615384615 0.4963942307692308 0.07451923076923077 0.10817307692307693
2 0.35216346153846156 0.6550480769230769 0.17638221153846154 0.19951923076923078
2 0.4675480769230769 0.8389423076923077 0.16826923076923078 0.16706730769230768
1 0.3161057692307692 0.17548076923076922 0.057692307692307696 0.02283653846153846
1 0.38100961538461536 0.1778846153846154 0.055288461538461536 0.019230769230769232
1 0.5384615384615384 0.17307692307692307 0.07241586538461539 0.024939903846153848
1 0.6021634615384616 0.7632211538461539 0.06971153846153846 0.017127403846153848
1 0.33533653846153844 0.7608173076923077 0.05979567307692308 0.026141826923076924
1 0.2644230769230769 0.6574519230769231 0.03365384615384615 0.10366586538461539
0 0.6682692307692307 0.1502403846153846 0.057992788461538464 0.07932692307692307
0 0.43509615384615385 0.15144230769230768 0.04326923076923077 0.0673076923076923
0 0.6141826923076923 0.3076923076923077 0.06400240384615384 0.07271634615384616
0 0.6610576923076923 0.3485576923076923 0.05739182692307692 0.07241586538461539
0 0.6622596153846154 0.44591346153846156 0.060697115384615384 0.07481971153846154
0 0.41947115384615385 0.47716346153846156 0.052884615384615384 0.060697115384615384
0 0.31490384615384615 0.5360576923076923 0.05198317307692308 0.07241586538461539
0 0.4206730769230769 0.5949519230769231 0.06129807692307692 0.0703125
0 0.5252403846153846 0.609375 0.050180288461538464 0.05078125
0 0.4675480769230769 0.7884615384615384 0.0546875 0.06790865384615384