2 0.5721153846153846 0.09735576923076923 0.32632211538461536 0.13731971153846154
2 0.6862980769230769 0.2764423076923077 0.11868990384615384 0.19621394230769232
2 0.6887019230769231 0.421875 0.1084735576923077 0.09945913461538461
2 0.6862980769230769 0.5168269230769231 0.10396634615384616 0.09705528846153846
2 0.45072115384615385 0.4699519230769231 0.42007211538461536 0.5994591346153846
2 0.6189903846153846 0.6646634615384616 0.23798076923076922 0.19050480769230768
2 0.390625 0.4963942307692308 0.10306490384615384 0.1171875
2 0.30528846153846156 0.4987980769230769 0.08713942307692307 0.11328125
2 0.35697115384615385 0.6550480769230769 0.17608173076923078 0.19891826923076922
2 0.4723557692307692 0.8377403846153846 0.16015625 0.15655048076923078
1 0.32211538461538464 0.18028846153846154 0.057692307692307696 0.015024038461538462
1 0.3858173076923077 0.18269230769230768 0.055288461538461536 0.018629807692307692
1 0.5408653846153846 0.1778846153846154 0.07211538461538461 0.028245192307692308
1 0.6057692307692307 0.7620192307692307 0.06790865384615384 0.01893028846153846
1 0.34134615384615385 0.7596153846153846 0.057992788461538464 0.014723557692307692
1 0.27163461538461536 0.6586538461538461 0.03245192307692308 0.1045673076923077
0 0.6706730769230769 0.15625 0.047475961538461536 0.07301682692307693
0 0.43990384615384615 0.15625 0.054086538461538464 0.07181490384615384
0 0.6165865384615384 0.3112980769230769 0.06099759615384615 0.07061298076923077
0 0.6634615384615384 0.35216346153846156 0.057992788461538464 0.07391826923076923
0 0.6646634615384616 0.4483173076923077 0.059495192307692304 0.07481971153846154
0 0.42427884615384615 0.47836538461538464 0.059495192307692304 0.06640625
0 0.32091346153846156 0.5372596153846154 0.05078125 0.07211538461538461
0 0.4254807692307692 0.5949519230769231 0.06280048076923077 0.07061298076923077
0 0.5288461538461539 0.609375 0.05739182692307692 0.057692307692307696
0 0.47115384615384615 0.7872596153846154 0.056490384615384616 0.0694110576923077