2 0.16706730769230768 0.41586538461538464 0.33413461538461536 0.5240384615384616
2 0.375 0.2764423076923077 0.18299278846153846 0.2403846153846154
2 0.46875 0.6177884615384616 0.125 0.15865384615384615
2 0.5649038461538461 0.4170673076923077 0.5712139423076923 0.5447716346153846
2 0.9002403846153846 0.41947115384615385 0.19951923076923078 0.5072115384615384
0 0.3762019230769231 0.4254807692307692 0.06881009615384616 0.09164663461538461
0 0.27163461538461536 0.4879807692307692 0.0811298076923077 0.09645432692307693
0 0.47115384615384615 0.5120192307692307 0.061598557692307696 0.0907451923076923
0 0.3449519230769231 0.6802884615384616 0.07842548076923077 0.16286057692307693
0 0.8617788461538461 0.43509615384615385 0.07992788461538461 0.09014423076923077
1 0.039663461538461536 0.3112980769230769 0.03365384615384615 0.16526442307692307
1 0.040865384615384616 0.4891826923076923 0.024939903846153848 0.16135817307692307
1 0.8377403846153846 0.2932692307692308 0.03545673076923077 0.19140625
1 0.8365384615384616 0.5576923076923077 0.015024038461538462 0.13942307692307693