2 0.16826923076923078 0.4050480769230769 0.2743389423076923 0.5159254807692307
2 0.3798076923076923 0.2620192307692308 0.18299278846153846 0.2442908653846154
2 0.4735576923076923 0.6081730769230769 0.11989182692307693 0.15865384615384615
2 0.5721153846153846 0.4050480769230769 0.5534855769230769 0.5258413461538461
2 0.9122596153846154 0.4074519230769231 0.15865384615384615 0.5162259615384616
0 0.3798076923076923 0.41346153846153844 0.06610576923076923 0.0907451923076923
0 0.27403846153846156 0.47596153846153844 0.08082932692307693 0.0967548076923077
0 0.47596153846153844 0.5012019230769231 0.06640625 0.09344951923076923
0 0.3485576923076923 0.671875 0.09014423076923077 0.1658653846153846
0 0.8737980769230769 0.4230769230769231 0.07061298076923077 0.08203125
1 0.038461538461538464 0.2980769230769231 0.018028846153846152 0.16826923076923078
1 0.039663461538461536 0.47836538461538464 0.021935096153846152 0.16376201923076922
1 0.8485576923076923 0.27884615384615385 0.015625 0.19260817307692307
1 0.8473557692307693 0.5480769230769231 0.03635817307692308 0.14002403846153846