2 0.1622596153846154 0.39663461538461536 0.2815504807692308 0.5240384615384616
2 0.375 0.2512019230769231 0.18269230769230768 0.24368990384615385
2 0.47115384615384615 0.6021634615384616 0.10516826923076923 0.1505408653846154
2 0.5697115384615384 0.3954326923076923 0.5534855769230769 0.5261418269230769
2 0.8990384615384616 0.39783653846153844 0.20192307692307693 0.5168269230769231
0 0.3762019230769231 0.4050480769230769 0.0655048076923077 0.09344951923076923
0 0.2692307692307692 0.46875 0.0772235576923077 0.09585336538461539
0 0.4735576923076923 0.49278846153846156 0.06370192307692307 0.09555288461538461
0 0.3449519230769231 0.6658653846153846 0.06911057692307693 0.16706730769230768
0 0.875 0.41466346153846156 0.08173076923076923 0.0889423076923077
1 0.03125 0.28725961538461536 0.051682692307692304 0.16526442307692307
1 0.03245192307692308 0.4699519230769231 0.017127403846153848 0.1661658653846154
1 0.8497596153846154 0.2692307692307692 0.021033653846153848 0.19681490384615385
1 0.8485576923076923 0.5408653846153846 0.03936298076923077 0.13972355769230768