2 0.5192307692307693 0.2860576923076923 0.36929086538461536 0.5489783653846154
2 0.5504807692307693 0.057692307692307696 0.125 0.07151442307692307
2 0.5516826923076923 0.1658653846153846 0.1268028846153846 0.14783653846153846
2 0.4026442307692308 0.3317307692307692 0.08864182692307693 0.07301682692307693
2 0.4014423076923077 0.40865384615384615 0.09134615384615384 0.08774038461538461
2 0.3894230769230769 0.4963942307692308 0.0772235576923077 0.09765625
2 0.390625 0.5841346153846154 0.0625 0.08203125
2 0.4423076923076923 0.5877403846153846 0.048677884615384616 0.0703125
2 0.4963942307692308 0.5877403846153846 0.057692307692307696 0.07421875
2 0.5673076923076923 0.5576923076923077 0.09224759615384616 0.13431490384615385
2 0.5504807692307693 0.41947115384615385 0.14002403846153846 0.14182692307692307
1 0.546875 0.09134615384615384 0.06009615384615385 0.024338942307692308
1 0.6382211538461539 0.24158653846153846 0.012319711538461538 0.01141826923076923
1 0.6586538461538461 0.30288461538461536 0.014122596153846154 0.0868389423076923
1 0.6141826923076923 0.4423076923076923 0.020733173076923076 0.09104567307692307
1 0.5721153846153846 0.6274038461538461 0.05889423076923077 0.029146634615384616
1 0.4026442307692308 0.6286057692307693 0.017728365384615384 0.012920673076923076
1 0.44471153846153844 0.6274038461538461 0.019230769230769232 0.013521634615384616
2 0.43149038461538464 0.7680288461538461 0.18058894230769232 0.2770432692307692
2 0.38341346153846156 0.7752403846153846 0.0850360576923077 0.06009615384615385
2 0.3870192307692308 0.6899038461538461 0.08623798076923077 0.11508413461538461
0 0.5 0.06610576923076923 0.033353365384615384 0.04657451923076923
0 0.5012019230769231 0.21754807692307693 0.038461538461538464 0.03515625
0 0.42908653846153844 0.3473557692307692 0.030949519230769232 0.035757211538461536
0 0.4519230769230769 0.42788461538461536 0.028545673076923076 0.03876201923076923
0 0.5 0.4254807692307692 0.03365384615384615 0.038161057692307696
0 0.4014423076923077 0.4338942307692308 0.03275240384615385 0.032151442307692304
0 0.40384615384615385 0.5300480769230769 0.028846153846153848 0.03515625
0 0.4543269230769231 0.5372596153846154 0.024639423076923076 0.03064903846153846
0 0.5372596153846154 0.5096153846153846 0.036057692307692304 0.03936298076923077
0 0.4987980769230769 0.5685096153846154 0.03365384615384615 0.04176682692307692
0 0.5012019230769231 0.6466346153846154 0.03665865384615385 0.042367788461538464
0 0.421875 0.6766826923076923 0.0546875 0.057692307692307696
0 0.38822115384615385 0.8161057692307693 0.06430288461538461 0.04657451923076923