2 0.53125 0.29086538461538464 0.4140625 0.5763221153846154
2 0.5637019230769231 0.056490384615384616 0.12800480769230768 0.07361778846153846
2 0.5649038461538461 0.16826923076923078 0.12590144230769232 0.14873798076923078
2 0.4110576923076923 0.33774038461538464 0.09194711538461539 0.0790264423076923
2 0.4098557692307692 0.4170673076923077 0.09435096153846154 0.0928485576923077
2 0.39783653846153844 0.5072115384615384 0.07542067307692307 0.09705528846153846
2 0.39903846153846156 0.5973557692307693 0.06640625 0.08473557692307693
2 0.453125 0.5997596153846154 0.06400240384615384 0.07932692307692307
2 0.5072115384615384 0.6009615384615384 0.048978365384615384 0.06850961538461539
2 0.5805288461538461 0.5709134615384616 0.11328125 0.1466346153846154
2 0.5625 0.42788461538461536 0.14933894230769232 0.14963942307692307
1 0.5600961538461539 0.09254807692307693 0.06219951923076923 0.017728365384615384
1 0.6526442307692307 0.24519230769230768 0.012920673076923076 0.010216346153846154
1 0.6742788461538461 0.3088942307692308 0.015925480769230768 0.08924278846153846
1 0.6286057692307693 0.45072115384615385 0.020733173076923076 0.09134615384615384
1 0.5853365384615384 0.6418269230769231 0.0625 0.01953125
1 0.4110576923076923 0.6430288461538461 0.019230769230769232 0.01171875
1 0.45552884615384615 0.6418269230769231 0.019230769230769232 0.009915865384615384
2 0.4411057692307692 0.7860576923076923 0.20372596153846154 0.2938701923076923
2 0.3918269230769231 0.7932692307692307 0.0868389423076923 0.05859375
2 0.3954326923076923 0.7055288461538461 0.0985576923076923 0.12319711538461539
0 0.5120192307692307 0.06610576923076923 0.03485576923076923 0.049879807692307696
0 0.5120192307692307 0.21995192307692307 0.038461538461538464 0.03545673076923077
0 0.4387019230769231 0.35336538461538464 0.03125 0.034254807692307696
0 0.46274038461538464 0.4362980769230769 0.030348557692307692 0.040865384615384616
0 0.5120192307692307 0.4338942307692308 0.038161057692307696 0.040865384615384616
0 0.4110576923076923 0.4423076923076923 0.03275240384615385 0.03365384615384615
0 0.41225961538461536 0.5408653846153846 0.030348557692307692 0.033353365384615384
0 0.4651442307692308 0.5492788461538461 0.022536057692307692 0.03155048076923077
0 0.5492788461538461 0.5204326923076923 0.039963942307692304 0.045072115384615384
0 0.5096153846153846 0.5817307692307693 0.034555288461538464 0.043870192307692304
0 0.5132211538461539 0.6622596153846154 0.03545673076923077 0.04026442307692308
0 0.43028846153846156 0.6923076923076923 0.052584134615384616 0.05739182692307692
0 0.39663461538461536 0.8353365384615384 0.06219951923076923 0.045072115384615384