2 0.5072115384615384 0.27403846153846156 0.375 0.5480769230769231
2 0.5396634615384616 0.037259615384615384 0.13221153846153846 0.07451923076923077
2 0.5420673076923077 0.14783653846153846 0.14423076923076922 0.16165865384615385
2 0.38822115384615385 0.3161057692307692 0.09615384615384616 0.08323317307692307
2 0.38822115384615385 0.3942307692307692 0.08984375 0.08743990384615384
2 0.375 0.484375 0.07271634615384616 0.09405048076923077
2 0.37740384615384615 0.5745192307692307 0.06280048076923077 0.0829326923076923
2 0.43028846153846156 0.5769230769230769 0.06219951923076923 0.07752403846153846
2 0.484375 0.578125 0.05498798076923077 0.07211538461538461
2 0.5576923076923077 0.546875 0.10967548076923077 0.1427283653846154
2 0.5396634615384616 0.40625 0.13762019230769232 0.14002403846153846
1 0.5372596153846154 0.07091346153846154 0.060396634615384616 0.015925480769230768
1 0.6298076923076923 0.22355769230769232 0.014122596153846154 0.010216346153846154
1 0.6502403846153846 0.28725961538461536 0.021935096153846152 0.0889423076923077
1 0.6057692307692307 0.42908653846153844 0.024338942307692308 0.08954326923076923
1 0.5625 0.6177884615384616 0.06280048076923077 0.023737980769230768
1 0.3894230769230769 0.6189903846153846 0.019230769230769232 0.01171875
1 0.4326923076923077 0.6189903846153846 0.019230769230769232 0.012319711538461538
2 0.41947115384615385 0.7620192307692307 0.22415865384615385 0.3019831730769231
2 0.3701923076923077 0.7692307692307693 0.08563701923076923 0.05318509615384615
2 0.3737980769230769 0.6826923076923077 0.08473557692307693 0.11508413461538461
0 0.4891826923076923 0.04567307692307692 0.028846153846153848 0.043569711538461536
0 0.49038461538461536 0.19951923076923078 0.04266826923076923 0.038461538461538464
0 0.41586538461538464 0.3317307692307692 0.03485576923076923 0.0390625
0 0.43990384615384615 0.41466346153846156 0.029146634615384616 0.040865384615384616
0 0.4891826923076923 0.41225961538461536 0.03635817307692308 0.04026442307692308
0 0.38822115384615385 0.4206730769230769 0.030949519230769232 0.034254807692307696
0 0.390625 0.5180288461538461 0.026141826923076924 0.030949519230769232
0 0.4423076923076923 0.5264423076923077 0.023737980769230768 0.029146634615384616
0 0.5264423076923077 0.49759615384615385 0.03756009615384615 0.04326923076923077
0 0.48677884615384615 0.5588942307692307 0.035757211538461536 0.04567307692307692
0 0.49038461538461536 0.6382211538461539 0.03786057692307692 0.039963942307692304
0 0.40865384615384615 0.6682692307692307 0.056790865384615384 0.05859375
0 0.3737980769230769 0.8100961538461539 0.060396634615384616 0.04326923076923077