2 0.7836538461538461 0.12620192307692307 0.32632211538461536 0.21814903846153846
2 0.36177884615384615 0.4026442307692308 0.31009615384615385 0.37830528846153844
2 0.5757211538461539 0.5084134615384616 0.7719350961538461 0.6610576923076923
2 0.14543269230769232 0.6646634615384616 0.1466346153846154 0.26231971153846156
2 0.14543269230769232 0.44591346153846156 0.15655048076923078 0.16676682692307693
2 0.14302884615384615 0.2860576923076923 0.12830528846153846 0.14032451923076922
1 0.3004807692307692 0.22115384615384615 0.23527644230769232 0.04266826923076923
1 0.7872596153846154 0.22355769230769232 0.12740384615384615 0.03485576923076923
0 0.17908653846153846 0.5588942307692307 0.06911057692307693 0.07992788461538461
0 0.2439903846153846 0.29447115384615385 0.09375 0.08022836538461539
0 0.671875 0.22115384615384615 0.0985576923076923 0.17277644230769232
0 0.2644230769230769 0.5564903846153846 0.0811298076923077 0.09825721153846154
0 0.24519230769230768 0.6790865384615384 0.09104567307692307 0.07932692307692307
0 0.26322115384615385 0.8040865384615384 0.09915865384615384 0.17638221153846154