2 0.7800480769230769 0.15264423076923078 0.3049879807692308 0.19411057692307693
2 0.3762019230769231 0.4170673076923077 0.2764423076923077 0.34945913461538464
2 0.5817307692307693 0.5192307692307693 0.7445913461538461 0.6394230769230769
2 0.16826923076923078 0.6694711538461539 0.1307091346153846 0.24759615384615385
2 0.16947115384615385 0.46033653846153844 0.14182692307692307 0.15564903846153846
2 0.16706730769230768 0.30649038461538464 0.13311298076923078 0.1424278846153846
1 0.3173076923076923 0.2439903846153846 0.2208533653846154 0.0694110576923077
1 0.7836538461538461 0.24519230769230768 0.12439903846153846 0.023737980769230768
0 0.20072115384615385 0.5685096153846154 0.0751201923076923 0.08383413461538461
0 0.26322115384615385 0.31490384615384615 0.08924278846153846 0.08082932692307693
0 0.6730769230769231 0.2439903846153846 0.08623798076923077 0.16346153846153846
0 0.28365384615384615 0.5649038461538461 0.08623798076923077 0.10096153846153846
0 0.2644230769230769 0.6826923076923077 0.09194711538461539 0.0811298076923077
0 0.2824519230769231 0.8028846153846154 0.0850360576923077 0.16736778846153846