2 0.7920673076923077 0.12980769230769232 0.3239182692307692 0.22025240384615385
2 0.3713942307692308 0.40384615384615385 0.3010817307692308 0.375
2 0.5853365384615384 0.5084134615384616 0.7962740384615384 0.6998197115384616
2 0.15745192307692307 0.6646634615384616 0.15715144230769232 0.26622596153846156
2 0.15745192307692307 0.4483173076923077 0.13641826923076922 0.1505408653846154
2 0.15504807692307693 0.28846153846153844 0.13671875 0.14813701923076922
1 0.3112980769230769 0.22355769230769232 0.23317307692307693 0.05228365384615385
1 0.7956730769230769 0.22596153846153846 0.12530048076923078 0.029447115384615384
0 0.18990384615384615 0.5600961538461539 0.07211538461538461 0.0829326923076923
0 0.2548076923076923 0.296875 0.09104567307692307 0.07962740384615384
0 0.6802884615384616 0.22355769230769232 0.09164663461538461 0.17217548076923078
0 0.2764423076923077 0.5576923076923077 0.08623798076923077 0.10486778846153846
0 0.25721153846153844 0.6790865384615384 0.09164663461538461 0.07992788461538461
0 0.27403846153846156 0.8040865384615384 0.10606971153846154 0.17548076923076922