2 0.4963942307692308 0.08774038461538461 0.42518028846153844 0.13611778846153846
2 0.5 0.47836538461538464 0.46033653846153844 0.640625
2 0.36658653846153844 0.5456730769230769 0.16105769230769232 0.25991586538461536
2 0.34615384615384615 0.7824519230769231 0.14483173076923078 0.20823317307692307
2 0.5637019230769231 0.8449519230769231 0.2965745192307692 0.10336538461538461
2 0.6189903846153846 0.7055288461538461 0.19050480769230768 0.18509615384615385
2 0.6177884615384616 0.515625 0.20282451923076922 0.22415865384615385
1 0.40384615384615385 0.1622596153846154 0.12379807692307693 0.035757211538461536
1 0.5961538461538461 0.16466346153846154 0.13010817307692307 0.02403846153846154
1 0.2848557692307692 0.25721153846153844 0.026442307692307692 0.109375
1 0.2848557692307692 0.6069711538461539 0.026442307692307692 0.07421875
1 0.5721153846153846 0.796875 0.057692307692307696 0.020733173076923076
0 0.5 0.12860576923076922 0.07211538461538461 0.09885817307692307
0 0.5168269230769231 0.4879807692307692 0.05739182692307692 0.0625
0 0.6826923076923077 0.49399038461538464 0.04837740384615385 0.06490384615384616
0 0.4375 0.6129807692307693 0.05859375 0.061899038461538464
0 0.5456730769230769 0.6502403846153846 0.05198317307692308 0.05979567307692308
0 0.49399038461538464 0.8293269230769231 0.060396634615384616 0.08203125
0 0.43149038461538464 0.8413461538461539 0.06460336538461539 0.07241586538461539