2 0.49759615384615385 0.06850961538461539 0.4375 0.13701923076923078
2 0.5012019230769231 0.4639423076923077 0.5447716346153846 0.6959134615384616
2 0.36538461538461536 0.5336538461538461 0.16466346153846154 0.26953125
2 0.34375 0.7764423076923077 0.14813701923076922 0.21153846153846154
2 0.5661057692307693 0.8413461538461539 0.3125 0.13942307692307693
2 0.6237980769230769 0.6971153846153846 0.18269230769230768 0.17427884615384615
2 0.6225961538461539 0.5024038461538461 0.19621394230769232 0.2208533653846154
1 0.4026442307692308 0.140625 0.1271033653846154 0.041165865384615384
1 0.6009615384615384 0.14302884615384615 0.13401442307692307 0.04176682692307692
1 0.2800480769230769 0.23677884615384615 0.03064903846153846 0.10817307692307693
1 0.28125 0.5973557692307693 0.029146634615384616 0.0751201923076923
1 0.5757211538461539 0.7920673076923077 0.05979567307692308 0.021935096153846152
0 0.5012019230769231 0.10576923076923077 0.07421875 0.10186298076923077
0 0.5192307692307693 0.47475961538461536 0.056490384615384616 0.0625
0 0.6887019230769231 0.4807692307692308 0.049879807692307696 0.06640625
0 0.4375 0.6033653846153846 0.05829326923076923 0.06280048076923077
0 0.5480769230769231 0.6418269230769231 0.056490384615384616 0.06280048076923077
0 0.4951923076923077 0.8257211538461539 0.0673076923076923 0.08864182692307693
0 0.43149038461538464 0.8377403846153846 0.0655048076923077 0.07481971153846154