2 0.47716346153846156 0.0733173076923077 0.43990384615384615 0.1466346153846154
2 0.48197115384615385 0.47596153846153844 0.5399639423076923 0.6968149038461539
2 0.3449519230769231 0.5456730769230769 0.20462740384615385 0.28846153846153844
2 0.3233173076923077 0.7896634615384616 0.12800480769230768 0.20402644230769232
2 0.546875 0.8545673076923077 0.31099759615384615 0.13161057692307693
2 0.6045673076923077 0.7103365384615384 0.19080528846153846 0.18449519230769232
2 0.6033653846153846 0.5144230769230769 0.2013221153846154 0.22596153846153846
1 0.38341346153846156 0.1502403846153846 0.13221153846153846 0.022536057692307692
1 0.5817307692307693 0.15264423076923078 0.1346153846153846 0.041165865384615384
1 0.25961538461538464 0.24759615384615385 0.018629807692307692 0.11087740384615384
1 0.25961538461538464 0.609375 0.023137019230769232 0.0790264423076923
1 0.5564903846153846 0.8052884615384616 0.06009615384615385 0.014122596153846154
0 0.48197115384615385 0.11538461538461539 0.07391826923076923 0.10126201923076923
0 0.4987980769230769 0.48677884615384615 0.0625 0.0673076923076923
0 0.6706730769230769 0.49158653846153844 0.04837740384615385 0.06520432692307693
0 0.4170673076923077 0.6153846153846154 0.060697115384615384 0.0634014423076923
0 0.5288461538461539 0.6538461538461539 0.052884615384615384 0.06219951923076923
0 0.47475961538461536 0.8389423076923077 0.06460336538461539 0.08563701923076923
0 0.4110576923076923 0.8509615384615384 0.0673076923076923 0.07602163461538461