1 0.4254807692307692 0.006009615384615385 0.0673076923076923 0.01201923076923077
1 0.14903846153846154 0.13581730769230768 0.020432692307692308 0.08323317307692307
1 0.14903846153846154 0.33052884615384615 0.02794471153846154 0.08383413461538461
1 0.14783653846153846 0.41947115384615385 0.01622596153846154 0.0790264423076923
1 0.2127403846153846 0.6754807692307693 0.03545673076923077 0.019230769230769232
1 0.26322115384615385 0.8076923076923077 0.021033653846153848 0.08653846153846154
1 0.31850961538461536 0.8762019230769231 0.07061298076923077 0.02674278846153846
1 0.3918269230769231 0.8774038461538461 0.06760817307692307 0.033052884615384616
1 0.5637019230769231 0.7415865384615384 0.006911057692307692 0.05979567307692308
1 0.5637019230769231 0.6009615384615384 0.017427884615384616 0.038461538461538464
1 0.5637019230769231 0.47596153846153844 0.014423076923076924 0.03876201923076923
1 0.5637019230769231 0.4026442307692308 0.01622596153846154 0.04326923076923077
1 0.5649038461538461 0.32091346153846156 0.019230769230769232 0.03665865384615385
2 0.24158653846153846 0.11538461538461539 0.19951923076923078 0.23076923076923078
2 0.4543269230769231 0.11778846153846154 0.23557692307692307 0.23557692307692307
2 0.5120192307692307 0.2920673076923077 0.11989182692307693 0.13161057692307693
2 0.31850961538461536 0.5516826923076923 0.3972355769230769 0.6568509615384616
2 0.5072115384615384 0.8413461538461539 0.11568509615384616 0.09495192307692307
2 0.5012019230769231 0.7223557692307693 0.12349759615384616 0.13311298076923078
2 0.5336538461538461 0.6177884615384616 0.06850961538461539 0.09224759615384616
2 0.515625 0.4567307692307692 0.125 0.21574519230769232
0 0.31850961538461536 0.21153846153846154 0.0625 0.07211538461538461
0 0.3786057692307692 0.21153846153846154 0.0655048076923077 0.07301682692307693
0 0.5372596153846154 0.37259615384615385 0.04026442307692308 0.05348557692307692
0 0.47115384615384615 0.5516826923076923 0.07271634615384616 0.06911057692307693
0 0.46634615384615385 0.6850961538461539 0.0868389423076923 0.09705528846153846
0 0.5240384615384616 0.6935096153846154 0.052584134615384616 0.0673076923076923
0 0.5 0.8233173076923077 0.06790865384615384 0.07692307692307693