1 0.4254807692307692 0.010817307692307692 0.0673076923076923 0.021634615384615384
1 0.1502403846153846 0.14423076923076922 0.01201923076923077 0.08203125
1 0.1502403846153846 0.3389423076923077 0.026141826923076924 0.08143028846153846
1 0.14903846153846154 0.4266826923076923 0.015024038461538462 0.07932692307692307
1 0.21394230769230768 0.6814903846153846 0.03365384615384615 0.01622596153846154
1 0.26322115384615385 0.8125 0.021033653846153848 0.08653846153846154
1 0.31971153846153844 0.8810096153846154 0.07241586538461539 0.03515625
1 0.3918269230769231 0.8822115384615384 0.06790865384615384 0.025240384615384616
1 0.5637019230769231 0.7463942307692307 0.01171875 0.05979567307692308
1 0.5625 0.6069711538461539 0.018629807692307692 0.03635817307692308
1 0.5637019230769231 0.48197115384615385 0.012620192307692308 0.04056490384615385
1 0.5637019230769231 0.4098557692307692 0.021033653846153848 0.04176682692307692
1 0.5637019230769231 0.328125 0.017427884615384616 0.036057692307692304
2 0.2439903846153846 0.12379807692307693 0.20012019230769232 0.23076923076923078
2 0.453125 0.12379807692307693 0.24278846153846154 0.24759615384615385
2 0.5120192307692307 0.3004807692307692 0.10997596153846154 0.1240985576923077
2 0.31850961538461536 0.5576923076923077 0.39603365384615385 0.6538461538461539
2 0.5060096153846154 0.8461538461538461 0.1171875 0.09585336538461539
2 0.5012019230769231 0.7271634615384616 0.13191105769230768 0.13762019230769232
2 0.5324519230769231 0.6237980769230769 0.06490384615384616 0.08924278846153846
2 0.515625 0.46274038461538464 0.10366586538461539 0.20823317307692307
0 0.31971153846153844 0.21995192307692307 0.05348557692307692 0.0673076923076923
0 0.3798076923076923 0.21995192307692307 0.0634014423076923 0.07211538461538461
0 0.5372596153846154 0.38100961538461536 0.045072115384615384 0.055288461538461536
0 0.4699519230769231 0.5576923076923077 0.07061298076923077 0.06610576923076923
0 0.46634615384615385 0.6899038461538461 0.07301682692307693 0.08743990384615384
0 0.5228365384615384 0.6983173076923077 0.055288461538461536 0.06971153846153846
0 0.5 0.828125 0.06670673076923077 0.07451923076923077