1 0.43509615384615385 0.020432692307692308 0.06760817307692307 0.026141826923076924
1 0.16466346153846154 0.15144230769230768 0.021334134615384616 0.08052884615384616
1 0.16466346153846154 0.3401442307692308 0.015925480769230768 0.08173076923076923
1 0.16466346153846154 0.4266826923076923 0.019230769230769232 0.07842548076923077
1 0.2283653846153846 0.6766826923076923 0.03365384615384615 0.012620192307692308
1 0.2764423076923077 0.8040865384615384 0.010516826923076924 0.08413461538461539
1 0.33052884615384615 0.8713942307692307 0.0703125 0.03155048076923077
1 0.4014423076923077 0.8725961538461539 0.06700721153846154 0.03275240384615385
1 0.5697115384615384 0.7403846153846154 0.01532451923076923 0.056490384615384616
1 0.5685096153846154 0.6033653846153846 0.012620192307692308 0.038161057692307696
1 0.5697115384615384 0.48197115384615385 0.013822115384615384 0.038461538461538464
1 0.5697115384615384 0.4110576923076923 0.019230769230769232 0.04296875
1 0.5697115384615384 0.33052884615384615 0.013521634615384616 0.036057692307692304
2 0.25721153846153844 0.1310096153846154 0.22626201923076922 0.25
2 0.4639423076923077 0.12740384615384615 0.2403846153846154 0.25450721153846156
2 0.5192307692307693 0.30288461538461536 0.11117788461538461 0.12469951923076923
2 0.33052884615384615 0.5552884615384616 0.43539663461538464 0.6541466346153846
2 0.5132211538461539 0.8377403846153846 0.10877403846153846 0.08413461538461539
2 0.5084134615384616 0.7211538461538461 0.11328125 0.12439903846153846
2 0.5396634615384616 0.6201923076923077 0.0694110576923077 0.09104567307692307
2 0.5228365384615384 0.46274038461538464 0.11778846153846154 0.2091346153846154
0 0.33052884615384615 0.2247596153846154 0.06520432692307693 0.07391826923076923
0 0.3894230769230769 0.2247596153846154 0.05348557692307692 0.06520432692307693
0 0.5432692307692307 0.38221153846153844 0.04296875 0.05318509615384615
0 0.47836538461538464 0.5552884615384616 0.07151442307692307 0.06700721153846154
0 0.47475961538461536 0.6850961538461539 0.08173076923076923 0.09224759615384616
0 0.5300480769230769 0.6935096153846154 0.057692307692307696 0.06971153846153846
0 0.5084134615384616 0.8209134615384616 0.0655048076923077 0.07451923076923077