1 0.11177884615384616 0.28125 0.08804086538461539 0.12079326923076923
1 0.10817307692307693 0.5168269230769231 0.0829326923076923 0.11478365384615384
2 0.46875 0.7295673076923077 0.7827524038461539 0.34945913461538464
2 0.49399038461538464 0.3581730769230769 0.7178485576923077 0.5579927884615384
2 0.5408653846153846 0.5012019230769231 0.21123798076923078 0.23287259615384615
2 0.28725961538461536 0.5036057692307693 0.3194110576923077 0.2614182692307692
0 0.1935096153846154 0.3701923076923077 0.1024639423076923 0.06610576923076923
0 0.6754807692307693 0.5216346153846154 0.10667067307692307 0.0673076923076923
0 0.7055288461538461 0.6574519230769231 0.0946514423076923 0.06430288461538461
0 0.7596153846153846 0.6838942307692307 0.12049278846153846 0.04807692307692308
1 0.1045673076923077 0.7307692307692307 0.08022836538461539 0.11117788461538461