1 0.12620192307692307 0.27163461538461536 0.09344951923076923 0.12469951923076923
1 0.12139423076923077 0.5060096153846154 0.08353365384615384 0.11268028846153846
2 0.4807692307692308 0.7175480769230769 0.7746394230769231 0.35877403846153844
2 0.5060096153846154 0.3485576923076923 0.7190504807692307 0.5628004807692307
2 0.5528846153846154 0.49038461538461536 0.18810096153846154 0.21213942307692307
2 0.3004807692307692 0.49278846153846156 0.3215144230769231 0.2644230769230769
0 0.20793269230769232 0.3605769230769231 0.10426682692307693 0.07271634615384616
0 0.6862980769230769 0.5108173076923077 0.10366586538461539 0.0546875
0 0.7163461538461539 0.6466346153846154 0.09495192307692307 0.06670673076923077
0 0.7716346153846154 0.6730769230769231 0.12109375 0.052884615384615384
1 0.11778846153846154 0.7199519230769231 0.08082932692307693 0.1084735576923077