1 0.1201923076923077 0.25721153846153844 0.08263221153846154 0.11959134615384616
1 0.11658653846153846 0.49278846153846156 0.07692307692307693 0.11057692307692307
2 0.47716346153846156 0.7055288461538461 0.7803485576923077 0.3542668269230769
2 0.5024038461538461 0.33413461538461536 0.7316706730769231 0.5808293269230769
2 0.5492788461538461 0.47716346153846156 0.22265625 0.24188701923076922
2 0.2956730769230769 0.4795673076923077 0.3128004807692308 0.2481971153846154
0 0.20192307692307693 0.34615384615384615 0.10546875 0.06790865384615384
0 0.6838942307692307 0.49759615384615385 0.10787259615384616 0.06370192307692307
0 0.7139423076923077 0.6334134615384616 0.09645432692307693 0.06490384615384616
0 0.7680288461538461 0.6598557692307693 0.12650240384615385 0.0703125
1 0.11298076923076923 0.7067307692307693 0.07602163461538461 0.10697115384615384