1 0.140625 0.20793269230769232 0.14152644230769232 0.11748798076923077
1 0.13581730769230768 0.390625 0.1427283653846154 0.11688701923076923
1 0.14423076923076922 0.5721153846153846 0.13912259615384615 0.10126201923076923
1 0.12980769230769232 0.7848557692307693 0.11658653846153846 0.12319711538461539
2 0.44350961538461536 0.7860576923076923 0.5432692307692307 0.31310096153846156
2 0.8125 0.15264423076923078 0.2109375 0.18509615384615385
2 0.5420673076923077 0.3473557692307692 0.6655649038461539 0.5745192307692307
0 0.6610576923076923 0.15745192307692307 0.12590144230769232 0.09435096153846154
0 0.6370192307692307 0.6550480769230769 0.13972355769230768 0.21935096153846154
0 0.6802884615384616 0.6983173076923077 0.11538461538461539 0.07992788461538461
2 0.7896634615384616 0.6850961538461539 0.13762019230769232 0.14483173076923078