1 0.14182692307692307 0.21153846153846154 0.14873798076923078 0.12560096153846154
1 0.13701923076923078 0.39663461538461536 0.14873798076923078 0.1240985576923077
1 0.14543269230769232 0.5817307692307693 0.14753605769230768 0.1162860576923077
1 0.12980769230769232 0.7980769230769231 0.10967548076923077 0.11658653846153846
2 0.4495192307692308 0.7992788461538461 0.5333533653846154 0.2569110576923077
2 0.8245192307692307 0.15384615384615385 0.21724759615384615 0.19170673076923078
2 0.5492788461538461 0.35216346153846156 0.7385817307692307 0.6610576923076923
0 0.6706730769230769 0.15985576923076922 0.12560096153846154 0.09405048076923077
0 0.6466346153846154 0.6646634615384616 0.14513221153846154 0.2244591346153846
0 0.6899038461538461 0.7091346153846154 0.12560096153846154 0.09705528846153846
2 0.8016826923076923 0.6959134615384616 0.13671875 0.14423076923076922