1 0.13701923076923078 0.2091346153846154 0.13521634615384615 0.10606971153846154
1 0.13341346153846154 0.39663461538461536 0.14723557692307693 0.11959134615384616
1 0.14182692307692307 0.5829326923076923 0.14513221153846154 0.11057692307692307
1 0.12620192307692307 0.8016826923076923 0.10336538461538461 0.11268028846153846
2 0.4483173076923077 0.8028846153846154 0.5354567307692307 0.2512019230769231
2 0.828125 0.15144230769230768 0.22265625 0.19651442307692307
2 0.5504807692307693 0.35096153846153844 0.7358774038461539 0.6544471153846154
0 0.6730769230769231 0.15745192307692307 0.12590144230769232 0.09435096153846154
0 0.6490384615384616 0.6682692307692307 0.14903846153846154 0.22686298076923078
0 0.6923076923076923 0.7127403846153846 0.11989182692307693 0.08413461538461539
2 0.8040865384615384 0.6983173076923077 0.13731971153846154 0.1463341346153846