2 0.19230769230769232 0.04927884615384615 0.21634615384615385 0.0985576923076923
1 0.0733173076923077 0.22115384615384615 0.022235576923076924 0.07181490384615384
1 0.07451923076923077 0.3713942307692308 0.0234375 0.11688701923076923
1 0.18389423076923078 0.4951923076923077 0.10366586538461539 0.024939903846153848
1 0.3798076923076923 0.4951923076923077 0.0772235576923077 0.027644230769230768
1 0.46634615384615385 0.4951923076923077 0.08143028846153846 0.033353365384615384
2 0.47716346153846156 0.5384615384615384 0.9543269230769231 0.5721153846153846
2 0.6358173076923077 0.7379807692307693 0.17638221153846154 0.2400841346153846
1 0.5661057692307693 0.7596153846153846 0.027043269230769232 0.06670673076923077
2 0.7487980769230769 0.8822115384615384 0.3918269230769231 0.23557692307692307
2 0.8209134615384616 0.38341346153846156 0.24729567307692307 0.24308894230769232
2 0.7536057692307693 0.25841346153846156 0.09615384615384616 0.08353365384615384
2 0.8137019230769231 0.11298076923076923 0.25240384615384615 0.22596153846153846
2 0.65625 0.078125 0.1778846153846154 0.15625
2 0.5 0.25841346153846156 0.47115384615384615 0.5168269230769231
2 0.18990384615384615 0.38100961538461536 0.2403846153846154 0.2286658653846154
2 0.12980769230769232 0.18629807692307693 0.1102764423076923 0.17307692307692307
2 0.24158653846153846 0.21754807692307693 0.11838942307692307 0.10096153846153846
2 0.2403846153846154 0.12860576923076922 0.11658653846153846 0.06430288461538461
0 0.052884615384615384 0.0625 0.06670673076923077 0.05709134615384615
0 0.23557692307692307 0.08173076923076923 0.06310096153846154 0.0634014423076923
0 0.2848557692307692 0.06850961538461539 0.07481971153846154 0.07481971153846154
0 0.671875 0.13581730769230768 0.04176682692307692 0.06430288461538461
0 0.7247596153846154 0.1875 0.0655048076923077 0.0625
0 0.6826923076923077 0.25721153846153844 0.06760817307692307 0.07211538461538461
0 0.7271634615384616 0.33413461538461536 0.0655048076923077 0.06219951923076923
0 0.9627403846153846 0.9146634615384616 0.06520432692307693 0.11748798076923077
0 0.7367788461538461 0.6971153846153846 0.08984375 0.07572115384615384
0 0.7451923076923077 0.7776442307692307 0.061899038461538464 0.0703125
0 0.5432692307692307 0.6959134615384616 0.07602163461538461 0.0703125
0 0.27283653846153844 0.5192307692307693 0.0703125 0.07662259615384616
0 0.33533653846153844 0.3894230769230769 0.08473557692307693 0.13431490384615385
0 0.14543269230769232 0.3016826923076923 0.0625 0.06009615384615385
0 0.16346153846153846 0.2512019230769231 0.052884615384615384 0.045973557692307696
0 0.6478365384615384 0.5216346153846154 0.06460336538461539 0.07662259615384616
0 0.1045673076923077 0.12620192307692307 0.05438701923076923 0.06490384615384616
1 0.9387019230769231 0.39302884615384615 0.021634615384615384 0.11778846153846154