2 0.21634615384615385 0.06370192307692307 0.21634615384615385 0.12740384615384615
1 0.2283653846153846 0.013221153846153846 0.08653846153846154 0.026442307692307692
1 0.4735576923076923 0.010817307692307692 0.1102764423076923 0.016526442307692308
1 0.65625 0.010817307692307692 0.0907451923076923 0.01622596153846154
1 0.8257211538461539 0.010817307692307692 0.10306490384615384 0.015925480769230768
1 0.10336538461538461 0.23076923076923078 0.019230769230769232 0.06790865384615384
1 0.1045673076923077 0.375 0.021634615384615384 0.11147836538461539
1 0.2091346153846154 0.49399038461538464 0.09705528846153846 0.03125
1 0.39783653846153844 0.49399038461538464 0.07451923076923077 0.012319711538461538
1 0.4807692307692308 0.49399038461538464 0.07692307692307693 0.021935096153846152
1 0.6971153846153846 0.9879807692307693 0.0625 0.02403846153846154
1 0.7848557692307693 0.9903846153846154 0.06490384615384616 0.019230769230769232
2 0.4807692307692308 0.5336538461538461 0.9615384615384616 0.6442307692307693
2 0.6430288461538461 0.7259615384615384 0.16105769230769232 0.22686298076923078
1 0.5769230769230769 0.7475961538461539 0.027644230769230768 0.06310096153846154
2 0.7524038461538461 0.8858173076923077 0.3602764423076923 0.22325721153846154
2 0.8197115384615384 0.3858173076923077 0.24639423076923078 0.24368990384615385
2 0.7560096153846154 0.2668269230769231 0.08984375 0.07602163461538461
2 0.8149038461538461 0.12139423076923077 0.2548076923076923 0.24278846153846154
2 0.6646634615384616 0.08774038461538461 0.17998798076923078 0.17097355769230768
2 0.5132211538461539 0.2536057692307692 0.43028846153846156 0.5072115384615384
2 0.21514423076923078 0.38461538461538464 0.21634615384615385 0.20612980769230768
2 0.15745192307692307 0.1971153846153846 0.1171875 0.17277644230769232
2 0.2644230769230769 0.2283653846153846 0.11478365384615384 0.09555288461538461
2 0.26322115384615385 0.14302884615384615 0.11838942307692307 0.07692307692307693
0 0.08413461538461539 0.07932692307692307 0.06670673076923077 0.057692307692307696
0 0.25961538461538464 0.09735576923076923 0.057692307692307696 0.05618990384615385
0 0.30649038461538464 0.08533653846153846 0.06460336538461539 0.06460336538461539
0 0.6778846153846154 0.14903846153846154 0.04296875 0.05859375
0 0.7271634615384616 0.19951923076923078 0.06009615384615385 0.057692307692307696
0 0.6887019230769231 0.265625 0.055588942307692304 0.0625
0 0.7307692307692307 0.3389423076923077 0.05889423076923077 0.053786057692307696
0 0.9567307692307693 0.8966346153846154 0.07241586538461539 0.11568509615384616
0 0.7391826923076923 0.6875 0.08834134615384616 0.07211538461538461
0 0.7475961538461539 0.7644230769230769 0.06310096153846154 0.07211538461538461
0 0.5540865384615384 0.6862980769230769 0.07872596153846154 0.0751201923076923
0 0.29447115384615385 0.5168269230769231 0.057692307692307696 0.0625
0 0.3545673076923077 0.3918269230769231 0.09435096153846154 0.13040865384615385
0 0.171875 0.3088942307692308 0.0655048076923077 0.06430288461538461
0 0.18990384615384615 0.25961538461538464 0.05318509615384615 0.047475961538461536
0 0.6550480769230769 0.5192307692307693 0.06881009615384616 0.07782451923076923
0 0.13341346153846154 0.140625 0.05438701923076923 0.06490384615384616
1 0.9326923076923077 0.3954326923076923 0.029747596153846152 0.11298076923076923