2 0.19831730769230768 0.04807692307692308 0.21875 0.09615384615384616
1 0.0829326923076923 0.2127403846153846 0.012620192307692308 0.07211538461538461
1 0.08413461538461539 0.359375 0.009014423076923076 0.11778846153846154
1 0.19110576923076922 0.48197115384615385 0.10096153846153846 0.030949519230769232
1 0.38461538461538464 0.48197115384615385 0.07632211538461539 0.027043269230769232
1 0.4699519230769231 0.48197115384615385 0.0790264423076923 0.021935096153846152
1 0.6911057692307693 0.9903846153846154 0.06490384615384616 0.019230769230769232
1 0.78125 0.9891826923076923 0.0673076923076923 0.021634615384615384
2 0.47836538461538464 0.5216346153846154 0.9567307692307693 0.6057692307692307
2 0.6358173076923077 0.7199519230769231 0.13671875 0.21935096153846154
1 0.5673076923076923 0.7415865384615384 0.018028846153846152 0.06520432692307693
2 0.7463942307692307 0.8725961538461539 0.3870192307692308 0.2548076923076923
2 0.8173076923076923 0.3713942307692308 0.23137019230769232 0.2283653846153846
2 0.7524038461538461 0.24879807692307693 0.09164663461538461 0.07542067307692307
2 0.8112980769230769 0.10576923076923077 0.23798076923076922 0.21153846153846154
2 0.65625 0.07692307692307693 0.1875 0.15384615384615385
2 0.5024038461538461 0.2512019230769231 0.46634615384615385 0.5024038461538461
2 0.1971153846153846 0.36899038461538464 0.2400841346153846 0.22896634615384615
2 0.13822115384615385 0.1778846153846154 0.10576923076923077 0.16826923076923078
2 0.24759615384615385 0.2091346153846154 0.12139423076923077 0.1063701923076923
2 0.24639423076923078 0.12139423076923077 0.11748798076923077 0.060396634615384616
0 0.0625 0.056490384615384616 0.0634014423076923 0.055588942307692304
0 0.24278846153846154 0.07572115384615384 0.06219951923076923 0.06460336538461539
0 0.29086538461538464 0.0625 0.07151442307692307 0.07211538461538461
0 0.671875 0.12860576923076922 0.046274038461538464 0.06460336538461539
0 0.7235576923076923 0.17908653846153846 0.0673076923076923 0.06460336538461539
0 0.6826923076923077 0.24759615384615385 0.06670673076923077 0.0712139423076923
0 0.7259615384615384 0.3233173076923077 0.06790865384615384 0.0625
0 0.9579326923076923 0.8954326923076923 0.0694110576923077 0.11688701923076923
0 0.7355769230769231 0.6802884615384616 0.09194711538461539 0.07301682692307693
0 0.7439903846153846 0.7596153846153846 0.06580528846153846 0.07301682692307693
0 0.5456730769230769 0.6790865384615384 0.07692307692307693 0.07361778846153846
0 0.27884615384615385 0.5060096153846154 0.057992788461538464 0.06490384615384616
0 0.3401442307692308 0.37740384615384615 0.08804086538461539 0.1307091346153846
0 0.15384615384615385 0.2920673076923077 0.0634014423076923 0.06099759615384615
0 0.171875 0.24158653846153846 0.05108173076923077 0.04176682692307692
0 0.6478365384615384 0.5072115384615384 0.06881009615384616 0.07692307692307693
0 0.11298076923076923 0.11899038461538461 0.05709134615384615 0.06580528846153846
1 0.9338942307692307 0.38100961538461536 0.027043269230769232 0.11748798076923077