2 0.11658653846153846 0.1814903846153846 0.14152644230769232 0.21875
2 0.5432692307692307 0.42427884615384615 0.7746394230769231 0.7472956730769231
2 0.26322115384615385 0.7127403846153846 0.1463341346153846 0.13311298076923078
2 0.3918269230769231 0.7163461538461539 0.11147836538461539 0.11929086538461539
2 0.3545673076923077 0.875 0.3386418269230769 0.24579326923076922
2 0.12980769230769232 0.8737980769230769 0.16436298076923078 0.20823317307692307
2 0.3137019230769231 0.5564903846153846 0.2665264423076923 0.21424278846153846
2 0.8545673076923077 0.5264423076923077 0.11688701923076923 0.15294471153846154
2 0.7199519230769231 0.4807692307692308 0.14152644230769232 0.06850961538461539
2 0.7776442307692307 0.3713942307692308 0.25 0.1697716346153846
1 0.9086538461538461 0.1622596153846154 0.029146634615384616 0.09314903846153846
1 0.9074519230769231 0.3641826923076923 0.022235576923076924 0.07001201923076923
1 0.9110576923076923 0.5252403846153846 0.014423076923076924 0.04537259615384615
1 0.4206730769230769 0.07572115384615384 0.12920673076923078 0.030348557692307692
1 0.18389423076923078 0.38341346153846156 0.03515625 0.09344951923076923
1 0.18629807692307693 0.5649038461538461 0.031850961538461536 0.10036057692307693
1 0.18629807692307693 0.71875 0.009615384615384616 0.04807692307692308
0 0.15625 0.24759615384615385 0.09014423076923077 0.06760817307692307
0 0.6225961538461539 0.34975961538461536 0.07752403846153846 0.05048076923076923
0 0.6370192307692307 0.4879807692307692 0.048677884615384616 0.034555288461538464
0 0.6117788461538461 0.4891826923076923 0.06971153846153846 0.050180288461538464
0 0.8798076923076923 0.4375 0.04417067307692308 0.03786057692307692
0 0.47115384615384615 0.5649038461538461 0.07782451923076923 0.05318509615384615
0 0.35096153846153844 0.7115384615384616 0.052884615384615384 0.043569711538461536
0 0.4675480769230769 0.7223557692307693 0.06490384615384616 0.045072115384615384
0 0.484375 0.8004807692307693 0.07481971153846154 0.07151442307692307