2 0.08653846153846154 0.18990384615384615 0.17277644230769232 0.23677884615384615
2 0.5360576923076923 0.44591346153846156 0.8566706730769231 0.8332331730769231
2 0.2403846153846154 0.75 0.14993990384615385 0.1388221153846154
2 0.37740384615384615 0.7536057692307693 0.12920673076923078 0.1346153846153846
2 0.33653846153846156 0.9074519230769231 0.3317307692307692 0.18509615384615385
2 0.09975961538461539 0.9086538461538461 0.14182692307692307 0.18269230769230768
2 0.29447115384615385 0.5841346153846154 0.28125 0.22626201923076922
2 0.8653846153846154 0.5528846153846154 0.12109375 0.15895432692307693
2 0.7235576923076923 0.5048076923076923 0.14933894230769232 0.08082932692307693
2 0.7836538461538461 0.3894230769230769 0.26412259615384615 0.1817908653846154
1 0.921875 0.16947115384615385 0.03365384615384615 0.09795673076923077
1 0.9206730769230769 0.38221153846153844 0.033353365384615384 0.0772235576923077
1 0.9242788461538461 0.5528846153846154 0.012319711538461538 0.047776442307692304
1 0.4074519230769231 0.078125 0.1328125 0.05498798076923077
1 0.15745192307692307 0.4026442307692308 0.03125 0.09885817307692307
1 0.15985576923076922 0.59375 0.04056490384615385 0.10486778846153846
1 0.15985576923076922 0.7572115384615384 0.021334134615384616 0.052584134615384616
0 0.12860576923076922 0.25961538461538464 0.08653846153846154 0.05829326923076923
0 0.6201923076923077 0.36658653846153844 0.0868389423076923 0.06400240384615384
0 0.6358173076923077 0.5120192307692307 0.05498798076923077 0.03936298076923077
0 0.609375 0.5144230769230769 0.07361778846153846 0.052584134615384616
0 0.890625 0.45913461538461536 0.04957932692307692 0.03936298076923077
0 0.46033653846153844 0.59375 0.07932692307692307 0.052884615384615384
0 0.3329326923076923 0.7487980769230769 0.055588942307692304 0.040865384615384616
0 0.4567307692307692 0.7596153846153846 0.06760817307692307 0.043569711538461536
0 0.47475961538461536 0.8425480769230769 0.07692307692307693 0.0703125