2 0.0985576923076923 0.1658653846153846 0.14362980769230768 0.22205528846153846
2 0.5372596153846154 0.41586538461538464 0.7758413461538461 0.74609375
2 0.25 0.7115384615384616 0.14002403846153846 0.12620192307692307
2 0.38221153846153844 0.7151442307692307 0.11057692307692307 0.1171875
2 0.3449519230769231 0.8737980769230769 0.3485576923076923 0.25240384615384615
2 0.11298076923076923 0.8774038461538461 0.1640625 0.21123798076923078
2 0.30288461538461536 0.5504807692307693 0.2503004807692308 0.17818509615384615
2 0.8581730769230769 0.5204326923076923 0.13010817307692307 0.16105769230769232
2 0.7199519230769231 0.4735576923076923 0.14603365384615385 0.0811298076923077
2 0.7788461538461539 0.3605769230769231 0.26802884615384615 0.19621394230769232
1 0.9134615384615384 0.1466346153846154 0.033353365384615384 0.09254807692307693
1 0.9122596153846154 0.35336538461538464 0.025841346153846152 0.07241586538461539
1 0.9158653846153846 0.5192307692307693 0.014122596153846154 0.047475961538461536
1 0.41225961538461536 0.057692307692307696 0.13191105769230768 0.048677884615384616
1 0.16826923076923078 0.37259615384615385 0.033353365384615384 0.09525240384615384
1 0.171875 0.5600961538461539 0.017127403846153848 0.10546875
1 0.17067307692307693 0.7175480769230769 0.009915865384615384 0.05048076923076923
0 0.140625 0.23317307692307693 0.08473557692307693 0.057992788461538464
0 0.6201923076923077 0.3389423076923077 0.07752403846153846 0.052884615384615384
0 0.6346153846153846 0.4795673076923077 0.05348557692307692 0.04146634615384615
0 0.6081730769230769 0.48197115384615385 0.0733173076923077 0.055288461538461536
0 0.8834134615384616 0.42908653846153844 0.04567307692307692 0.039963942307692304
0 0.4639423076923077 0.5600961538461539 0.0811298076923077 0.05859375
0 0.3401442307692308 0.7103365384615384 0.055288461538461536 0.04146634615384615
0 0.46033653846153844 0.7211538461538461 0.06490384615384616 0.04296875
0 0.47716346153846156 0.8016826923076923 0.07391826923076923 0.06881009615384616