1 0.1141826923076923 0.14543269230769232 0.10757211538461539 0.045072115384615384
1 0.03365384615384615 0.1971153846153846 0.028846153846153848 0.04807692307692308
1 0.3425480769230769 0.14543269230769232 0.07962740384615384 0.038461538461538464
1 0.038461538461538464 0.6466346153846154 0.028846153846153848 0.05318509615384615
1 0.5745192307692307 0.7307692307692307 0.09164663461538461 0.04296875
1 0.5060096153846154 0.6814903846153846 0.030949519230769232 0.049879807692307696
1 0.5024038461538461 0.453125 0.028545673076923076 0.0655048076923077
1 0.5048076923076923 0.2247596153846154 0.037259615384615384 0.10276442307692307
1 0.5829326923076923 0.1466346153846154 0.10426682692307693 0.04417067307692308
1 0.8197115384615384 0.14543269230769232 0.0733173076923077 0.04026442307692308
2 0.13701923076923078 0.30528846153846156 0.20282451923076922 0.2980769230769231
2 0.32091346153846156 0.3137019230769231 0.20372596153846154 0.3046875
2 0.07692307692307693 0.5180288461538461 0.06670673076923077 0.13131009615384615
2 0.26322115384615385 0.5168269230769231 0.3049879807692308 0.15925480769230768
2 0.09375 0.6502403846153846 0.09705528846153846 0.11868990384615384
2 0.27403846153846156 0.6514423076923077 0.27493990384615385 0.1388221153846154
2 0.7668269230769231 0.06850961538461539 0.21634615384615385 0.13701923076923078
2 0.6959134615384616 0.4423076923076923 0.45522836538461536 0.60546875
2 0.8293269230769231 0.6598557692307693 0.10576923076923077 0.13191105769230768
2 0.8798076923076923 0.7956730769230769 0.20252403846153846 0.11508413461538461
2 0.7175480769230769 0.8473557692307693 0.1505408653846154 0.22806490384615385
0 0.7620192307692307 0.6237980769230769 0.043870192307692304 0.06009615384615385
0 0.7355769230769231 0.7019230769230769 0.0634014423076923 0.053786057692307696
0 0.75 0.109375 0.061598557692307696 0.04567307692307692
0 0.7548076923076923 0.17548076923076922 0.05859375 0.05228365384615385
0 0.2764423076923077 0.1778846153846154 0.05318509615384615 0.046875
0 0.26802884615384615 0.4375 0.05498798076923077 0.04837740384615385
0 0.20673076923076922 0.4375 0.052884615384615384 0.04927884615384615
0 0.09254807692307693 0.4375 0.04567307692307692 0.043569711538461536
0 0.19831730769230768 0.5480769230769231 0.05078125 0.06700721153846154
0 0.2704326923076923 0.5709134615384616 0.046274038461538464 0.051382211538461536
0 0.15625 0.6213942307692307 0.034254807692307696 0.045072115384615384
0 0.8149038461538461 0.8762019230769231 0.05739182692307692 0.06430288461538461