1 0.13942307692307693 0.1658653846153846 0.1015625 0.04837740384615385
1 0.0625 0.21514423076923078 0.024639423076923076 0.045072115384615384
1 0.359375 0.1658653846153846 0.07542067307692307 0.03756009615384615
1 0.06610576923076923 0.6466346153846154 0.020733173076923076 0.04837740384615385
1 0.5817307692307693 0.7271634615384616 0.08713942307692307 0.03125
1 0.515625 0.6802884615384616 0.025540865384615384 0.043870192307692304
1 0.5120192307692307 0.46153846153846156 0.01893028846153846 0.0625
1 0.5144230769230769 0.24158653846153846 0.042367788461538464 0.09795673076923077
1 0.5889423076923077 0.1658653846153846 0.10096153846153846 0.052884615384615384
1 0.8161057692307693 0.16466346153846154 0.07361778846153846 0.036959134615384616
2 0.16105769230769232 0.31971153846153844 0.19681490384615385 0.2848557692307692
2 0.33774038461538464 0.3269230769230769 0.15114182692307693 0.2776442307692308
2 0.10336538461538461 0.5228365384615384 0.0625 0.12319711538461539
2 0.2824519230769231 0.5216346153846154 0.28125 0.12530048076923078
2 0.1201923076923077 0.6502403846153846 0.09134615384615384 0.11268028846153846
2 0.2920673076923077 0.6514423076923077 0.26742788461538464 0.14963942307692307
2 0.765625 0.09134615384615384 0.21153846153846154 0.14393028846153846
2 0.6971153846153846 0.4495192307692308 0.3840144230769231 0.5570913461538461
2 0.8257211538461539 0.6598557692307693 0.10426682692307693 0.12830528846153846
2 0.8737980769230769 0.7884615384615384 0.19561298076923078 0.11478365384615384
2 0.7175480769230769 0.8389423076923077 0.12169471153846154 0.21063701923076922
0 0.7608173076923077 0.6237980769230769 0.050180288461538464 0.060697115384615384
0 0.7355769230769231 0.6995192307692307 0.05739182692307692 0.043569711538461536
0 0.7487980769230769 0.1310096153846154 0.05618990384615385 0.04176682692307692
0 0.7536057692307693 0.19471153846153846 0.05438701923076923 0.047776442307692304
0 0.29447115384615385 0.1971153846153846 0.05078125 0.043870192307692304
0 0.28725961538461536 0.44591346153846156 0.05498798076923077 0.049879807692307696
0 0.2283653846153846 0.44591346153846156 0.048978365384615384 0.046274038461538464
0 0.11899038461538461 0.44591346153846156 0.04146634615384615 0.04056490384615385
0 0.21995192307692307 0.5528846153846154 0.04146634615384615 0.057992788461538464
0 0.28966346153846156 0.5733173076923077 0.044771634615384616 0.049879807692307696
0 0.18028846153846154 0.6225961538461539 0.028545673076923076 0.03876201923076923
0 0.8112980769230769 0.8665865384615384 0.059194711538461536 0.06490384615384616