1 0.13942307692307693 0.16706730769230768 0.10186298076923077 0.04957932692307692
1 0.0625 0.21634615384615385 0.027644230769230768 0.043870192307692304
1 0.3605769230769231 0.16706730769230768 0.0772235576923077 0.03515625
1 0.06610576923076923 0.6502403846153846 0.017728365384615384 0.050180288461538464
1 0.5841346153846154 0.7307692307692307 0.08653846153846154 0.030048076923076924
1 0.5180288461538461 0.6838942307692307 0.030348557692307692 0.04807692307692308
1 0.5144230769230769 0.4639423076923077 0.02013221153846154 0.0625
1 0.5168269230769231 0.24278846153846154 0.042367788461538464 0.09705528846153846
1 0.5925480769230769 0.16706730769230768 0.09915865384615384 0.04026442307692308
1 0.8197115384615384 0.1658653846153846 0.07271634615384616 0.03756009615384615
2 0.16105769230769232 0.32091346153846156 0.21634615384615385 0.2965745192307692
2 0.3389423076923077 0.328125 0.18209134615384615 0.29056490384615385
2 0.10336538461538461 0.5264423076923077 0.05859375 0.12469951923076923
2 0.28365384615384615 0.5240384615384616 0.2890625 0.14302884615384615
2 0.1201923076923077 0.6538461538461539 0.10096153846153846 0.11929086538461539
2 0.2932692307692308 0.6550480769230769 0.26412259615384615 0.1271033653846154
2 0.7692307692307693 0.09254807692307693 0.20643028846153846 0.12800480769230768
2 0.7007211538461539 0.4519230769230769 0.4441105769230769 0.5853365384615384
2 0.8293269230769231 0.6622596153846154 0.11508413461538461 0.13611778846153846
2 0.8774038461538461 0.7932692307692307 0.18870192307692307 0.10036057692307693
2 0.7211538461538461 0.84375 0.13972355769230768 0.21754807692307693
0 0.7644230769230769 0.6274038461538461 0.052584134615384616 0.0625
0 0.7391826923076923 0.703125 0.055588942307692304 0.045973557692307696
0 0.7524038461538461 0.13221153846153846 0.05739182692307692 0.043569711538461536
0 0.7572115384615384 0.19471153846153846 0.05739182692307692 0.05198317307692308
0 0.2956730769230769 0.19831730769230768 0.04807692307692308 0.03665865384615385
0 0.28846153846153844 0.4483173076923077 0.053786057692307696 0.05048076923076923
0 0.2283653846153846 0.4483173076923077 0.048978365384615384 0.04957932692307692
0 0.11899038461538461 0.4483173076923077 0.044771634615384616 0.041165865384615384
0 0.22115384615384615 0.5552884615384616 0.04807692307692308 0.06280048076923077
0 0.29086538461538464 0.5769230769230769 0.04837740384615385 0.052884615384615384
0 0.18028846153846154 0.6262019230769231 0.033353365384615384 0.04176682692307692
0 0.8149038461538461 0.8713942307692307 0.05228365384615385 0.057692307692307696