2 0.4963942307692308 0.09254807692307693 0.7956730769230769 0.18509615384615385
2 0.49158653846153844 0.34975961538461536 0.7659254807692307 0.3155048076923077
2 0.3137019230769231 0.36778846153846156 0.4344951923076923 0.1640625
2 0.328125 0.6189903846153846 0.42127403846153844 0.23828125
2 0.28725961538461536 0.7752403846153846 0.3254206730769231 0.14693509615384615
2 0.7175480769230769 0.6742788461538461 0.3957331730769231 0.3674879807692308
0 0.2536057692307692 0.13581730769230768 0.1971153846153846 0.13762019230769232
0 0.6177884615384616 0.6502403846153846 0.18840144230769232 0.10757211538461539
0 0.34375 0.6766826923076923 0.17337740384615385 0.0985576923076923
0 0.7391826923076923 0.8930288461538461 0.19080528846153846 0.1346153846153846
1 0.5709134615384616 0.18028846153846154 0.31099759615384615 0.09164663461538461