2 0.5096153846153846 0.11057692307692307 0.7740384615384616 0.22115384615384615
2 0.5060096153846154 0.3293269230769231 0.7917668269230769 0.4519230769230769
2 0.328125 0.34615384615384615 0.4344951923076923 0.16346153846153846
2 0.34134615384615385 0.5985576923076923 0.42367788461538464 0.24969951923076922
2 0.3016826923076923 0.7536057692307693 0.3290264423076923 0.18118990384615385
2 0.7319711538461539 0.6538461538461539 0.41015625 0.3855168269230769
0 0.2668269230769231 0.1141826923076923 0.1875 0.1219951923076923
0 0.6322115384615384 0.6286057692307693 0.18719951923076922 0.09915865384615384
0 0.3581730769230769 0.6550480769230769 0.17698317307692307 0.10396634615384616
0 0.7536057692307693 0.8725961538461539 0.17998798076923078 0.11057692307692307
1 0.5841346153846154 0.15865384615384615 0.31700721153846156 0.0634014423076923