2 0.5012019230769231 0.11057692307692307 0.7860576923076923 0.22115384615384615
2 0.4963942307692308 0.3605769230769231 0.7860576923076923 0.4426081730769231
2 0.31850961538461536 0.3786057692307692 0.43900240384615385 0.23317307692307693
2 0.3329326923076923 0.6286057692307693 0.42518028846153844 0.27403846153846156
2 0.2932692307692308 0.7824519230769231 0.32662259615384615 0.16826923076923078
2 0.7199519230769231 0.6838942307692307 0.37349759615384615 0.34765625
0 0.25961538461538464 0.14783653846153846 0.2010216346153846 0.14573317307692307
0 0.6213942307692307 0.6586538461538461 0.18990384615384615 0.10667067307692307
0 0.34975961538461536 0.6850961538461539 0.16826923076923078 0.0868389423076923
0 0.7403846153846154 0.9014423076923077 0.1875 0.12590144230769232
1 0.5733173076923077 0.19230769230769232 0.31460336538461536 0.06670673076923077