2 0.4026442307692308 0.08413461538461539 0.19951923076923078 0.16826923076923078
1 0.53125 0.2536057692307692 0.009915865384615384 0.05498798076923077
1 0.53125 0.359375 0.009915865384615384 0.060697115384615384
1 0.3786057692307692 0.5552884615384616 0.05048076923076923 0.0234375
1 0.31490384615384615 0.5540865384615384 0.05739182692307692 0.022536057692307692
1 0.17908653846153846 0.5552884615384616 0.055588942307692304 0.01953125
1 0.1201923076923077 0.34375 0.019831730769230768 0.061899038461538464
1 0.16826923076923078 0.16826923076923078 0.04326923076923077 0.018629807692307692
1 0.10817307692307693 0.9182692307692307 0.07181490384615384 0.013822115384615384
1 0.18509615384615385 0.9170673076923077 0.07211538461538461 0.016826923076923076
2 0.17307692307692307 0.23677884615384615 0.1162860576923077 0.14573317307692307
2 0.17307692307692307 0.3762019230769231 0.10486778846153846 0.13611778846153846
2 0.171875 0.4831730769230769 0.10576923076923077 0.14032451923076922
2 0.2548076923076923 0.19951923076923078 0.06219951923076923 0.07151442307692307
2 0.3629807692307692 0.359375 0.2731370192307692 0.39122596153846156
2 0.41225961538461536 0.3088942307692308 0.05979567307692308 0.0889423076923077
2 0.43990384615384615 0.21754807692307693 0.11929086538461539 0.12169471153846154
2 0.48197115384615385 0.24879807692307693 0.03125 0.04326923076923077
2 0.46634615384615385 0.3125 0.061598557692307696 0.0868389423076923
2 0.4170673076923077 0.6754807692307693 0.18990384615384615 0.24639423076923078
2 0.1310096153846154 0.7367788461538461 0.1219951923076923 0.06009615384615385
2 0.2091346153846154 0.734375 0.04717548076923077 0.06009615384615385
2 0.14783653846153846 0.8413461538461539 0.16556490384615385 0.1544471153846154
2 0.6274038461538461 0.30288461538461536 0.20282451923076922 0.27914663461538464
2 0.6574519230769231 0.21514423076923078 0.07451923076923077 0.10426682692307693
2 0.7956730769230769 0.25721153846153844 0.24459134615384615 0.22025240384615385
2 0.796875 0.45072115384615385 0.21905048076923078 0.20823317307692307
2 0.609375 0.49759615384615385 0.16496394230769232 0.12530048076923078
0 0.6514423076923077 0.28125 0.038161057692307696 0.04807692307692308
0 0.6778846153846154 0.30649038461538464 0.03395432692307692 0.032151442307692304
0 0.6682692307692307 0.46153846153846156 0.034254807692307696 0.047475961538461536
0 0.45072115384615385 0.5408653846153846 0.06430288461538461 0.052884615384615384
0 0.19951923076923078 0.7391826923076923 0.03395432692307692 0.03635817307692308
0 0.24278846153846154 0.5721153846153846 0.038161057692307696 0.05228365384615385
0 0.21514423076923078 0.45913461538461536 0.03665865384615385 0.042067307692307696
0 0.2127403846153846 0.3918269230769231 0.030949519230769232 0.03756009615384615
0 0.21514423076923078 0.28125 0.02674278846153846 0.03365384615384615
0 0.25 0.24639423076923078 0.02794471153846154 0.036959134615384616
0 0.3762019230769231 0.21634615384615385 0.028846153846153848 0.03365384615384615
0 0.45913461538461536 0.1814903846153846 0.028846153846153848 0.036057692307692304
0 0.45913461538461536 0.2512019230769231 0.01953125 0.02674278846153846
0 0.4579326923076923 0.2512019230769231 0.04026442307692308 0.04326923076923077
0 0.45072115384615385 0.28966346153846156 0.02674278846153846 0.030949519230769232