2 0.4230769230769231 0.09495192307692307 0.20072115384615385 0.18118990384615385
1 0.5456730769230769 0.2620192307692308 0.013521634615384616 0.052584134615384616
1 0.5444711538461539 0.3629807692307692 0.006911057692307692 0.061899038461538464
1 0.39903846153846156 0.5516826923076923 0.04807692307692308 0.012620192307692308
1 0.3389423076923077 0.5492788461538461 0.053786057692307696 0.028846153846153848
1 0.20793269230769232 0.5504807692307693 0.05498798076923077 0.02013221153846154
1 0.15144230769230768 0.3485576923076923 0.015625 0.05829326923076923
1 0.1971153846153846 0.1814903846153846 0.04296875 0.021634615384615384
1 0.140625 0.8978365384615384 0.0673076923076923 0.0078125
1 0.21394230769230768 0.8966346153846154 0.06760817307692307 0.023137019230769232
2 0.20192307692307693 0.24639423076923078 0.12439903846153846 0.14603365384615385
2 0.20192307692307693 0.3798076923076923 0.09615384615384616 0.12560096153846154
2 0.20192307692307693 0.48197115384615385 0.10997596153846154 0.14122596153846154
2 0.2800480769230769 0.21033653846153846 0.05438701923076923 0.06490384615384616
2 0.38341346153846156 0.3629807692307692 0.30528846153846156 0.39903846153846156
2 0.43149038461538464 0.31490384615384615 0.05108173076923077 0.08203125
2 0.4579326923076923 0.22716346153846154 0.11328125 0.11688701923076923
2 0.4987980769230769 0.25721153846153844 0.03635817307692308 0.04447115384615385
2 0.4831730769230769 0.31850961538461536 0.053786057692307696 0.08353365384615384
2 0.43509615384615385 0.6658653846153846 0.1875 0.23978365384615385
2 0.1622596153846154 0.7247596153846154 0.1201923076923077 0.0673076923076923
2 0.23677884615384615 0.7223557692307693 0.036057692307692304 0.052884615384615384
2 0.17908653846153846 0.8245192307692307 0.15685096153846154 0.14873798076923078
2 0.6370192307692307 0.3088942307692308 0.2208533653846154 0.2809495192307692
2 0.6658653846153846 0.22596153846153846 0.06670673076923077 0.09645432692307693
2 0.7980769230769231 0.265625 0.20703125 0.17487980769230768
2 0.7992788461538461 0.45072115384615385 0.21334134615384615 0.20192307692307693
2 0.6201923076923077 0.4963942307692308 0.15354567307692307 0.1123798076923077
0 0.6598557692307693 0.28846153846153844 0.038461538461538464 0.047475961538461536
0 0.6862980769230769 0.3137019230769231 0.03545673076923077 0.03515625
0 0.6766826923076923 0.46153846153846156 0.02734375 0.043569711538461536
0 0.4675480769230769 0.5372596153846154 0.059495192307692304 0.046274038461538464
0 0.22716346153846154 0.7271634615384616 0.03365384615384615 0.036057692307692304
0 0.2692307692307692 0.5673076923076923 0.028846153846153848 0.047475961538461536
0 0.24278846153846154 0.45913461538461536 0.03876201923076923 0.04296875
0 0.2403846153846154 0.3942307692307692 0.024639423076923076 0.029747596153846152
0 0.24278846153846154 0.28846153846153844 0.025240384615384616 0.030048076923076924
0 0.2764423076923077 0.2548076923076923 0.029447115384615384 0.0390625
0 0.39663461538461536 0.22716346153846154 0.02403846153846154 0.028846153846153848
0 0.47596153846153844 0.1935096153846154 0.02794471153846154 0.032151442307692304
0 0.47596153846153844 0.25961538461538464 0.019831730769230768 0.024639423076923076
0 0.47475961538461536 0.25961538461538464 0.03545673076923077 0.03936298076923077
0 0.4675480769230769 0.296875 0.028846153846153848 0.03125