2 0.4230769230769231 0.09254807692307693 0.20673076923076922 0.18509615384615385
1 0.5492788461538461 0.2620192307692308 0.012319711538461538 0.05318509615384615
1 0.5480769230769231 0.36658653846153844 0.013521634615384616 0.05979567307692308
1 0.39903846153846156 0.5600961538461539 0.04837740384615385 0.0234375
1 0.33653846153846156 0.5576923076923077 0.057692307692307696 0.028545673076923076
1 0.20192307692307693 0.5588942307692307 0.05709134615384615 0.021935096153846152
1 0.14423076923076922 0.35096153846153844 0.013822115384615384 0.06219951923076923
1 0.19230769230769232 0.17908653846153846 0.04296875 0.021033653846153848
1 0.13341346153846154 0.9158653846153846 0.06971153846153846 0.009014423076923076
1 0.20793269230769232 0.9146634615384616 0.07001201923076923 0.025841346153846152
2 0.1971153846153846 0.24639423076923078 0.12439903846153846 0.1463341346153846
2 0.19591346153846154 0.38341346153846156 0.10817307692307693 0.13792067307692307
2 0.19591346153846154 0.4879807692307692 0.10576923076923077 0.13912259615384615
2 0.2776442307692308 0.2091346153846154 0.0546875 0.06640625
2 0.38341346153846156 0.36658653846153844 0.27734375 0.39122596153846156
2 0.43149038461538464 0.3173076923076923 0.05498798076923077 0.08563701923076923
2 0.45913461538461536 0.22716346153846154 0.1102764423076923 0.11268028846153846
2 0.5012019230769231 0.25841346153846156 0.036057692307692304 0.04537259615384615
2 0.4855769230769231 0.31971153846153844 0.0625 0.08713942307692307
2 0.4362980769230769 0.6766826923076923 0.20342548076923078 0.25210336538461536
2 0.15625 0.7379807692307693 0.12530048076923078 0.07632211538461539
2 0.23317307692307693 0.7355769230769231 0.043569711538461536 0.05889423076923077
2 0.171875 0.8401442307692307 0.1661658653846154 0.15865384615384615
2 0.6430288461538461 0.3112980769230769 0.18900240384615385 0.2659254807692308
2 0.6730769230769231 0.2247596153846154 0.07301682692307693 0.1024639423076923
2 0.8088942307692307 0.2668269230769231 0.21424278846153846 0.18329326923076922
2 0.8100961538461539 0.4567307692307692 0.23076923076923078 0.22145432692307693
2 0.6262019230769231 0.5036057692307693 0.15865384615384615 0.11838942307692307
0 0.6658653846153846 0.28966346153846156 0.033353365384615384 0.04537259615384615
0 0.6935096153846154 0.31490384615384615 0.035757211538461536 0.03485576923076923
0 0.6838942307692307 0.4675480769230769 0.031850961538461536 0.04567307692307692
0 0.46875 0.5444711538461539 0.0634014423076923 0.05498798076923077
0 0.22235576923076922 0.7391826923076923 0.035757211538461536 0.039963942307692304
0 0.265625 0.5757211538461539 0.03064903846153846 0.045973557692307696
0 0.23798076923076922 0.4651442307692308 0.0390625 0.04326923076923077
0 0.23557692307692307 0.39783653846153844 0.02794471153846154 0.03365384615384615
0 0.23798076923076922 0.28966346153846156 0.028846153846153848 0.03515625
0 0.27283653846153844 0.2548076923076923 0.021935096153846152 0.038161057692307696
0 0.39663461538461536 0.22596153846153846 0.028846153846153848 0.033353365384615384
0 0.47836538461538464 0.19230769230769232 0.024639423076923076 0.03365384615384615
0 0.47836538461538464 0.2608173076923077 0.02013221153846154 0.02674278846153846
0 0.47596153846153844 0.2608173076923077 0.034555288461538464 0.04026442307692308
0 0.46875 0.2980769230769231 0.028846153846153848 0.030048076923076924