1 0.7740384615384616 0.7788461538461539 0.0234375 0.024939903846153848
1 0.7067307692307693 0.09134615384615384 0.030048076923076924 0.019831730769230768
1 0.8461538461538461 0.0889423076923077 0.029146634615384616 0.01893028846153846
1 0.7764423076923077 0.0889423076923077 0.06760817307692307 0.029447115384615384
1 0.5685096153846154 0.22596153846153846 0.04567307692307692 0.023137019230769232
1 0.3858173076923077 0.2283653846153846 0.045973557692307696 0.02283653846153846
1 0.6225961538461539 0.6682692307692307 0.03245192307692308 0.1015625
2 0.47836538461538464 0.11899038461538461 0.3173076923076923 0.23798076923076922
2 0.47596153846153844 0.43990384615384615 0.34525240384615385 0.4528245192307692
2 0.38100961538461536 0.5793269230769231 0.10727163461538461 0.1580528846153846
2 0.38341346153846156 0.71875 0.10336538461538461 0.11959134615384616
2 0.38221153846153844 0.8413461538461539 0.10606971153846154 0.11508413461538461
2 0.47836538461538464 0.8701923076923077 0.08653846153846154 0.18239182692307693
2 0.47596153846153844 0.71875 0.08533653846153846 0.10576923076923077
2 0.5733173076923077 0.6574519230769231 0.1346153846153846 0.24188701923076922
2 0.7740384615384616 0.15504807692307693 0.25570913461538464 0.15534855769230768
2 0.7740384615384616 0.37740384615384615 0.2878605769230769 0.3323317307692308
2 0.7067307692307693 0.47836538461538464 0.048978365384615384 0.11147836538461539
2 0.7740384615384616 0.6586538461538461 0.2737379807692308 0.2548076923076923
0 0.7740384615384616 0.19591346153846154 0.04326923076923077 0.08804086538461539
0 0.7836538461538461 0.5144230769230769 0.034555288461538464 0.0634014423076923
0 0.7367788461538461 0.4579326923076923 0.04056490384615385 0.06009615384615385
0 0.4807692307692308 0.19471153846153846 0.04837740384615385 0.0733173076923077
0 0.5096153846153846 0.6069711538461539 0.03786057692307692 0.07481971153846154
0 0.4423076923076923 0.6201923076923077 0.04296875 0.05889423076923077
0 0.47596153846153844 0.6899038461538461 0.043569711538461536 0.07662259615384616
0 0.47836538461538464 0.8076923076923077 0.047475961538461536 0.08713942307692307
0 0.44711538461538464 0.8401442307692307 0.04417067307692308 0.0703125
0 0.40024038461538464 0.6370192307692307 0.03125 0.05829326923076923