1 0.7740384615384616 0.78125 0.020432692307692308 0.024338942307692308
1 0.7079326923076923 0.10096153846153846 0.031850961538461536 0.020432692307692308
1 0.8449519230769231 0.0985576923076923 0.03064903846153846 0.02013221153846154
1 0.7764423076923077 0.0985576923076923 0.06700721153846154 0.033353365384615384
1 0.5697115384615384 0.234375 0.043870192307692304 0.016526442307692308
1 0.3894230769230769 0.23677884615384615 0.04807692307692308 0.021634615384615384
1 0.6237980769230769 0.671875 0.01622596153846154 0.10366586538461539
2 0.4831730769230769 0.12620192307692307 0.3076923076923077 0.23287259615384615
2 0.47836538461538464 0.44591346153846156 0.34555288461538464 0.44981971153846156
2 0.38461538461538464 0.5841346153846154 0.11478365384615384 0.15955528846153846
2 0.3870192307692308 0.7211538461538461 0.09164663461538461 0.11087740384615384
2 0.3858173076923077 0.8425480769230769 0.11207932692307693 0.11868990384615384
2 0.4807692307692308 0.8713942307692307 0.1162860576923077 0.1896033653846154
2 0.4795673076923077 0.7211538461538461 0.08173076923076923 0.1045673076923077
2 0.5757211538461539 0.6610576923076923 0.12349759615384616 0.2364783653846154
2 0.7740384615384616 0.16346153846153846 0.25390625 0.1544471153846154
2 0.7740384615384616 0.38461538461538464 0.25540865384615385 0.30799278846153844
2 0.7079326923076923 0.484375 0.05438701923076923 0.11057692307692307
2 0.7740384615384616 0.6622596153846154 0.24489182692307693 0.22295673076923078
0 0.7740384615384616 0.20432692307692307 0.03786057692307692 0.0868389423076923
0 0.7836538461538461 0.5192307692307693 0.028846153846153848 0.06219951923076923
0 0.7367788461538461 0.46274038461538464 0.03665865384615385 0.06009615384615385
0 0.4831730769230769 0.203125 0.03485576923076923 0.0694110576923077
0 0.5120192307692307 0.6105769230769231 0.03936298076923077 0.07602163461538461
0 0.44471153846153844 0.6237980769230769 0.03936298076923077 0.057692307692307696
0 0.47836538461538464 0.6923076923076923 0.03485576923076923 0.07301682692307693
0 0.4807692307692308 0.8100961538461539 0.05228365384615385 0.08623798076923077
0 0.4495192307692308 0.8413461538461539 0.03756009615384615 0.06790865384615384
0 0.40384615384615385 0.640625 0.029447115384615384 0.059495192307692304