1 0.7764423076923077 0.78125 0.019230769230769232 0.023737980769230768
1 0.7091346153846154 0.09615384615384616 0.033052884615384616 0.018629807692307692
1 0.8473557692307693 0.09375 0.03125 0.023137019230769232
1 0.7788461538461539 0.09375 0.06700721153846154 0.029747596153846152
1 0.5709134615384616 0.22956730769230768 0.046274038461538464 0.021935096153846152
1 0.3894230769230769 0.23197115384615385 0.04837740384615385 0.025841346153846152
1 0.625 0.6706730769230769 0.013822115384615384 0.10576923076923077
2 0.4831730769230769 0.12139423076923077 0.3128004807692308 0.23858173076923078
2 0.47836538461538464 0.44350961538461536 0.3359375 0.4456129807692308
2 0.38461538461538464 0.5829326923076923 0.09645432692307693 0.15384615384615385
2 0.3870192307692308 0.7199519230769231 0.10667067307692307 0.125
2 0.3858173076923077 0.8425480769230769 0.11388221153846154 0.12229567307692307
2 0.48197115384615385 0.8713942307692307 0.09825721153846154 0.18509615384615385
2 0.4795673076923077 0.7199519230769231 0.09375 0.1123798076923077
2 0.5769230769230769 0.6598557692307693 0.1201923076923077 0.23798076923076922
2 0.7764423076923077 0.15865384615384615 0.2548076923076923 0.15354567307692307
2 0.7764423076923077 0.38100961538461536 0.2881610576923077 0.32992788461538464
2 0.7091346153846154 0.48197115384615385 0.03756009615384615 0.10817307692307693
2 0.7764423076923077 0.6610576923076923 0.27944711538461536 0.26352163461538464
0 0.7764423076923077 0.19951923076923078 0.0390625 0.0868389423076923
0 0.7860576923076923 0.5168269230769231 0.03395432692307692 0.0634014423076923
0 0.7391826923076923 0.46033653846153844 0.03365384615384615 0.059495192307692304
0 0.4831730769230769 0.19951923076923078 0.04326923076923077 0.0712139423076923
0 0.5132211538461539 0.609375 0.038461538461538464 0.07481971153846154
0 0.44591346153846156 0.6225961538461539 0.04176682692307692 0.057692307692307696
0 0.4795673076923077 0.6911057692307693 0.045072115384615384 0.07542067307692307
0 0.48197115384615385 0.8100961538461539 0.04026442307692308 0.0829326923076923
0 0.45072115384615385 0.8413461538461539 0.04176682692307692 0.06850961538461539
0 0.40384615384615385 0.6394230769230769 0.030048076923076924 0.05829326923076923