2 0.057692307692307696 0.20072115384615385 0.11538461538461539 0.24278846153846154
2 0.4891826923076923 0.45913461538461536 0.9783653846153846 0.8461538461538461
2 0.5805288461538461 0.17548076923076922 0.27403846153846156 0.21063701923076922
2 0.7752403846153846 0.44711538461538464 0.3239182692307692 0.2127403846153846
2 0.6610576923076923 0.6189903846153846 0.09585336538461539 0.13131009615384615
2 0.7800480769230769 0.6862980769230769 0.35877403846153844 0.3290264423076923
2 0.4326923076923077 0.43990384615384615 0.13581730769230768 0.18629807692307693
1 0.5552884615384616 0.07572115384615384 0.12469951923076923 0.03545673076923077
1 0.9543269230769231 0.17908653846153846 0.05198317307692308 0.18088942307692307
1 0.9555288461538461 0.4519230769230769 0.0625 0.18840144230769232
1 0.9555288461538461 0.7319711538461539 0.055288461538461536 0.17998798076923078
0 0.5733173076923077 0.28846153846153844 0.060396634615384616 0.053786057692307696
0 0.6394230769230769 0.3076923076923077 0.053786057692307696 0.0673076923076923
0 0.5985576923076923 0.46153846153846156 0.06310096153846154 0.053786057692307696
0 0.5108173076923077 0.4483173076923077 0.051382211538461536 0.05588942307692308
0 0.10817307692307693 0.29447115384615385 0.11899038461538461 0.0790264423076923
0 0.6033653846153846 0.65625 0.04447115384615385 0.05198317307692308
0 0.8149038461538461 0.5745192307692307 0.0634014423076923 0.0634014423076923
0 0.6009615384615384 0.7463942307692307 0.057692307692307696 0.07061298076923077
0 0.5841346153846154 0.8401442307692307 0.06280048076923077 0.09615384615384616