2 0.055288461538461536 0.19471153846153846 0.11057692307692307 0.2403846153846154
2 0.4639423076923077 0.4495192307692308 0.9269831730769231 0.7490985576923077
2 0.5673076923076923 0.16947115384615385 0.26352163461538464 0.19441105769230768
2 0.7584134615384616 0.4375 0.3317307692307692 0.24128605769230768
2 0.6454326923076923 0.6057692307692307 0.0985576923076923 0.13010817307692307
2 0.7620192307692307 0.671875 0.33143028846153844 0.29477163461538464
2 0.4206730769230769 0.42908653846153844 0.125 0.17608173076923078
1 0.5408653846153846 0.07211538461538461 0.12049278846153846 0.04927884615384615
1 0.9338942307692307 0.17307692307692307 0.06490384615384616 0.17427884615384615
1 0.9350961538461539 0.4411057692307692 0.07301682692307693 0.18449519230769232
1 0.9350961538461539 0.7175480769230769 0.04266826923076923 0.17638221153846154
0 0.5600961538461539 0.28125 0.052884615384615384 0.043870192307692304
0 0.6237980769230769 0.29927884615384615 0.05048076923076923 0.06460336538461539
0 0.5841346153846154 0.45072115384615385 0.061598557692307696 0.0546875
0 0.49759615384615385 0.4387019230769231 0.04837740384615385 0.05438701923076923
0 0.10216346153846154 0.28725961538461536 0.12169471153846154 0.08473557692307693
0 0.5889423076923077 0.6430288461538461 0.04417067307692308 0.05078125
0 0.796875 0.5625 0.0655048076923077 0.06670673076923077
0 0.5877403846153846 0.7307692307692307 0.05618990384615385 0.07211538461538461
0 0.5709134615384616 0.8233173076923077 0.06911057692307693 0.09885817307692307