2 0.04807692307692308 0.16826923076923078 0.09615384615384616 0.23557692307692307
2 0.48197115384615385 0.4266826923076923 0.9639423076923077 0.8293269230769231
2 0.5733173076923077 0.14302884615384615 0.27403846153846156 0.21003605769230768
2 0.7680288461538461 0.41466346153846156 0.31971153846153844 0.20853365384615385
2 0.6538461538461539 0.5865384615384616 0.09585336538461539 0.1307091346153846
2 0.7716346153846154 0.6538461538461539 0.35216346153846156 0.32181490384615385
2 0.42427884615384615 0.4074519230769231 0.1466346153846154 0.1893028846153846
1 0.546875 0.04326923076923077 0.12289663461538461 0.04927884615384615
1 0.9459134615384616 0.1466346153846154 0.06460336538461539 0.1778846153846154
1 0.9483173076923077 0.41947115384615385 0.0673076923076923 0.19020432692307693
1 0.9483173076923077 0.6995192307692307 0.05588942307692308 0.17818509615384615
0 0.5661057692307693 0.25600961538461536 0.055588942307692304 0.04957932692307692
0 0.6310096153846154 0.27524038461538464 0.05979567307692308 0.0703125
0 0.5901442307692307 0.42908653846153844 0.0655048076923077 0.05979567307692308
0 0.5036057692307693 0.41586538461538464 0.051382211538461536 0.057692307692307696
0 0.10096153846153846 0.2620192307692308 0.12079326923076923 0.08623798076923077
0 0.5961538461538461 0.6237980769230769 0.0390625 0.045973557692307696
0 0.8064903846153846 0.5420673076923077 0.07481971153846154 0.07481971153846154
0 0.59375 0.7139423076923077 0.05709134615384615 0.07181490384615384
0 0.5769230769230769 0.8076923076923077 0.06280048076923077 0.0967548076923077