1 0.13701923076923078 0.09975961538461539 0.09254807692307693 0.03635817307692308
1 0.28846153846153844 0.09735576923076923 0.06310096153846154 0.03064903846153846
1 0.38100961538461536 0.09735576923076923 0.0625 0.039963942307692304
1 0.4675480769230769 0.09735576923076923 0.06460336538461539 0.026442307692307692
1 0.6538461538461539 0.15745192307692307 0.057992788461538464 0.026141826923076924
1 0.4014423076923077 0.7788461538461539 0.0868389423076923 0.024338942307692308
1 0.17548076923076922 0.7788461538461539 0.09164663461538461 0.03876201923076923
2 0.8605769230769231 0.33413461538461536 0.18209134615384615 0.17908653846153846
2 0.6129807692307693 0.21634615384615385 0.19140625 0.13521634615384615
2 0.6141826923076923 0.3605769230769231 0.1953125 0.1778846153846154
2 0.6490384615384616 0.5060096153846154 0.1349158653846154 0.14092548076923078
2 0.6466346153846154 0.671875 0.12049278846153846 0.20673076923076922
2 0.6502403846153846 0.8425480769230769 0.12259615384615384 0.11358173076923077
2 0.3269230769230769 0.4362980769230769 0.5727163461538461 0.7142427884615384
2 0.18028846153846154 0.6466346153846154 0.23167067307692307 0.24939903846153846
2 0.39903846153846156 0.6490384615384616 0.21995192307692307 0.25991586538461536
0 0.453125 0.578125 0.05498798076923077 0.0850360576923077
0 0.25961538461538464 0.5552884615384616 0.052884615384615384 0.07271634615384616
0 0.5300480769230769 0.5600961538461539 0.06009615384615385 0.0772235576923077
0 0.5661057692307693 0.6814903846153846 0.06580528846153846 0.0625
0 0.4963942307692308 0.22115384615384615 0.05979567307692308 0.05889423076923077
0 0.5612980769230769 0.12379807692307693 0.05588942307692308 0.05618990384615385
0 0.5877403846153846 0.3004807692307692 0.05438701923076923 0.05709134615384615
0 0.6394230769230769 0.47115384615384615 0.05348557692307692 0.06219951923076923
0 0.5552884615384616 0.7992788461538461 0.048677884615384616 0.0546875
0 0.5709134615384616 0.8449519230769231 0.04537259615384615 0.06009615384615385