1 0.11658653846153846 0.08533653846153846 0.0985576923076923 0.044771634615384616
1 0.2704326923076923 0.08413461538461539 0.06460336538461539 0.025240384615384616
1 0.3641826923076923 0.0829326923076923 0.06400240384615384 0.036959134615384616
1 0.4519230769230769 0.08413461538461539 0.0673076923076923 0.034254807692307696
1 0.6418269230769231 0.14423076923076922 0.05829326923076923 0.03395432692307692
1 0.38461538461538464 0.7752403846153846 0.08774038461538461 0.03515625
1 0.15504807692307693 0.7752403846153846 0.09314903846153846 0.041165865384615384
2 0.8521634615384616 0.3245192307692308 0.18509615384615385 0.18329326923076922
2 0.5997596153846154 0.20432692307692307 0.18599759615384615 0.12860576923076922
2 0.6009615384615384 0.35096153846153844 0.20282451923076922 0.18329326923076922
2 0.6370192307692307 0.49759615384615385 0.13431490384615385 0.13972355769230768
2 0.6334134615384616 0.6658653846153846 0.12289663461538461 0.20793269230769232
2 0.6370192307692307 0.8401442307692307 0.1201923076923077 0.11057692307692307
2 0.3088942307692308 0.42788461538461536 0.5706129807692307 0.7163461538461539
2 0.15985576923076922 0.640625 0.23888221153846154 0.25330528846153844
2 0.38341346153846156 0.6430288461538461 0.2322716346153846 0.2692307692307692
0 0.4375 0.5709134615384616 0.06790865384615384 0.09134615384615384
0 0.24158653846153846 0.5480769230769231 0.05979567307692308 0.07662259615384616
0 0.5168269230769231 0.5528846153846154 0.05859375 0.07692307692307693
0 0.5516826923076923 0.6766826923076923 0.07211538461538461 0.0694110576923077
0 0.48197115384615385 0.2091346153846154 0.057692307692307696 0.057692307692307696
0 0.5480769230769231 0.11057692307692307 0.06280048076923077 0.06280048076923077
0 0.5745192307692307 0.28966346153846156 0.06129807692307692 0.06099759615384615
0 0.6274038461538461 0.46274038461538464 0.06219951923076923 0.06911057692307693
0 0.5420673076923077 0.7956730769230769 0.05048076923076923 0.056790865384615384
0 0.5576923076923077 0.8425480769230769 0.052884615384615384 0.06430288461538461