1 0.1310096153846154 0.1045673076923077 0.0946514423076923 0.039963942307692304
1 0.28365384615384615 0.10336538461538461 0.06310096153846154 0.03485576923076923
1 0.3762019230769231 0.10216346153846154 0.0625 0.036959134615384616
1 0.46274038461538464 0.10336538461538461 0.06490384615384616 0.024639423076923076
1 0.6502403846153846 0.1622596153846154 0.05618990384615385 0.032151442307692304
1 0.39663461538461536 0.7872596153846154 0.0868389423076923 0.030348557692307692
1 0.16947115384615385 0.7872596153846154 0.08984375 0.039963942307692304
2 0.8581730769230769 0.3401442307692308 0.17908653846153846 0.1778846153846154
2 0.609375 0.22235576923076922 0.1875 0.1271033653846154
2 0.6105769230769231 0.36658653846153844 0.19801682692307693 0.18028846153846154
2 0.6454326923076923 0.5120192307692307 0.12319711538461539 0.12920673076923078
2 0.6430288461538461 0.6790865384615384 0.15204326923076922 0.21875
2 0.6466346153846154 0.8509615384615384 0.12950721153846154 0.12049278846153846
2 0.32091346153846156 0.4423076923076923 0.6081730769230769 0.7394831730769231
2 0.17427884615384615 0.6538461538461539 0.25240384615384615 0.2653245192307692
2 0.3942307692307692 0.65625 0.23106971153846154 0.2686298076923077
0 0.4483173076923077 0.5841346153846154 0.0673076923076923 0.09044471153846154
0 0.2536057692307692 0.5612980769230769 0.0625 0.07692307692307693
0 0.5264423076923077 0.5661057692307693 0.07091346153846154 0.08383413461538461
0 0.5612980769230769 0.6887019230769231 0.0655048076923077 0.060697115384615384
0 0.49278846153846156 0.22716346153846154 0.06129807692307692 0.06009615384615385
0 0.5576923076923077 0.12980769230769232 0.0634014423076923 0.0634014423076923
0 0.5841346153846154 0.30649038461538464 0.061899038461538464 0.0625
0 0.6358173076923077 0.47836538461538464 0.05588942307692308 0.06280048076923077
0 0.5516826923076923 0.8064903846153846 0.0546875 0.05979567307692308
0 0.5673076923076923 0.8533653846153846 0.047776442307692304 0.061899038461538464