2 0.07692307692307693 0.24879807692307693 0.11959134615384616 0.16496394230769232
1 0.06971153846153846 0.33413461538461536 0.06310096153846154 0.018629807692307692
1 0.030048076923076924 0.4026442307692308 0.02403846153846154 0.07211538461538461
1 0.028846153846153848 0.5036057692307693 0.013521634615384616 0.028846153846153848
1 0.1778846153846154 0.5709134615384616 0.03786057692307692 0.012319711538461538
1 0.43028846153846156 0.16706730769230768 0.06760817307692307 0.021634615384615384
1 0.3233173076923077 0.16706730769230768 0.021935096153846152 0.016526442307692308
1 0.5300480769230769 0.40384615384615385 0.014423076923076924 0.07752403846153846
1 0.53125 0.5120192307692307 0.013521634615384616 0.024338942307692308
1 0.5697115384615384 0.3329326923076923 0.05348557692307692 0.012620192307692308
1 0.6262019230769231 0.22956730769230768 0.021935096153846152 0.1024639423076923
1 0.7007211538461539 0.14903846153846154 0.09885817307692307 0.03876201923076923
1 0.8317307692307693 0.16826923076923078 0.047475961538461536 0.018329326923076924
1 0.9254807692307693 0.16826923076923078 0.05318509615384615 0.013822115384615384
1 0.9963942307692307 0.3942307692307692 0.007211538461538462 0.02403846153846154
1 0.9387019230769231 0.5709134615384616 0.06009615384615385 0.012620192307692308
1 0.84375 0.5709134615384616 0.054086538461538464 0.017728365384615384
1 0.7427884615384616 0.5733173076923077 0.019230769230769232 0.0078125
1 0.6658653846153846 0.5709134615384616 0.05709134615384615 0.017427884615384616
2 0.7692307692307693 0.6382211538461539 0.26412259615384615 0.1661658653846154
2 0.7247596153846154 0.7355769230769231 0.16346153846153846 0.07211538461538461
2 0.23076923076923078 0.24278846153846154 0.21995192307692307 0.17217548076923078
2 0.41947115384615385 0.2439903846153846 0.1778846153846154 0.17097355769230768
2 0.3918269230769231 0.31490384615384615 0.03395432692307692 0.04296875
2 0.4543269230769231 0.36538461538461536 0.1162860576923077 0.1640625
2 0.46634615384615385 0.5072115384615384 0.061899038461538464 0.10667067307692307
2 0.28846153846153844 0.44471153846153844 0.2878605769230769 0.2361778846153846
2 0.08653846153846154 0.4495192307692308 0.12620192307692307 0.23948317307692307
2 0.5757211538461539 0.24879807692307693 0.11838942307692307 0.17157451923076922
2 0.8629807692307693 0.19591346153846154 0.051682692307692304 0.06400240384615384
2 0.8605769230769231 0.2848557692307692 0.052884615384615384 0.09945913461538461
2 0.9350961538461539 0.24759615384615385 0.12980769230769232 0.18269230769230768
2 0.9615384615384616 0.375 0.07301682692307693 0.07602163461538461
2 0.9435096153846154 0.49278846153846156 0.11298076923076923 0.16346153846153846
2 0.8473557692307693 0.49158653846153844 0.10276442307692307 0.16105769230769232
2 0.7223557692307693 0.3581730769230769 0.45943509615384615 0.4855769230769231
2 0.8004807692307693 0.23197115384615385 0.08082932692307693 0.12349759615384616
2 0.859375 0.1971153846153846 0.051382211538461536 0.06850961538461539
2 0.859375 0.28725961538461536 0.06520432692307693 0.11207932692307693
0 0.8942307692307693 0.19110576923076922 0.029447115384615384 0.03635817307692308
0 0.9002403846153846 0.3245192307692308 0.03125 0.038161057692307696
0 0.8701923076923077 0.3485576923076923 0.028846153846153848 0.033353365384615384
0 0.8942307692307693 0.4254807692307692 0.057992788461538464 0.03786057692307692
0 0.921875 0.390625 0.040865384615384616 0.044771634615384616
0 0.7848557692307693 0.484375 0.04026442307692308 0.04056490384615385
0 0.7800480769230769 0.5889423076923077 0.044771634615384616 0.05198317307692308
0 0.6370192307692307 0.5072115384615384 0.03756009615384615 0.042067307692307696
0 0.7199519230769231 0.43149038461538464 0.03545673076923077 0.035757211538461536
0 0.6262019230769231 0.29447115384615385 0.05979567307692308 0.04657451923076923
0 0.42427884615384615 0.36538461538461536 0.03155048076923077 0.03876201923076923
0 0.4254807692307692 0.47716346153846156 0.029747596153846152 0.027043269230769232
0 0.3701923076923077 0.46634615384615385 0.03275240384615385 0.04717548076923077
0 0.36899038461538464 0.38100961538461536 0.02674278846153846 0.04326923076923077
0 0.35216346153846156 0.30408653846153844 0.03125 0.038461538461538464
0 0.29086538461538464 0.33533653846153844 0.034555288461538464 0.04146634615384615
0 0.12259615384615384 0.2956730769230769 0.0625 0.03756009615384615
0 0.16105769230769232 0.36658653846153844 0.042067307692307696 0.052884615384615384
0 0.09014423076923077 0.5997596153846154 0.09885817307692307 0.08443509615384616