2 0.07692307692307693 0.2692307692307692 0.09224759615384616 0.14993990384615385
1 0.06971153846153846 0.35216346153846156 0.0625 0.01201923076923077
1 0.03125 0.4182692307692308 0.02283653846153846 0.07151442307692307
1 0.03125 0.5168269230769231 0.010516826923076924 0.028545673076923076
1 0.17548076923076922 0.5817307692307693 0.03395432692307692 0.014423076923076924
1 0.41947115384615385 0.19110576923076922 0.06520432692307693 0.019230769230769232
1 0.3161057692307692 0.19110576923076922 0.021935096153846152 0.015925480769230768
1 0.5168269230769231 0.41947115384615385 0.019230769230769232 0.07692307692307693
1 0.5168269230769231 0.5252403846153846 0.009314903846153846 0.02403846153846154
1 0.5552884615384616 0.35096153846153844 0.05318509615384615 0.014423076923076924
1 0.609375 0.2512019230769231 0.007512019230769231 0.10096153846153846
1 0.6814903846153846 0.17307692307692307 0.0946514423076923 0.03876201923076923
1 0.8088942307692307 0.19230769230769232 0.045973557692307696 0.009314903846153846
1 0.8990384615384616 0.19230769230769232 0.052584134615384616 0.018028846153846152
1 0.9711538461538461 0.41225961538461536 0.010516826923076924 0.026442307692307692
1 0.9122596153846154 0.5817307692307693 0.05979567307692308 0.014122596153846154
1 0.8197115384615384 0.5829326923076923 0.056790865384615384 0.016526442307692308
1 0.7223557692307693 0.5841346153846154 0.019230769230769232 0.005108173076923077
1 0.6478365384615384 0.5817307692307693 0.055588942307692304 0.009014423076923076
2 0.7475961538461539 0.6466346153846154 0.2509014423076923 0.14423076923076922
2 0.7043269230769231 0.7415865384615384 0.1580528846153846 0.0625
2 0.22596153846153846 0.2644230769230769 0.2169471153846154 0.17818509615384615
2 0.40865384615384615 0.265625 0.17247596153846154 0.16556490384615385
2 0.38221153846153844 0.33413461538461536 0.038461538461538464 0.04447115384615385
2 0.44350961538461536 0.38341346153846156 0.09945913461538461 0.15625
2 0.4543269230769231 0.5204326923076923 0.0772235576923077 0.11057692307692307
2 0.2824519230769231 0.45913461538461536 0.30528846153846156 0.265625
2 0.08653846153846154 0.4639423076923077 0.1349158653846154 0.23527644230769232
2 0.5600961538461539 0.2704326923076923 0.11057692307692307 0.1661658653846154
2 0.8377403846153846 0.21875 0.05438701923076923 0.06670673076923077
2 0.8365384615384616 0.30528846153846156 0.0634014423076923 0.10096153846153846
2 0.9122596153846154 0.2704326923076923 0.11328125 0.16676682692307693
2 0.9338942307692307 0.3918269230769231 0.06971153846153846 0.07181490384615384
2 0.921875 0.5060096153846154 0.10306490384615384 0.15144230769230768
2 0.8233173076923077 0.5048076923076923 0.09825721153846154 0.1544471153846154
2 0.7019230769230769 0.375 0.43689903846153844 0.46243990384615385
2 0.7776442307692307 0.2536057692307692 0.07872596153846154 0.11838942307692307
2 0.8341346153846154 0.21995192307692307 0.04807692307692308 0.06490384615384616
2 0.8353365384615384 0.30649038461538464 0.0625 0.10757211538461539
0 0.8689903846153846 0.21394230769230768 0.02734375 0.034254807692307696
0 0.8737980769230769 0.3425480769230769 0.028846153846153848 0.036057692307692304
0 0.8461538461538461 0.36658653846153844 0.024338942307692308 0.028846153846153848
0 0.8677884615384616 0.4411057692307692 0.053786057692307696 0.03635817307692308
0 0.8954326923076923 0.4074519230769231 0.04056490384615385 0.04326923076923077
0 0.7632211538461539 0.49759615384615385 0.036959134615384616 0.03786057692307692
0 0.7572115384615384 0.5985576923076923 0.048677884615384616 0.05348557692307692
0 0.6189903846153846 0.5204326923076923 0.031850961538461536 0.036959134615384616
0 0.6995192307692307 0.44711538461538464 0.033052884615384616 0.030048076923076924
0 0.609375 0.31490384615384615 0.055588942307692304 0.04326923076923077
0 0.41466346153846156 0.38341346153846156 0.031850961538461536 0.04026442307692308
0 0.41466346153846156 0.49158653846153844 0.031850961538461536 0.03064903846153846
0 0.3605769230769231 0.4807692307692308 0.033052884615384616 0.046875
0 0.3605769230769231 0.39783653846153844 0.03365384615384615 0.04537259615384615
0 0.34375 0.3233173076923077 0.029146634615384616 0.036959134615384616
0 0.28365384615384615 0.35336538461538464 0.033353365384615384 0.03936298076923077
0 0.12139423076923077 0.3161057692307692 0.06009615384615385 0.03665865384615385
0 0.15865384615384615 0.38461538461538464 0.034254807692307696 0.048978365384615384
0 0.09014423076923077 0.6105769230769231 0.08864182692307693 0.07241586538461539