2 0.05889423076923077 0.2668269230769231 0.09435096153846154 0.1541466346153846
1 0.051682692307692304 0.35216346153846156 0.06490384615384616 0.021033653846153848
1 0.010817307692307692 0.4206730769230769 0.016826923076923076 0.07271634615384616
1 0.010817307692307692 0.5216346153846154 0.015925480769230768 0.028846153846153848
1 0.15985576923076922 0.5889423076923077 0.036057692307692304 0.010516826923076924
1 0.4110576923076923 0.18509615384615385 0.06760817307692307 0.015024038461538462
1 0.30528846153846156 0.18509615384615385 0.02013221153846154 0.014723557692307692
1 0.5120192307692307 0.421875 0.0234375 0.07932692307692307
1 0.5132211538461539 0.5300480769230769 0.00811298076923077 0.026141826923076924
1 0.5516826923076923 0.35096153846153844 0.055288461538461536 0.013822115384615384
1 0.6081730769230769 0.24759615384615385 0.023137019230769232 0.10186298076923077
1 0.6826923076923077 0.16706730769230768 0.10006009615384616 0.041165865384615384
1 0.8137019230769231 0.18629807692307693 0.046274038461538464 0.015925480769230768
1 0.9074519230769231 0.18629807692307693 0.05498798076923077 0.019230769230769232
1 0.9819711538461539 0.41346153846153844 0.012920673076923076 0.028245192307692308
1 0.9206730769230769 0.5889423076923077 0.061899038461538464 0.02283653846153846
1 0.8245192307692307 0.5889423076923077 0.057692307692307696 0.009314903846153846
1 0.7247596153846154 0.5913461538461539 0.019230769230769232 0.009014423076923076
1 0.6478365384615384 0.5889423076923077 0.057692307692307696 0.005408653846153846
2 0.7512019230769231 0.65625 0.26712740384615385 0.17818509615384615
2 0.7067307692307693 0.7536057692307693 0.16766826923076922 0.08353365384615384
2 0.2127403846153846 0.2608173076923077 0.2049278846153846 0.14753605769230768
2 0.4014423076923077 0.2620192307692308 0.1778846153846154 0.17217548076923078
2 0.3737980769230769 0.3329326923076923 0.041165865384615384 0.045973557692307696
2 0.4362980769230769 0.38341346153846156 0.09765625 0.15865384615384615
2 0.4483173076923077 0.5252403846153846 0.0673076923076923 0.11207932692307693
2 0.2704326923076923 0.46274038461538464 0.29146634615384615 0.24519230769230768
2 0.0673076923076923 0.4675480769230769 0.12079326923076923 0.23768028846153846
2 0.5576923076923077 0.2668269230769231 0.1141826923076923 0.17277644230769232
2 0.84375 0.21394230769230768 0.052884615384615384 0.06640625
2 0.8425480769230769 0.30288461538461536 0.05588942307692308 0.10186298076923077
2 0.9206730769230769 0.2668269230769231 0.11538461538461539 0.17217548076923078
2 0.9435096153846154 0.3918269230769231 0.07001201923076923 0.07181490384615384
2 0.9314903846153846 0.5108173076923077 0.11748798076923077 0.16165865384615385
2 0.8293269230769231 0.5096153846153846 0.10997596153846154 0.1640625
2 0.7043269230769231 0.3762019230769231 0.39393028846153844 0.4254807692307692
2 0.7824519230769231 0.25 0.060396634615384616 0.11568509615384616
2 0.8413461538461539 0.21514423076923078 0.04717548076923077 0.0655048076923077
2 0.8413461538461539 0.30528846153846156 0.061598557692307696 0.1102764423076923
0 0.8762019230769231 0.20793269230769232 0.028846153846153848 0.035757211538461536
0 0.8822115384615384 0.3425480769230769 0.024639423076923076 0.035757211538461536
0 0.8521634615384616 0.36658653846153844 0.027043269230769232 0.032151442307692304
0 0.875 0.44350961538461536 0.06219951923076923 0.04567307692307692
0 0.9038461538461539 0.40865384615384615 0.039663461538461536 0.04417067307692308
0 0.7668269230769231 0.5024038461538461 0.03485576923076923 0.03876201923076923
0 0.7608173076923077 0.6057692307692307 0.04657451923076923 0.05318509615384615
0 0.6177884615384616 0.5252403846153846 0.034555288461538464 0.040865384615384616
0 0.7019230769230769 0.4495192307692308 0.029447115384615384 0.033353365384615384
0 0.6081730769230769 0.3125 0.06219951923076923 0.048978365384615384
0 0.40625 0.38341346153846156 0.034555288461538464 0.041165865384615384
0 0.4074519230769231 0.4951923076923077 0.032151442307692304 0.029447115384615384
0 0.35216346153846156 0.484375 0.03155048076923077 0.04657451923076923
0 0.35096153846153844 0.39903846153846156 0.03395432692307692 0.047475961538461536
0 0.33413461538461536 0.32211538461538464 0.03245192307692308 0.0390625
0 0.27163461538461536 0.35216346153846156 0.033353365384615384 0.040865384615384616
0 0.1045673076923077 0.3137019230769231 0.0625 0.03635817307692308
0 0.14302884615384615 0.38461538461538464 0.038461538461538464 0.05228365384615385
0 0.07211538461538461 0.6177884615384616 0.09224759615384616 0.07602163461538461