1 0.15384615384615385 0.12259615384615384 0.010516826923076924 0.01893028846153846
1 0.23076923076923078 0.13822115384615385 0.06700721153846154 0.022536057692307692
1 0.037259615384615384 0.20793269230769232 0.00811298076923077 0.016826923076923076
1 0.037259615384615384 0.2668269230769231 0.009615384615384616 0.015024038461538462
1 0.037259615384615384 0.3449519230769231 0.019230769230769232 0.035757211538461536
1 0.037259615384615384 0.4182692307692308 0.014423076923076924 0.038461538461538464
1 0.07932692307692307 0.47836538461538464 0.0234375 0.013521634615384616
1 0.23317307692307693 0.5540865384615384 0.023737980769230768 0.01171875
1 0.16466346153846154 0.7091346153846154 0.012319711538461538 0.01532451923076923
1 0.3942307692307692 0.7091346153846154 0.010216346153846154 0.014723557692307692
1 0.16466346153846154 0.7860576923076923 0.021334134615384616 0.043569711538461536
1 0.3942307692307692 0.7860576923076923 0.010817307692307692 0.047776442307692304
1 0.6850961538461539 0.5588942307692307 0.015024038461538462 0.007512019230769231
1 0.5649038461538461 0.47596153846153844 0.024338942307692308 0.018629807692307692
1 0.4567307692307692 0.4050480769230769 0.014423076923076924 0.05498798076923077
1 0.4567307692307692 0.25600961538461536 0.018028846153846152 0.035757211538461536
1 0.45552884615384615 0.15865384615384615 0.020733173076923076 0.05709134615384615
1 0.5072115384615384 0.10336538461538461 0.052884615384615384 0.009915865384615384
1 0.5721153846153846 0.11899038461538461 0.010216346153846154 0.021935096153846152
1 0.6478365384615384 0.13581730769230768 0.0694110576923077 0.025540865384615384
2 0.21514423076923078 0.0829326923076923 0.13161057692307693 0.10877403846153846
2 0.09495192307692307 0.140625 0.11778846153846154 0.07992788461538461
2 0.07451923076923077 0.20673076923076922 0.07151442307692307 0.057992788461538464
2 0.13341346153846154 0.2091346153846154 0.045973557692307696 0.06640625
2 0.15625 0.265625 0.23497596153846154 0.2481971153846154
2 0.07451923076923077 0.2704326923076923 0.07181490384615384 0.06430288461538461
2 0.1310096153846154 0.2692307692307692 0.040865384615384616 0.05859375
2 0.2403846153846154 0.41346153846153844 0.08203125 0.12590144230769232
2 0.12139423076923077 0.4266826923076923 0.16676682692307693 0.10817307692307693
2 0.2764423076923077 0.5168269230769231 0.19681490384615385 0.09615384615384616
2 0.3173076923076923 0.5757211538461539 0.13010817307692307 0.05618990384615385
2 0.27884615384615385 0.8413461538461539 0.2364783653846154 0.25060096153846156
2 0.33413461538461536 0.6923076923076923 0.11087740384615384 0.056790865384615384
2 0.22115384615384615 0.6947115384615384 0.10606971153846154 0.054086538461538464
1 0.8894230769230769 0.47475961538461536 0.0625 0.01171875
1 0.9002403846153846 0.13581730769230768 0.07361778846153846 0.026141826923076924
2 0.8870192307692307 0.09375 0.12439903846153846 0.0907451923076923
2 0.8485576923076923 0.18629807692307693 0.20703125 0.18479567307692307
2 0.5997596153846154 0.09375 0.19441105769230768 0.09044471153846154
2 0.5757211538461539 0.25961538461538464 0.26712740384615385 0.33143028846153844
2 0.6706730769230769 0.38341346153846156 0.04717548076923077 0.06881009615384616
2 0.53125 0.4182692307692308 0.14813701923076922 0.1201923076923077
2 0.6466346153846154 0.44471153846153844 0.09164663461538461 0.06129807692307692
2 0.671875 0.5168269230769231 0.04957932692307692 0.07632211538461539
2 0.5949519230769231 0.5192307692307693 0.11268028846153846 0.09495192307692307
2 0.8016826923076923 0.3125 0.10276442307692307 0.10006009615384616
2 0.8918269230769231 0.31009615384615385 0.10186298076923077 0.09254807692307693
2 0.8473557692307693 0.41586538461538464 0.20192307692307693 0.13912259615384615
0 0.17548076923076922 0.12620192307692307 0.038461538461538464 0.04146634615384615
0 0.13942307692307693 0.15865384615384615 0.03786057692307692 0.029146634615384616
0 0.16706730769230768 0.20793269230769232 0.041165865384615384 0.036959134615384616
0 0.09495192307692307 0.18990384615384615 0.031850961538461536 0.034555288461538464
0 0.09375 0.22596153846153846 0.03395432692307692 0.03365384615384615
0 0.21995192307692307 0.37259615384615385 0.039963942307692304 0.029447115384615384
0 0.16947115384615385 0.3798076923076923 0.031850961538461536 0.033353365384615384
0 0.27403846153846156 0.5685096153846154 0.034555288461538464 0.039963942307692304
0 0.3245192307692308 0.49278846153846156 0.03756009615384615 0.042067307692307696
0 0.22716346153846154 0.49399038461538464 0.040865384615384616 0.04567307692307692
0 0.5973557692307693 0.13581730769230768 0.03515625 0.06911057692307693
0 0.6334134615384616 0.3870192307692308 0.04176682692307692 0.034555288461538464
0 0.5673076923076923 0.38461538461538464 0.04296875 0.034555288461538464
0 0.6262019230769231 0.4326923076923077 0.035757211538461536 0.03365384615384615
0 0.6346153846153846 0.5336538461538461 0.04717548076923077 0.042367788461538464
0 0.6262019230769231 0.4879807692307692 0.031850961538461536 0.03936298076923077
0 0.33774038461538464 0.6502403846153846 0.038461538461538464 0.044771634615384616
0 0.2247596153846154 0.6490384615384616 0.04537259615384615 0.043870192307692304
0 0.8473557692307693 0.13581730769230768 0.03365384615384615 0.06911057692307693
0 0.859375 0.27524038461538464 0.03155048076923077 0.03155048076923077
0 0.8533653846153846 0.30288461538461536 0.03485576923076923 0.029447115384615384
0 0.8701923076923077 0.3425480769230769 0.029447115384615384 0.032151442307692304