1 0.14903846153846154 0.1141826923076923 0.010516826923076924 0.017127403846153848
1 0.22716346153846154 0.12980769230769232 0.06911057692307693 0.0234375
1 0.03125 0.20072115384615385 0.010516826923076924 0.016826923076923076
1 0.03125 0.25961538461538464 0.009615384615384616 0.018629807692307692
1 0.03125 0.3389423076923077 0.014423076923076924 0.034254807692307696
1 0.03125 0.41346153846153844 0.010216346153846154 0.038461538461538464
1 0.0733173076923077 0.4735576923076923 0.021935096153846152 0.009915865384615384
1 0.2283653846153846 0.5492788461538461 0.023737980769230768 0.012620192307692308
1 0.15985576923076922 0.7067307692307693 0.01171875 0.014723557692307692
1 0.390625 0.7067307692307693 0.012620192307692308 0.018629807692307692
1 0.15985576923076922 0.7848557692307693 0.020733173076923076 0.04567307692307692
1 0.3918269230769231 0.7836538461538461 0.019230769230769232 0.047776442307692304
1 0.6850961538461539 0.5540865384615384 0.01893028846153846 0.007512019230769231
1 0.5649038461538461 0.47115384615384615 0.024338942307692308 0.018629807692307692
1 0.4543269230769231 0.39903846153846156 0.014723557692307692 0.05318509615384615
1 0.4543269230769231 0.24879807692307693 0.013822115384615384 0.035757211538461536
1 0.453125 0.1502403846153846 0.012920673076923076 0.055588942307692304
1 0.5060096153846154 0.09495192307692307 0.0546875 0.014423076923076924
1 0.5709134615384616 0.11057692307692307 0.012920673076923076 0.023737980769230768
1 0.6478365384615384 0.12740384615384615 0.0694110576923077 0.01893028846153846
2 0.21153846153846154 0.0733173076923077 0.13912259615384615 0.11838942307692307
2 0.09014423076923077 0.13221153846153846 0.11868990384615384 0.08052884615384616
2 0.06850961538461539 0.19951923076923078 0.07361778846153846 0.061899038461538464
2 0.12740384615384615 0.20072115384615385 0.04417067307692308 0.06460336538461539
2 0.15144230769230768 0.25841346153846156 0.25 0.2620192307692308
2 0.06850961538461539 0.26322115384615385 0.07391826923076923 0.06460336538461539
2 0.12620192307692307 0.2620192307692308 0.04146634615384615 0.061598557692307696
2 0.23557692307692307 0.40865384615384615 0.08713942307692307 0.12920673076923078
2 0.11538461538461539 0.421875 0.17337740384615385 0.11748798076923077
2 0.27163461538461536 0.5120192307692307 0.1932091346153846 0.07271634615384616
2 0.3137019230769231 0.5721153846153846 0.13161057692307693 0.047776442307692304
2 0.27403846153846156 0.8401442307692307 0.23016826923076922 0.24338942307692307
2 0.3317307692307692 0.6899038461538461 0.11538461538461539 0.0712139423076923
2 0.21754807692307693 0.6923076923076923 0.10877403846153846 0.061899038461538464
1 0.8918269230769231 0.4699519230769231 0.061598557692307696 0.020733173076923076
1 0.9026442307692307 0.12740384615384615 0.07451923076923077 0.014122596153846154
2 0.8894230769230769 0.08413461538461539 0.12590144230769232 0.09645432692307693
2 0.8497596153846154 0.17908653846153846 0.20943509615384615 0.18509615384615385
2 0.5997596153846154 0.08533653846153846 0.19441105769230768 0.08473557692307693
2 0.5745192307692307 0.25240384615384615 0.2881610576923077 0.34555288461538464
2 0.6706730769230769 0.3786057692307692 0.04417067307692308 0.06881009615384616
2 0.5300480769230769 0.41225961538461536 0.14092548076923078 0.10426682692307693
2 0.6466346153846154 0.43990384615384615 0.0907451923076923 0.05228365384615385
2 0.671875 0.5132211538461539 0.05438701923076923 0.0790264423076923
2 0.59375 0.515625 0.10997596153846154 0.08984375
2 0.8028846153846154 0.30528846153846156 0.10546875 0.1015625
2 0.8942307692307693 0.30408653846153844 0.10516826923076923 0.09344951923076923
2 0.8497596153846154 0.4098557692307692 0.20372596153846154 0.13701923076923078
0 0.17067307692307693 0.11899038461538461 0.03876201923076923 0.04146634615384615
0 0.1346153846153846 0.1502403846153846 0.039663461538461536 0.032151442307692304
0 0.1622596153846154 0.20072115384615385 0.04056490384615385 0.03635817307692308
0 0.09014423076923077 0.1814903846153846 0.03125 0.03515625
0 0.08774038461538461 0.21875 0.04026442307692308 0.038161057692307696
0 0.21514423076923078 0.36658653846153844 0.036959134615384616 0.027043269230769232
0 0.16466346153846154 0.375 0.03125 0.033052884615384616
0 0.2704326923076923 0.5649038461538461 0.032151442307692304 0.03876201923076923
0 0.32091346153846156 0.4879807692307692 0.032151442307692304 0.038461538461538464
0 0.22355769230769232 0.4891826923076923 0.034254807692307696 0.040865384615384616
0 0.5973557692307693 0.12740384615384615 0.040865384615384616 0.07091346153846154
0 0.6334134615384616 0.38221153846153844 0.041165865384615384 0.03395432692307692
0 0.5673076923076923 0.3798076923076923 0.04296875 0.034555288461538464
0 0.6262019230769231 0.42788461538461536 0.03635817307692308 0.034254807692307696
0 0.6334134615384616 0.5300480769230769 0.05048076923076923 0.045072115384615384
0 0.6262019230769231 0.484375 0.031850961538461536 0.041165865384615384
0 0.33413461538461536 0.6466346153846154 0.03936298076923077 0.043569711538461536
0 0.22115384615384615 0.6466346153846154 0.043569711538461536 0.04447115384615385
0 0.8485576923076923 0.12740384615384615 0.042367788461538464 0.07091346153846154
0 0.8617788461538461 0.26802884615384615 0.035757211538461536 0.035757211538461536
0 0.8545673076923077 0.2956730769230769 0.036959134615384616 0.03245192307692308
0 0.8725961538461539 0.33653846153846156 0.03365384615384615 0.03756009615384615