1 0.15264423076923078 0.1045673076923077 0.012920673076923076 0.017728365384615384
1 0.23076923076923078 0.1201923076923077 0.06790865384615384 0.010216346153846154
1 0.036057692307692304 0.18990384615384615 0.009314903846153846 0.015024038461538462
1 0.036057692307692304 0.25 0.009615384615384616 0.018629807692307692
1 0.03485576923076923 0.3293269230769231 0.012620192307692308 0.034254807692307696
1 0.03485576923076923 0.4026442307692308 0.01201923076923077 0.038461538461538464
1 0.078125 0.4639423076923077 0.021935096153846152 0.013521634615384616
1 0.23317307692307693 0.5396634615384616 0.024338942307692308 0.01622596153846154
1 0.16466346153846154 0.6971153846153846 0.012319711538461538 0.01532451923076923
1 0.3954326923076923 0.6971153846153846 0.01141826923076923 0.018629807692307692
1 0.16466346153846154 0.7740384615384616 0.017728365384615384 0.047475961538461536
1 0.3954326923076923 0.7740384615384616 0.021033653846153848 0.047776442307692304
1 0.6899038461538461 0.5444711538461539 0.01893028846153846 0.007512019230769231
1 0.5685096153846154 0.46033653846153844 0.022536057692307692 0.016826923076923076
1 0.45913461538461536 0.3894230769230769 0.01953125 0.05318509615384615
1 0.4579326923076923 0.23798076923076922 0.014423076923076924 0.03395432692307692
1 0.4567307692307692 0.140625 0.01532451923076923 0.055588942307692304
1 0.5096153846153846 0.08533653846153846 0.05709134615384615 0.0078125
1 0.5745192307692307 0.09975961538461539 0.014723557692307692 0.021935096153846152
1 0.6526442307692307 0.11658653846153846 0.07001201923076923 0.012319711538461538
2 0.21514423076923078 0.06370192307692307 0.13731971153846154 0.11538461538461539
2 0.09375 0.12259615384615384 0.11508413461538461 0.07091346153846154
2 0.0733173076923077 0.18870192307692307 0.07361778846153846 0.060697115384615384
2 0.13221153846153846 0.19110576923076922 0.04837740384615385 0.06520432692307693
2 0.15504807692307693 0.24879807692307693 0.2692307692307692 0.28064903846153844
2 0.0733173076923077 0.2536057692307692 0.07692307692307693 0.0694110576923077
2 0.12980769230769232 0.25240384615384615 0.039663461538461536 0.061598557692307696
2 0.2403846153846154 0.39903846153846156 0.07632211538461539 0.125
2 0.1201923076923077 0.4110576923076923 0.17337740384615385 0.11929086538461539
2 0.2764423076923077 0.5024038461538461 0.1932091346153846 0.07211538461538461
2 0.31850961538461536 0.5625 0.13221153846153846 0.052584134615384616
2 0.27884615384615385 0.8305288461538461 0.22596153846153846 0.2403846153846154
2 0.33533653846153844 0.6802884615384616 0.11358173076923077 0.061598557692307696
2 0.22115384615384615 0.6814903846153846 0.10697115384615384 0.057692307692307696
1 0.8954326923076923 0.46033653846153844 0.06400240384615384 0.016526442307692308
1 0.9074519230769231 0.11778846153846154 0.07451923076923077 0.018329326923076924
2 0.8930288461538461 0.07451923076923077 0.11748798076923077 0.07662259615384616
2 0.8545673076923077 0.16826923076923078 0.20823317307692307 0.18329326923076922
2 0.6033653846153846 0.07572115384615384 0.19260817307692307 0.07692307692307693
2 0.5793269230769231 0.24278846153846154 0.28756009615384615 0.3425480769230769
2 0.6754807692307693 0.36778846153846156 0.04837740384615385 0.06760817307692307
2 0.5348557692307693 0.4026442307692308 0.15234375 0.1271033653846154
2 0.6514423076923077 0.42908653846153844 0.09134615384615384 0.0546875
2 0.6766826923076923 0.5024038461538461 0.051382211538461536 0.08082932692307693
2 0.5985576923076923 0.5048076923076923 0.10576923076923077 0.08623798076923077
2 0.8076923076923077 0.2956730769230769 0.09585336538461539 0.09134615384615384
2 0.8990384615384616 0.29447115384615385 0.1063701923076923 0.0946514423076923
2 0.8533653846153846 0.40024038461538464 0.20552884615384615 0.14122596153846154
0 0.17548076923076922 0.10817307692307693 0.038161057692307696 0.04266826923076923
0 0.13822115384615385 0.140625 0.03665865384615385 0.030348557692307692
0 0.1658653846153846 0.19110576923076922 0.042367788461538464 0.036959134615384616
0 0.09375 0.171875 0.028846153846153848 0.03155048076923077
0 0.09134615384615384 0.20793269230769232 0.0390625 0.039963942307692304
0 0.21995192307692307 0.35697115384615385 0.039963942307692304 0.03064903846153846
0 0.16947115384615385 0.3641826923076923 0.03064903846153846 0.031850961538461536
0 0.27524038461538464 0.5552884615384616 0.036959134615384616 0.04296875
0 0.32572115384615385 0.47836538461538464 0.03155048076923077 0.038461538461538464
0 0.22716346153846154 0.4795673076923077 0.040865384615384616 0.045072115384615384
0 0.6009615384615384 0.11778846153846154 0.046875 0.07151442307692307
0 0.6370192307692307 0.3713942307692308 0.04296875 0.03635817307692308
0 0.5709134615384616 0.36899038461538464 0.04176682692307692 0.03515625
0 0.6298076923076923 0.4170673076923077 0.03876201923076923 0.038461538461538464
0 0.6382211538461539 0.5204326923076923 0.04807692307692308 0.04146634615384615
0 0.6298076923076923 0.4735576923076923 0.034254807692307696 0.04296875
0 0.3389423076923077 0.6370192307692307 0.038161057692307696 0.04296875
0 0.2247596153846154 0.6358173076923077 0.045973557692307696 0.046274038461538464
0 0.8533653846153846 0.11778846153846154 0.03395432692307692 0.0673076923076923
0 0.8653846153846154 0.25841346153846156 0.03395432692307692 0.03515625
0 0.859375 0.2860576923076923 0.036959134615384616 0.03245192307692308
0 0.8774038461538461 0.3269230769230769 0.033052884615384616 0.034555288461538464