2 0.7331730769230769 0.7620192307692307 0.16256009615384615 0.14813701923076922
2 0.8725961538461539 0.5805288461538461 0.20703125 0.21905048076923078
2 0.9302884615384616 0.4110576923076923 0.09134615384615384 0.11598557692307693
1 0.8894230769230769 0.1141826923076923 0.07211538461538461 0.016826923076923076
1 0.7367788461538461 0.11658653846153846 0.07481971153846154 0.007211538461538462
1 0.5420673076923077 0.1141826923076923 0.08924278846153846 0.017728365384615384
1 0.33533653846153844 0.11298076923076923 0.07542067307692307 0.024939903846153848
1 0.1466346153846154 0.11538461538461539 0.043569711538461536 0.023137019230769232
1 0.06129807692307692 0.4387019230769231 0.036959134615384616 0.1171875
1 0.8942307692307693 0.6923076923076923 0.07211538461538461 0.023137019230769232
1 0.5456730769230769 0.8341346153846154 0.09014423076923077 0.015024038461538462
1 0.3293269230769231 0.8329326923076923 0.057992788461538464 0.01622596153846154
0 0.036057692307692304 0.18269230769230768 0.06280048076923077 0.0634014423076923
2 0.15144230769230768 0.18870192307692307 0.19771634615384615 0.16526442307692307
2 0.1502403846153846 0.46033653846153844 0.24699519230769232 0.4104567307692308
2 0.15384615384615385 0.7451923076923077 0.19230769230769232 0.17848557692307693
2 0.3425480769230769 0.7391826923076923 0.20673076923076922 0.19381009615384615
2 0.2824519230769231 0.5889423076923077 0.08804086538461539 0.12920673076923078
2 0.38100961538461536 0.5865384615384616 0.11298076923076923 0.12530048076923078
2 0.3798076923076923 0.45552884615384615 0.11538461538461539 0.13251201923076922
2 0.28125 0.4495192307692308 0.08263221153846154 0.13010817307692307
1 0.15504807692307693 0.6622596153846154 0.13251201923076922 0.040865384615384616
2 0.5637019230769231 0.4723557692307692 0.7478966346153846 0.80078125
2 0.7331730769230769 0.7644230769230769 0.1640625 0.15474759615384615
2 0.8954326923076923 0.23076923076923078 0.1661658653846154 0.22686298076923078
2 0.7355769230769231 0.22956730769230768 0.16316105769230768 0.24188701923076922
2 0.7091346153846154 0.6262019230769231 0.11147836538461539 0.12229567307692307
0 0.2283653846153846 0.421875 0.061899038461538464 0.06430288461538461
0 0.23076923076923078 0.7331730769230769 0.06640625 0.08082932692307693
0 0.30288461538461536 0.6754807692307693 0.04837740384615385 0.06640625
0 0.36177884615384615 0.6826923076923077 0.06430288461538461 0.08743990384615384
0 0.36658653846153844 0.5552884615384616 0.05588942307692308 0.07151442307692307
0 0.4567307692307692 0.7463942307692307 0.07241586538461539 0.08022836538461539
0 0.7019230769230769 0.7223557692307693 0.057992788461538464 0.08173076923076923
0 0.7019230769230769 0.6057692307692307 0.057992788461538464 0.08143028846153846
0 0.796875 0.49759615384615385 0.05979567307692308 0.08173076923076923
0 0.8641826923076923 0.4362980769230769 0.055288461538461536 0.07001201923076923
0 0.7872596153846154 0.328125 0.06430288461538461 0.07451923076923077
0 0.8425480769230769 0.3269230769230769 0.055288461538461536 0.0772235576923077
1 0.9771634615384616 0.3894230769230769 0.01201923076923077 0.038161057692307696