2 0.734375 0.7391826923076923 0.16135817307692307 0.1466346153846154
2 0.8701923076923077 0.5637019230769231 0.21634615384615385 0.22596153846153846
2 0.9266826923076923 0.39903846153846156 0.08473557692307693 0.11087740384615384
1 0.8858173076923077 0.11177884615384616 0.06971153846153846 0.021634615384615384
1 0.7379807692307693 0.1141826923076923 0.07241586538461539 0.007211538461538462
1 0.5504807692307693 0.11177884615384616 0.08653846153846154 0.012620192307692308
1 0.34975961538461536 0.11057692307692307 0.07481971153846154 0.01532451923076923
1 0.1658653846153846 0.11298076923076923 0.04326923076923077 0.018329326923076924
1 0.08413461538461539 0.4254807692307692 0.023137019230769232 0.11568509615384616
1 0.890625 0.671875 0.06971153846153846 0.01622596153846154
1 0.5528846153846154 0.8100961538461539 0.08563701923076923 0.015024038461538462
1 0.34375 0.8088942307692307 0.057692307692307696 0.015925480769230768
0 0.05889423076923077 0.17908653846153846 0.06881009615384616 0.0694110576923077
2 0.17067307692307693 0.18389423076923078 0.19290865384615385 0.16135817307692307
2 0.17067307692307693 0.44711538461538464 0.1932091346153846 0.38882211538461536
2 0.17427884615384615 0.7235576923076923 0.19951923076923078 0.19170673076923078
2 0.3557692307692308 0.7175480769230769 0.2010216346153846 0.18599759615384615
2 0.2980769230769231 0.5721153846153846 0.07301682692307693 0.1240985576923077
2 0.3942307692307692 0.5697115384615384 0.1162860576923077 0.12920673076923078
2 0.3918269230769231 0.4423076923076923 0.11478365384615384 0.12920673076923078
2 0.296875 0.4375 0.0694110576923077 0.1201923076923077
1 0.17427884615384615 0.6430288461538461 0.13251201923076922 0.01622596153846154
2 0.5709134615384616 0.4579326923076923 0.7286658653846154 0.7803485576923077
2 0.7355769230769231 0.7415865384615384 0.16766826923076922 0.16105769230769232
2 0.8930288461538461 0.2247596153846154 0.17998798076923078 0.23287259615384615
2 0.7367788461538461 0.22355769230769232 0.18900240384615385 0.24609375
2 0.7115384615384616 0.6081730769230769 0.10006009615384616 0.10997596153846154
0 0.24519230769230768 0.4098557692307692 0.05859375 0.06009615384615385
0 0.24759615384615385 0.7115384615384616 0.07211538461538461 0.08263221153846154
0 0.3173076923076923 0.65625 0.047475961538461536 0.06370192307692307
0 0.375 0.6622596153846154 0.06280048076923077 0.08473557692307693
0 0.3798076923076923 0.5384615384615384 0.061598557692307696 0.07241586538461539
0 0.4675480769230769 0.7235576923076923 0.07061298076923077 0.08082932692307693
0 0.7043269230769231 0.7019230769230769 0.07151442307692307 0.08623798076923077
0 0.7043269230769231 0.5889423076923077 0.054086538461538464 0.0772235576923077
0 0.796875 0.4831730769230769 0.04807692307692308 0.07271634615384616
0 0.8617788461538461 0.4230769230769231 0.059495192307692304 0.07271634615384616
0 0.7872596153846154 0.31850961538461536 0.055288461538461536 0.0694110576923077
0 0.8413461538461539 0.31850961538461536 0.06219951923076923 0.07962740384615384
1 0.9711538461538461 0.3786057692307692 0.013521634615384616 0.036057692307692304