2 0.7295673076923077 0.7355769230769231 0.16826923076923078 0.15324519230769232
2 0.8677884615384616 0.5564903846153846 0.23106971153846154 0.23888221153846154
2 0.9254807692307693 0.3894230769230769 0.0967548076923077 0.11598557692307693
1 0.8846153846153846 0.09495192307692307 0.07211538461538461 0.026442307692307692
1 0.7331730769230769 0.0985576923076923 0.07271634615384616 0.009014423076923076
1 0.5408653846153846 0.09615384615384616 0.09014423076923077 0.02794471153846154
1 0.33653846153846156 0.09375 0.07632211538461539 0.02013221153846154
1 0.14903846153846154 0.09735576923076923 0.043569711538461536 0.016526442307692308
1 0.06490384615384616 0.41586538461538464 0.03756009615384615 0.1162860576923077
1 0.8882211538461539 0.6670673076923077 0.07211538461538461 0.026141826923076924
1 0.5432692307692307 0.8076923076923077 0.0868389423076923 0.014423076923076924
1 0.3293269230769231 0.8064903846153846 0.057992788461538464 0.021634615384615384
0 0.039663461538461536 0.16346153846153846 0.0673076923076923 0.06790865384615384
2 0.15384615384615385 0.16947115384615385 0.1974158653846154 0.1619591346153846
2 0.15264423076923078 0.4387019230769231 0.23317307692307693 0.40384615384615385
2 0.15625 0.7199519230769231 0.20582932692307693 0.19501201923076922
2 0.3425480769230769 0.7139423076923077 0.20673076923076922 0.19290865384615385
2 0.28365384615384615 0.5649038461538461 0.08173076923076923 0.12590144230769232
2 0.38221153846153844 0.5625 0.11147836538461539 0.12439903846153846
2 0.3798076923076923 0.4326923076923077 0.1015625 0.12079326923076923
2 0.2824519230769231 0.42788461538461536 0.0889423076923077 0.13040865384615385
1 0.15745192307692307 0.6382211538461539 0.13671875 0.01622596153846154
2 0.5625 0.4495192307692308 0.6352163461538461 0.7019230769230769
2 0.7295673076923077 0.7379807692307693 0.17457932692307693 0.1640625
2 0.890625 0.21153846153846154 0.1971153846153846 0.24549278846153846
2 0.7319711538461539 0.21033653846153846 0.16135817307692307 0.23858173076923078
2 0.7067307692307693 0.6021634615384616 0.11117788461538461 0.1219951923076923
0 0.23076923076923078 0.40024038461538464 0.06310096153846154 0.06520432692307693
0 0.23197115384615385 0.7079326923076923 0.06460336538461539 0.07692307692307693
0 0.30408653846153844 0.6514423076923077 0.044771634615384616 0.06280048076923077
0 0.3629807692307692 0.6574519230769231 0.05228365384615385 0.08173076923076923
0 0.36658653846153844 0.53125 0.0625 0.07632211538461539
0 0.4567307692307692 0.7199519230769231 0.06670673076923077 0.0751201923076923
0 0.6983173076923077 0.6971153846153846 0.06881009615384616 0.0868389423076923
0 0.6983173076923077 0.5817307692307693 0.05979567307692308 0.08082932692307693
0 0.7932692307692307 0.47475961538461536 0.053786057692307696 0.07992788461538461
0 0.859375 0.41346153846153844 0.05618990384615385 0.07241586538461539
0 0.7836538461538461 0.30649038461538464 0.06820913461538461 0.07872596153846154
0 0.8377403846153846 0.30649038461538464 0.0655048076923077 0.08353365384615384
1 0.9711538461538461 0.36778846153846156 0.010817307692307692 0.034254807692307696