1 0.5120192307692307 0.5492788461538461 0.10997596153846154 0.017728365384615384
1 0.6213942307692307 0.5528846153846154 0.1024639423076923 0.03395432692307692
1 0.7367788461538461 0.5492788461538461 0.10787259615384616 0.026442307692307692
1 0.8485576923076923 0.5540865384615384 0.1015625 0.016526442307692308
1 0.9242788461538461 0.7391826923076923 0.030949519230769232 0.04657451923076923
1 0.2091346153846154 0.6274038461538461 0.10606971153846154 0.014423076923076924
1 0.3161057692307692 0.6262019230769231 0.10727163461538461 0.016526442307692308
1 0.07572115384615384 0.375 0.027043269230769232 0.09555288461538461
1 0.21033653846153846 0.11899038461538461 0.10306490384615384 0.00811298076923077
1 0.31971153846153844 0.12139423076923077 0.11087740384615384 0.035757211538461536
1 0.6947115384615384 0.046875 0.44591346153846156 0.08413461538461539
1 0.9290865384615384 0.23317307692307693 0.027043269230769232 0.04717548076923077
1 0.8245192307692307 0.3954326923076923 0.11508413461538461 0.03665865384615385
1 0.6045673076923077 0.3942307692307692 0.08443509615384616 0.028245192307692308
2 0.21754807692307693 0.37259615384615385 0.3076923076923077 0.2403846153846154
2 0.3076923076923077 0.078125 0.29236778846153844 0.0889423076923077
2 0.5420673076923077 0.25841346153846156 0.7767427884615384 0.44981971153846156
2 0.5060096153846154 0.35336538461538464 0.08834134615384616 0.08203125
2 0.6129807692307693 0.35336538461538464 0.1102764423076923 0.08143028846153846
2 0.8341346153846154 0.27403846153846156 0.17668269230769232 0.24068509615384615
2 0.7103365384615384 0.3545673076923077 0.07361778846153846 0.07211538461538461
0 0.7680288461538461 0.34375 0.059495192307692304 0.038161057692307696
0 0.8485576923076923 0.17548076923076922 0.04717548076923077 0.03756009615384615
0 0.7355769230769231 0.3076923076923077 0.061598557692307696 0.037259615384615384
0 0.6129807692307693 0.3137019230769231 0.04326923076923077 0.02403846153846154
0 0.48677884615384615 0.3125 0.04056490384615385 0.02403846153846154
0 0.4182692307692308 0.10576923076923077 0.05348557692307692 0.03876201923076923
0 0.39903846153846156 0.3581730769230769 0.05198317307692308 0.038461538461538464
0 0.4387019230769231 0.34975961538461536 0.032151442307692304 0.027043269230769232
0 0.4387019230769231 0.39903846153846156 0.036057692307692304 0.024639423076923076
0 0.39783653846153844 0.4026442307692308 0.06911057692307693 0.0546875
0 0.16105769230769232 0.4987980769230769 0.16947115384615385 0.0703125
2 0.2980769230769231 0.5841346153846154 0.30228365384615385 0.11177884615384616
2 0.5721153846153846 0.6286057692307693 0.21995192307692307 0.1700721153846154
2 0.796875 0.6334134615384616 0.23888221153846154 0.17097355769230768
2 0.8269230769230769 0.8052884615384616 0.18719951923076922 0.20222355769230768
2 0.6442307692307693 0.8641826923076923 0.20582932692307693 0.07391826923076923
2 0.44350961538461536 0.7259615384615384 0.5961538461538461 0.29296875
0 0.6538461538461539 0.6983173076923077 0.05318509615384615 0.030949519230769232
0 0.7103365384615384 0.7007211538461539 0.04176682692307692 0.03155048076923077
0 0.734375 0.8125 0.04957932692307692 0.033052884615384616
0 0.6478365384615384 0.8137019230769231 0.03635817307692308 0.026442307692307692
0 0.47716346153846156 0.8173076923076923 0.04026442307692308 0.028545673076923076
0 0.4254807692307692 0.8209134615384616 0.057992788461538464 0.028846153846153848
0 0.29927884615384615 0.8161057692307693 0.059495192307692304 0.02734375
0 0.17548076923076922 0.8209134615384616 0.054086538461538464 0.03635817307692308
2 0.1502403846153846 0.9375 0.17518028846153846 0.0868389423076923
0 0.17668269230769232 0.9086538461538461 0.049879807692307696 0.028545673076923076
2 0.1502403846153846 0.8365384615384616 0.16826923076923078 0.11568509615384616
2 0.29927884615384615 0.9026442307692307 0.12830528846153846 0.16045673076923078
2 0.3870192307692308 0.8653846153846154 0.11057692307692307 0.05889423076923077
2 0.49759615384615385 0.8617788461538461 0.09585336538461539 0.08022836538461539
0 0.4098557692307692 0.6177884615384616 0.060697115384615384 0.04296875