1 0.5048076923076923 0.5432692307692307 0.1063701923076923 0.024338942307692308
1 0.6129807692307693 0.546875 0.10546875 0.030348557692307692
1 0.7283653846153846 0.5444711538461539 0.10606971153846154 0.019230769230769232
1 0.8413461538461539 0.5480769230769231 0.10516826923076923 0.024338942307692308
1 0.9158653846153846 0.734375 0.028545673076923076 0.045973557692307696
1 0.20192307692307693 0.6213942307692307 0.10606971153846154 0.016826923076923076
1 0.3088942307692308 0.6213942307692307 0.10426682692307693 0.022536057692307692
1 0.06850961538461539 0.3701923076923077 0.036057692307692304 0.09495192307692307
1 0.20192307692307693 0.11298076923076923 0.10006009615384616 0.024939903846153848
1 0.3125 0.11538461538461539 0.1102764423076923 0.03395432692307692
1 0.6862980769230769 0.040865384615384616 0.4501201923076923 0.04266826923076923
1 0.921875 0.22716346153846154 0.028846153846153848 0.04657451923076923
1 0.8173076923076923 0.3894230769230769 0.11448317307692307 0.04266826923076923
1 0.5961538461538461 0.38822115384615385 0.08623798076923077 0.027043269230769232
2 0.2091346153846154 0.36658653846153844 0.3016826923076923 0.22355769230769232
2 0.29927884615384615 0.07211538461538461 0.29477163461538464 0.1201923076923077
2 0.5336538461538461 0.25240384615384615 0.7977764423076923 0.4894831730769231
2 0.49759615384615385 0.3485576923076923 0.0907451923076923 0.08263221153846154
2 0.6045673076923077 0.3485576923076923 0.10907451923076923 0.08143028846153846
2 0.8257211538461539 0.2692307692307692 0.18028846153846154 0.2442908653846154
2 0.703125 0.3485576923076923 0.07001201923076923 0.06790865384615384
0 0.7608173076923077 0.3389423076923077 0.057692307692307696 0.03395432692307692
0 0.8401442307692307 0.17067307692307693 0.04957932692307692 0.03936298076923077
0 0.7271634615384616 0.3016826923076923 0.06400240384615384 0.040865384615384616
0 0.6045673076923077 0.3076923076923077 0.04146634615384615 0.027644230769230768
0 0.47836538461538464 0.30649038461538464 0.03876201923076923 0.025841346153846152
0 0.4110576923076923 0.10096153846153846 0.057692307692307696 0.047776442307692304
0 0.390625 0.35216346153846156 0.04957932692307692 0.03545673076923077
0 0.43149038461538464 0.34375 0.03155048076923077 0.025240384615384616
0 0.43149038461538464 0.39302884615384615 0.036057692307692304 0.025841346153846152
0 0.390625 0.39783653846153844 0.0673076923076923 0.05048076923076923
0 0.15384615384615385 0.49278846153846156 0.171875 0.07151442307692307
2 0.28966346153846156 0.5793269230769231 0.3010817307692308 0.10096153846153846
2 0.5637019230769231 0.6237980769230769 0.23076923076923078 0.18509615384615385
2 0.7884615384615384 0.6274038461538461 0.24609375 0.18840144230769232
2 0.8185096153846154 0.7992788461538461 0.1853966346153846 0.20042067307692307
2 0.6358173076923077 0.859375 0.2088341346153846 0.0985576923076923
2 0.43509615384615385 0.7211538461538461 0.5907451923076923 0.2208533653846154
0 0.6454326923076923 0.6923076923076923 0.05498798076923077 0.038161057692307696
0 0.7019230769230769 0.6947115384615384 0.03936298076923077 0.029747596153846152
0 0.7271634615384616 0.8076923076923077 0.04957932692307692 0.034254807692307696
0 0.640625 0.8088942307692307 0.036959134615384616 0.027043269230769232
0 0.4699519230769231 0.8112980769230769 0.04146634615384615 0.03155048076923077
0 0.4170673076923077 0.8161057692307693 0.05979567307692308 0.027043269230769232
0 0.29086538461538464 0.8100961538461539 0.05829326923076923 0.028545673076923076
0 0.16826923076923078 0.8149038461538461 0.05348557692307692 0.03275240384615385
2 0.14182692307692307 0.9314903846153846 0.17698317307692307 0.09825721153846154
0 0.16826923076923078 0.9026442307692307 0.04807692307692308 0.026141826923076924
2 0.14302884615384615 0.8305288461538461 0.18269230769230768 0.14152644230769232
2 0.2920673076923077 0.8978365384615384 0.13731971153846154 0.1658653846153846
2 0.3798076923076923 0.859375 0.1063701923076923 0.057692307692307696
2 0.4891826923076923 0.8557692307692307 0.08984375 0.07602163461538461
0 0.4014423076923077 0.6117788461538461 0.061899038461538464 0.044771634615384616