1 0.5144230769230769 0.5685096153846154 0.10967548076923077 0.035757211538461536
1 0.6237980769230769 0.5721153846153846 0.10396634615384616 0.029747596153846152
1 0.7403846153846154 0.5697115384615384 0.1063701923076923 0.019831730769230768
1 0.8533653846153846 0.5733173076923077 0.10546875 0.026141826923076924
1 0.9290865384615384 0.7608173076923077 0.030949519230769232 0.04657451923076923
1 0.2091346153846154 0.6478365384615384 0.10997596153846154 0.014423076923076924
1 0.3173076923076923 0.6466346153846154 0.10576923076923077 0.023137019230769232
1 0.07572115384615384 0.3942307692307692 0.03365384615384615 0.09495192307692307
1 0.21033653846153846 0.13581730769230768 0.10306490384615384 0.011117788461538462
1 0.32091346153846156 0.13822115384615385 0.11358173076923077 0.021935096153846152
1 0.6971153846153846 0.06370192307692307 0.4411057692307692 0.10276442307692307
1 0.9338942307692307 0.2512019230769231 0.03064903846153846 0.04657451923076923
1 0.8293269230769231 0.41466346153846156 0.11598557692307693 0.04146634615384615
1 0.6069711538461539 0.41346153846153844 0.08653846153846154 0.018629807692307692
2 0.21754807692307693 0.390625 0.29056490384615385 0.20823317307692307
2 0.3088942307692308 0.09495192307692307 0.29537259615384615 0.10096153846153846
2 0.5432692307692307 0.2764423076923077 0.8224158653846154 0.5477764423076923
2 0.5084134615384616 0.37259615384615385 0.08653846153846154 0.08082932692307693
2 0.6153846153846154 0.37259615384615385 0.1102764423076923 0.08563701923076923
2 0.8377403846153846 0.2920673076923077 0.19501201923076922 0.25180288461538464
2 0.7139423076923077 0.37259615384615385 0.07602163461538461 0.07271634615384616
0 0.7716346153846154 0.3629807692307692 0.061899038461538464 0.04447115384615385
0 0.8521634615384616 0.1935096153846154 0.049879807692307696 0.040865384615384616
0 0.7391826923076923 0.32572115384615385 0.05979567307692308 0.03125
0 0.6153846153846154 0.3317307692307692 0.043569711538461536 0.02403846153846154
0 0.4879807692307692 0.33052884615384615 0.03936298076923077 0.026442307692307692
0 0.41947115384615385 0.12379807692307693 0.05979567307692308 0.04807692307692308
0 0.40024038461538464 0.3762019230769231 0.050180288461538464 0.03665865384615385
0 0.4411057692307692 0.36899038461538464 0.030949519230769232 0.02403846153846154
0 0.4411057692307692 0.4182692307692308 0.03545673076923077 0.024639423076923076
0 0.39903846153846156 0.421875 0.0673076923076923 0.052884615384615384
0 0.16105769230769232 0.5180288461538461 0.16856971153846154 0.06460336538461539
2 0.2980769230769231 0.6045673076923077 0.30288461538461536 0.09795673076923077
2 0.5745192307692307 0.6490384615384616 0.234375 0.18719951923076922
2 0.8004807692307693 0.6538461538461539 0.24519230769230768 0.18659855769230768
2 0.8305288461538461 0.8257211538461539 0.1700721153846154 0.1875
2 0.6466346153846154 0.8858173076923077 0.20733173076923078 0.1084735576923077
2 0.44471153846153844 0.7463942307692307 0.5970552884615384 0.31009615384615385
0 0.65625 0.71875 0.052584134615384616 0.029146634615384616
0 0.7127403846153846 0.7211538461538461 0.04176682692307692 0.033353365384615384
0 0.7379807692307693 0.8341346153846154 0.048978365384615384 0.03365384615384615
0 0.6514423076923077 0.8353365384615384 0.042067307692307696 0.031850961538461536
0 0.4795673076923077 0.8377403846153846 0.04176682692307692 0.030949519230769232
0 0.4266826923076923 0.8425480769230769 0.06099759615384615 0.03665865384615385
0 0.29927884615384615 0.8365384615384616 0.059495192307692304 0.029146634615384616
0 0.17548076923076922 0.8413461538461539 0.053786057692307696 0.033353365384615384
2 0.14903846153846154 0.9555288461538461 0.1778846153846154 0.0889423076923077
0 0.17668269230769232 0.9302884615384616 0.04807692307692308 0.024939903846153848
2 0.1502403846153846 0.8581730769230769 0.17157451923076922 0.12139423076923077
2 0.29927884615384615 0.9230769230769231 0.12259615384615384 0.15384615384615385
2 0.38822115384615385 0.8870192307692307 0.10907451923076923 0.061899038461538464
2 0.4987980769230769 0.8834134615384616 0.09435096153846154 0.07932692307692307
0 0.4110576923076923 0.6370192307692307 0.06129807692307692 0.042067307692307696