1 0.04447115384615385 0.24639423076923078 0.0546875 0.2578125
1 0.042067307692307696 0.6165865384615384 0.04567307692307692 0.22776442307692307
1 0.828125 0.203125 0.040865384615384616 0.28846153846153844
2 0.6201923076923077 0.2620192307692308 0.42728365384615385 0.45643028846153844
2 0.8894230769230769 0.24278846153846154 0.1971153846153846 0.4371995192307692
2 0.234375 0.24639423076923078 0.40865384615384615 0.4444110576923077
2 0.3942307692307692 0.6586538461538461 0.2551081730769231 0.4050480769230769
2 0.3137019230769231 0.7139423076923077 0.10757211538461539 0.27493990384615385
2 0.1502403846153846 0.6574519230769231 0.28846153846153844 0.4296875
0 0.3161057692307692 0.40384615384615385 0.06400240384615384 0.11147836538461539
0 0.23677884615384615 0.5168269230769231 0.06971153846153846 0.10096153846153846
0 0.32572115384615385 0.5348557692307693 0.05588942307692308 0.10306490384615384
0 0.4891826923076923 0.49759615384615385 0.06911057692307693 0.11087740384615384
0 0.4639423076923077 0.8665865384615384 0.09134615384615384 0.21364182692307693
0 0.8269230769230769 0.39903846153846156 0.12469951923076923 0.11538461538461539