1 0.040865384615384616 0.24759615384615385 0.05709134615384615 0.26953125
1 0.038461538461538464 0.6334134615384616 0.034254807692307696 0.23798076923076922
1 0.8545673076923077 0.203125 0.030348557692307692 0.3004807692307692
2 0.6382211538461539 0.2644230769230769 0.48888221153846156 0.5153245192307693
2 0.9182692307692307 0.24519230769230768 0.1580528846153846 0.45703125
2 0.23798076923076922 0.24759615384615385 0.4371995192307692 0.4717548076923077
2 0.40384615384615385 0.6754807692307693 0.28756009615384615 0.43299278846153844
2 0.32091346153846156 0.7331730769230769 0.10907451923076923 0.2848557692307692
2 0.1502403846153846 0.6742788461538461 0.25631009615384615 0.43599759615384615
0 0.3233173076923077 0.41225961538461536 0.07481971153846154 0.1219951923076923
0 0.2403846153846154 0.5288461538461539 0.0811298076923077 0.10967548076923077
0 0.3329326923076923 0.5480769230769231 0.057692307692307696 0.10606971153846154
0 0.5024038461538461 0.5096153846153846 0.0673076923076923 0.11448317307692307
0 0.47596153846153844 0.8918269230769231 0.06219951923076923 0.21634615384615385
0 0.8533653846153846 0.4074519230769231 0.1310096153846154 0.125