1 0.025240384615384616 0.22115384615384615 0.05048076923076923 0.2692307692307692
1 0.021634615384615384 0.6069711538461539 0.03786057692307692 0.23798076923076922
1 0.8365384615384616 0.17668269230769232 0.033353365384615384 0.3004807692307692
2 0.6201923076923077 0.2439903846153846 0.47115384615384615 0.4879807692307692
2 0.8990384615384616 0.22355769230769232 0.1778846153846154 0.44711538461538464
2 0.21875 0.22716346153846154 0.4326923076923077 0.4543269230769231
2 0.3870192307692308 0.6502403846153846 0.2971754807692308 0.43599759615384615
2 0.30408653846153844 0.7079326923076923 0.13251201923076922 0.29086538461538464
2 0.13581730769230768 0.6478365384615384 0.27163461538461536 0.44471153846153844
0 0.30649038461538464 0.3858173076923077 0.07361778846153846 0.1201923076923077
0 0.22355769230769232 0.5036057692307693 0.0811298076923077 0.10787259615384616
0 0.3161057692307692 0.5216346153846154 0.0751201923076923 0.11147836538461539
0 0.484375 0.4831730769230769 0.06971153846153846 0.11508413461538461
0 0.45913461538461536 0.8665865384615384 0.09585336538461539 0.22295673076923078
0 0.8353365384615384 0.38100961538461536 0.11778846153846154 0.10817307692307693