1 0.3329326923076923 0.23798076923076922 0.07211538461538461 0.038161057692307696
1 0.4495192307692308 0.23557692307692307 0.03485576923076923 0.03756009615384615
1 0.7644230769230769 0.359375 0.028846153846153848 0.0889423076923077
1 0.7620192307692307 0.5480769230769231 0.042367788461538464 0.08713942307692307
1 0.7644230769230769 0.6850961538461539 0.05198317307692308 0.1102764423076923
2 0.6550480769230769 0.11778846153846154 0.16135817307692307 0.20612980769230768
2 0.49158653846153844 0.5288461538461539 0.5991586538461539 0.625
2 0.45913461538461536 0.5096153846153846 0.12439903846153846 0.2776442307692308
2 0.46033653846153844 0.3076923076923077 0.11328125 0.13040865384615385
0 0.4387019230769231 0.6538461538461539 0.07842548076923077 0.1388221153846154
0 0.2932692307692308 0.8197115384615384 0.0673076923076923 0.16436298076923078
0 0.6550480769230769 0.23677884615384615 0.04807692307692308 0.14603365384615385
0 0.4375 0.3954326923076923 0.04717548076923077 0.0655048076923077