1 0.33653846153846156 0.23677884615384615 0.07181490384615384 0.030949519230769232
1 0.4543269230769231 0.23557692307692307 0.03365384615384615 0.03395432692307692
1 0.7728365384615384 0.3605769230769231 0.03365384615384615 0.08774038461538461
1 0.7716346153846154 0.5516826923076923 0.04717548076923077 0.08924278846153846
1 0.7728365384615384 0.6899038461538461 0.03545673076923077 0.11117788461538461
2 0.6634615384615384 0.11658653846153846 0.1640625 0.20973557692307693
2 0.49759615384615385 0.53125 0.5826322115384616 0.6102764423076923
2 0.4639423076923077 0.5132211538461539 0.14332932692307693 0.2770432692307692
2 0.4651442307692308 0.3076923076923077 0.09375 0.1201923076923077
0 0.44350961538461536 0.6574519230769231 0.05108173076923077 0.13701923076923078
0 0.296875 0.8269230769230769 0.07421875 0.16796875
0 0.6634615384615384 0.23677884615384615 0.06219951923076923 0.14753605769230768
0 0.4423076923076923 0.39663461538461536 0.042367788461538464 0.06370192307692307