1 0.3389423076923077 0.23918269230769232 0.07091346153846154 0.040865384615384616
1 0.453125 0.23798076923076922 0.032151442307692304 0.034254807692307696
1 0.7596153846153846 0.3581730769230769 0.03936298076923077 0.08713942307692307
1 0.7572115384615384 0.5420673076923077 0.025240384615384616 0.08413461538461539
1 0.7596153846153846 0.6754807692307693 0.04417067307692308 0.1063701923076923
2 0.6538461538461539 0.12259615384615384 0.17728365384615385 0.21183894230769232
2 0.49399038461538464 0.5228365384615384 0.5417668269230769 0.5703125
2 0.46153846153846156 0.5048076923076923 0.12439903846153846 0.26802884615384615
2 0.46274038461538464 0.3076923076923077 0.10396634615384616 0.125
0 0.4411057692307692 0.6442307692307693 0.07391826923076923 0.13581730769230768
0 0.3004807692307692 0.8076923076923077 0.08203125 0.16346153846153846
0 0.6538461538461539 0.23798076923076922 0.05739182692307692 0.14332932692307693
0 0.4411057692307692 0.39302884615384615 0.036057692307692304 0.06009615384615385