2 0.25721153846153844 0.12379807692307693 0.47596153846153844 0.24759615384615385
1 0.12139423076923077 0.2403846153846154 0.1180889423076923 0.029747596153846152
1 0.38341346153846156 0.2403846153846154 0.1271033653846154 0.024639423076923076
1 0.6021634615384616 0.2403846153846154 0.12980769230769232 0.043870192307692304
1 0.8725961538461539 0.2403846153846154 0.12079326923076923 0.037259615384615384
1 0.6658653846153846 0.7788461538461539 0.03395432692307692 0.0234375
2 0.8882211538461539 0.875 0.18990384615384615 0.20162259615384615
2 0.9314903846153846 0.6899038461538461 0.07872596153846154 0.13010817307692307
2 0.7379807692307693 0.75 0.09254807692307693 0.053786057692307696
2 0.7223557692307693 0.8762019230769231 0.17307692307692307 0.19441105769230768
2 0.7415865384615384 0.5084134615384616 0.5168269230769231 0.5841346153846154
2 0.36538461538461536 0.6923076923076923 0.23557692307692307 0.18329326923076922
2 0.40384615384615385 0.5985576923076923 0.14362980769230768 0.1063701923076923
2 0.09254807692307693 0.5588942307692307 0.11328125 0.1201923076923077
2 0.14423076923076922 0.6346153846153846 0.24098557692307693 0.2938701923076923
2 0.36538461538461536 0.4254807692307692 0.2653245192307692 0.38040865384615385
2 0.140625 0.36899038461538464 0.22325721153846154 0.24729567307692307
2 0.15625 0.1622596153846154 0.26893028846153844 0.16556490384615385
2 0.6442307692307693 0.17067307692307693 0.25961538461538464 0.13942307692307693
0 0.2127403846153846 0.2403846153846154 0.08443509615384616 0.13341346153846154
0 0.21394230769230768 0.46875 0.06280048076923077 0.07091346153846154
0 0.2764423076923077 0.5348557692307693 0.06790865384615384 0.06490384615384616
0 0.17548076923076922 0.5528846153846154 0.05709134615384615 0.046875
0 0.22956730769230768 0.6887019230769231 0.05498798076923077 0.04957932692307692
0 0.36658653846153844 0.6790865384615384 0.05078125 0.06430288461538461
0 0.7019230769230769 0.24278846153846154 0.06820913461538461 0.12890625
0 0.8617788461538461 0.5961538461538461 0.06881009615384616 0.07602163461538461
0 0.8689903846153846 0.6899038461538461 0.0694110576923077 0.057692307692307696
0 0.7463942307692307 0.6959134615384616 0.059194711538461536 0.06430288461538461
0 0.7427884615384616 0.8076923076923077 0.06310096153846154 0.07572115384615384
0 0.7728365384615384 0.8978365384615384 0.06580528846153846 0.05588942307692308