2 0.2512019230769231 0.13701923076923078 0.5024038461538461 0.27403846153846156
1 0.11057692307692307 0.24759615384615385 0.12469951923076923 0.023737980769230768
1 0.38221153846153844 0.24639423076923078 0.12950721153846154 0.03635817307692308
1 0.6081730769230769 0.24639423076923078 0.1346153846153846 0.044771634615384616
1 0.8894230769230769 0.24759615384615385 0.12560096153846154 0.03275240384615385
1 0.6742788461538461 0.8052884615384616 0.03545673076923077 0.02013221153846154
2 0.9038461538461539 0.9026442307692307 0.18269230769230768 0.19471153846153846
2 0.9507211538461539 0.7139423076923077 0.0889423076923077 0.1385216346153846
2 0.7487980769230769 0.7764423076923077 0.09344951923076923 0.04326923076923077
2 0.7319711538461539 0.9026442307692307 0.17548076923076922 0.19471153846153846
2 0.7475961538461539 0.5264423076923077 0.5048076923076923 0.5961538461538461
2 0.3629807692307692 0.7163461538461539 0.24489182692307693 0.19110576923076922
2 0.4026442307692308 0.6177884615384616 0.15625 0.12469951923076923
2 0.08052884615384616 0.578125 0.11838942307692307 0.12349759615384616
2 0.13341346153846154 0.65625 0.23707932692307693 0.2941706730769231
2 0.3629807692307692 0.4387019230769231 0.2938701923076923 0.4014423076923077
2 0.12980769230769232 0.3798076923076923 0.24609375 0.2731370192307692
2 0.14543269230769232 0.1658653846153846 0.2815504807692308 0.17878605769230768
2 0.6514423076923077 0.17427884615384615 0.2731370192307692 0.16075721153846154
0 0.20432692307692307 0.24759615384615385 0.08263221153846154 0.13822115384615385
0 0.20552884615384615 0.4831730769230769 0.05618990384615385 0.06370192307692307
0 0.27163461538461536 0.5516826923076923 0.07091346153846154 0.06520432692307693
0 0.1658653846153846 0.5709134615384616 0.061899038461538464 0.050180288461538464
0 0.22235576923076922 0.7127403846153846 0.06099759615384615 0.055588942307692304
0 0.3641826923076923 0.703125 0.05438701923076923 0.0655048076923077
0 0.7127403846153846 0.24879807692307693 0.08984375 0.13942307692307693
0 0.8774038461538461 0.6165865384615384 0.06280048076923077 0.07361778846153846
0 0.8858173076923077 0.7127403846153846 0.07061298076923077 0.06009615384615385
0 0.7584134615384616 0.7199519230769231 0.06400240384615384 0.0673076923076923
0 0.7548076923076923 0.8353365384615384 0.06610576923076923 0.07692307692307693
0 0.7848557692307693 0.9290865384615384 0.07542067307692307 0.06580528846153846