2 0.2548076923076923 0.11057692307692307 0.47115384615384615 0.22115384615384615
1 0.11658653846153846 0.2283653846153846 0.12229567307692307 0.03275240384615385
1 0.38221153846153844 0.2283653846153846 0.12890625 0.03876201923076923
1 0.6033653846153846 0.2283653846153846 0.13431490384615385 0.01893028846153846
1 0.8786057692307693 0.22956730769230768 0.125 0.027043269230769232
1 0.6682692307692307 0.7752403846153846 0.034254807692307696 0.021935096153846152
2 0.8942307692307693 0.8725961538461539 0.19110576923076922 0.20552884615384615
2 0.9387019230769231 0.6850961538461539 0.0790264423076923 0.13431490384615385
2 0.7415865384615384 0.7463942307692307 0.08924278846153846 0.04056490384615385
2 0.7259615384615384 0.8737980769230769 0.1778846153846154 0.19951923076923078
2 0.7487980769230769 0.5024038461538461 0.4972956730769231 0.5712139423076923
2 0.3641826923076923 0.6875 0.23828125 0.18689903846153846
2 0.4026442307692308 0.5913461538461539 0.15204326923076922 0.11989182692307693
2 0.08653846153846154 0.5528846153846154 0.12920673076923078 0.13431490384615385
2 0.13822115384615385 0.6298076923076923 0.21844951923076922 0.2785456730769231
2 0.3641826923076923 0.41586538461538464 0.27554086538461536 0.38912259615384615
2 0.1346153846153846 0.359375 0.2442908653846154 0.26622596153846156
2 0.1502403846153846 0.14903846153846154 0.2722355769230769 0.16917067307692307
2 0.6454326923076923 0.15745192307692307 0.2659254807692308 0.14152644230769232
0 0.20793269230769232 0.22956730769230768 0.0703125 0.1328125
0 0.2091346153846154 0.46033653846153844 0.06129807692307692 0.0694110576923077
0 0.27403846153846156 0.5276442307692307 0.06670673076923077 0.06430288461538461
0 0.17067307692307693 0.5456730769230769 0.061598557692307696 0.048677884615384616
0 0.22596153846153846 0.6838942307692307 0.056490384615384616 0.04807692307692308
0 0.3641826923076923 0.6742788461538461 0.05108173076923077 0.06430288461538461
0 0.7055288461538461 0.23076923076923078 0.08443509615384616 0.1349158653846154
0 0.8665865384615384 0.5901442307692307 0.06490384615384616 0.07061298076923077
0 0.875 0.6850961538461539 0.07572115384615384 0.06700721153846154
0 0.7512019230769231 0.6911057692307693 0.06009615384615385 0.06430288461538461
0 0.7463942307692307 0.8040865384615384 0.07421875 0.08323317307692307
0 0.7764423076923077 0.8954326923076923 0.07271634615384616 0.0625