1 0.04326923076923077 0.2127403846153846 0.05829326923076923 0.18900240384615385
1 0.04567307692307692 0.6117788461538461 0.09134615384615384 0.31009615384615385
1 0.9447115384615384 0.5793269230769231 0.05859375 0.17818509615384615
1 0.8629807692307693 0.24278846153846154 0.028245192307692308 0.22536057692307693
2 0.9110576923076923 0.1971153846153846 0.10216346153846154 0.32662259615384615
2 0.78125 0.5348557692307693 0.32271634615384615 0.3076923076923077
2 0.33413461538461536 0.5961538461538461 0.14903846153846154 0.1544471153846154
2 0.14783653846153846 0.6322115384615384 0.1953125 0.46634615384615385
2 0.234375 0.2127403846153846 0.3590745192307692 0.3590745192307692
2 0.5492788461538461 0.3629807692307692 0.7139423076923077 0.7259615384615384
0 0.2860576923076923 0.34375 0.07662259615384616 0.10216346153846154
0 0.21153846153846154 0.4699519230769231 0.07752403846153846 0.0850360576923077
0 0.3173076923076923 0.484375 0.056790865384615384 0.08022836538461539
0 0.4699519230769231 0.6899038461538461 0.11688701923076923 0.21063701923076922
0 0.65625 0.6382211538461539 0.06310096153846154 0.07692307692307693
0 0.8329326923076923 0.08774038461538461 0.09435096153846154 0.10727163461538461