1 0.025240384615384616 0.1875 0.05048076923076923 0.1875
1 0.020432692307692308 0.5973557692307693 0.040865384615384616 0.3293269230769231
1 0.9399038461538461 0.5637019230769231 0.047776442307692304 0.18449519230769232
1 0.8569711538461539 0.21995192307692307 0.046274038461538464 0.22776442307692307
2 0.9050480769230769 0.17307692307692307 0.11688701923076923 0.3362379807692308
2 0.7728365384615384 0.5180288461538461 0.32421875 0.3097956730769231
2 0.3161057692307692 0.5805288461538461 0.1661658653846154 0.17067307692307693
2 0.125 0.6177884615384616 0.21544471153846154 0.48106971153846156
2 0.2127403846153846 0.18990384615384615 0.38221153846153844 0.3798076923076923
2 0.5348557692307693 0.3545673076923077 0.71875 0.7091346153846154
0 0.2668269230769231 0.3233173076923077 0.08173076923076923 0.10757211538461539
0 0.19110576923076922 0.4519230769230769 0.07001201923076923 0.08143028846153846
0 0.2980769230769231 0.46634615384615385 0.05889423076923077 0.08173076923076923
0 0.45552884615384615 0.6766826923076923 0.1024639423076923 0.21364182692307693
0 0.6454326923076923 0.625 0.07061298076923077 0.08533653846153846
0 0.8257211538461539 0.06129807692307692 0.09885817307692307 0.10877403846153846