1 0.042067307692307696 0.20552884615384615 0.06430288461538461 0.1875
1 0.04326923076923077 0.6081730769230769 0.08653846153846154 0.3125
1 0.9483173076923077 0.5745192307692307 0.055588942307692304 0.17848557692307693
1 0.8665865384615384 0.23677884615384615 0.06911057692307693 0.21784855769230768
2 0.9146634615384616 0.18990384615384615 0.14182692307692307 0.3278245192307692
2 0.7848557692307693 0.5300480769230769 0.33383413461538464 0.3200120192307692
2 0.33413461538461536 0.5913461538461539 0.14813701923076922 0.15324519230769232
2 0.14783653846153846 0.6286057692307693 0.19050480769230768 0.4684495192307692
2 0.234375 0.20552884615384615 0.3590745192307692 0.3590745192307692
2 0.5504807692307693 0.35697115384615385 0.7019230769230769 0.7139423076923077
0 0.2860576923076923 0.33774038461538464 0.08263221153846154 0.10576923076923077
0 0.2127403846153846 0.4651442307692308 0.06911057692307693 0.07992788461538461
0 0.3173076923076923 0.47836538461538464 0.0634014423076923 0.08263221153846154
0 0.47115384615384615 0.6862980769230769 0.10036057692307693 0.2091346153846154
0 0.6586538461538461 0.6346153846153846 0.07632211538461539 0.0868389423076923
0 0.8365384615384616 0.08052884615384616 0.10036057692307693 0.10907451923076923