1 0.27163461538461536 0.2439903846153846 0.17337740384615385 0.05108173076923077
1 0.7632211538461539 0.24158653846153846 0.20673076923076922 0.06520432692307693
2 0.2776442307692308 0.3870192307692308 0.42037259615384615 0.29236778846153844
2 0.171875 0.5889423076923077 0.18449519230769232 0.15985576923076922
2 0.36778846153846156 0.5901442307692307 0.23677884615384615 0.1875
2 0.5865384615384616 0.5516826923076923 0.7503004807692307 0.6748798076923077
2 0.7055288461538461 0.1310096153846154 0.42638221153846156 0.1971153846153846
0 0.6105769230769231 0.24639423076923078 0.13972355769230768 0.22926682692307693
0 0.5288461538461539 0.3870192307692308 0.13431490384615385 0.11508413461538461
0 0.2932692307692308 0.6153846153846154 0.0967548076923077 0.09044471153846154
0 0.36778846153846156 0.6971153846153846 0.08233173076923077 0.078125
0 0.4050480769230769 0.8473557692307693 0.15114182692307693 0.23317307692307693