1 0.27524038461538464 0.22956730769230768 0.17487980769230768 0.0694110576923077
1 0.7752403846153846 0.2283653846153846 0.21003605769230768 0.04807692307692308
2 0.28125 0.3762019230769231 0.4387019230769231 0.32361778846153844
2 0.171875 0.5829326923076923 0.1893028846153846 0.1697716346153846
2 0.37259615384615385 0.5841346153846154 0.23016826923076922 0.15985576923076922
2 0.5949519230769231 0.5444711538461539 0.7524038461538461 0.6712740384615384
2 0.7163461538461539 0.12139423076923077 0.4519230769230769 0.24278846153846154
0 0.6201923076923077 0.23197115384615385 0.1162860576923077 0.22746394230769232
0 0.5372596153846154 0.3762019230769231 0.12650240384615385 0.10306490384615384
0 0.296875 0.609375 0.09885817307692307 0.09134615384615384
0 0.37259615384615385 0.6935096153846154 0.08143028846153846 0.0790264423076923
0 0.4110576923076923 0.8473557692307693 0.16766826923076922 0.24338942307692307