1 0.2776442307692308 0.23317307692307693 0.17608173076923078 0.057992788461538464
1 0.7800480769230769 0.23197115384615385 0.21153846153846154 0.04026442307692308
2 0.28365384615384615 0.38100961538461536 0.4426081730769231 0.32992788461538464
2 0.17427884615384615 0.5877403846153846 0.18419471153846154 0.15715144230769232
2 0.375 0.5889423076923077 0.23467548076923078 0.16736778846153846
2 0.5997596153846154 0.5492788461538461 0.7623197115384616 0.6826923076923077
2 0.7211538461538461 0.11778846153846154 0.4332932692307692 0.19651442307692307
0 0.625 0.23557692307692307 0.1162860576923077 0.22956730769230768
0 0.5408653846153846 0.38100961538461536 0.1388221153846154 0.11868990384615384
0 0.29927884615384615 0.6153846153846154 0.09314903846153846 0.08203125
0 0.3762019230769231 0.6995192307692307 0.08864182692307693 0.08713942307692307
0 0.41346153846153844 0.8533653846153846 0.15925480769230768 0.24068509615384615