1 0.003605769230769231 0.5240384615384616 0.007211538461538462 0.13942307692307693
1 0.3317307692307692 0.8161057692307693 0.0772235576923077 0.031850961538461536
1 0.3605769230769231 0.1971153846153846 0.13010817307692307 0.05228365384615385
1 0.5144230769230769 0.3125 0.028245192307692308 0.11508413461538461
1 0.8798076923076923 0.19951923076923078 0.14393028846153846 0.024639423076923076
1 0.5108173076923077 0.4891826923076923 0.021935096153846152 0.046274038461538464
1 0.5120192307692307 0.5721153846153846 0.014122596153846154 0.057692307692307696
1 0.5108173076923077 0.7307692307692307 0.016826923076923076 0.11568509615384616
2 0.08173076923076923 0.12980769230769232 0.16346153846153846 0.14423076923076922
2 0.36899038461538464 0.34375 0.17608173076923078 0.2785456730769231
2 0.39663461538461536 0.5552884615384616 0.11508413461538461 0.1346153846153846
2 0.36538461538461536 0.71875 0.19200721153846154 0.20552884615384615
2 0.3088942307692308 0.5528846153846154 0.05438701923076923 0.13040865384615385
2 0.15384615384615385 0.6141826923076923 0.3076923076923077 0.43028846153846156
2 0.14182692307692307 0.3173076923076923 0.28365384615384615 0.25
2 0.22235576923076922 0.12740384615384615 0.13792067307692307 0.13972355769230768
2 0.625 0.33052884615384615 0.25390625 0.2764423076923077
2 0.6526442307692307 0.13942307692307693 0.2707331730769231 0.11087740384615384
2 0.6382211538461539 0.7175480769230769 0.2668269230769231 0.22776442307692307
2 0.8233173076923077 0.8858173076923077 0.22265625 0.1505408653846154
2 0.7884615384615384 0.7716346153846154 0.07572115384615384 0.08623798076923077
2 0.5973557692307693 0.5709134615384616 0.15625 0.08473557692307693
2 0.7463942307692307 0.5096153846153846 0.5072115384615384 0.6490384615384616
0 0.7548076923076923 0.1778846153846154 0.043569711538461536 0.0625
0 0.7139423076923077 0.38341346153846156 0.047475961538461536 0.0546875
0 0.6911057692307693 0.5805288461538461 0.040865384615384616 0.046274038461538464
0 0.7956730769230769 0.7127403846153846 0.042367788461538464 0.05498798076923077
0 0.7403846153846154 0.6983173076923077 0.043870192307692304 0.055588942307692304
0 0.7884615384615384 0.8401442307692307 0.043870192307692304 0.0655048076923077
0 0.3701923076923077 0.6430288461538461 0.03786057692307692 0.050180288461538464
0 0.26322115384615385 0.7716346153846154 0.041165865384615384 0.05318509615384615
0 0.26322115384615385 0.5540865384615384 0.04567307692307692 0.044771634615384616
0 0.29447115384615385 0.45552884615384615 0.041165865384615384 0.05078125
0 0.24278846153846154 0.39663461538461536 0.0390625 0.047475961538461536
0 0.234375 0.17548076923076922 0.03155048076923077 0.05348557692307692
0 0.17668269230769232 0.1346153846153846 0.040865384615384616 0.04266826923076923