1 0.32572115384615385 0.8233173076923077 0.07932692307692307 0.025841346153846152
1 0.3545673076923077 0.1935096153846154 0.13251201923076922 0.046274038461538464
1 0.5108173076923077 0.3112980769230769 0.028846153846153848 0.11358173076923077
1 0.8822115384615384 0.19591346153846154 0.14332932692307693 0.05048076923076923
1 0.5072115384615384 0.49038461538461536 0.024338942307692308 0.047776442307692304
1 0.5084134615384616 0.5757211538461539 0.015925480769230768 0.057692307692307696
1 0.5072115384615384 0.7355769230769231 0.029447115384615384 0.11929086538461539
2 0.07692307692307693 0.12620192307692307 0.15384615384615385 0.14182692307692307
2 0.3629807692307692 0.34375 0.21754807692307693 0.3019831730769231
2 0.390625 0.5588942307692307 0.1268028846153846 0.1427283653846154
2 0.3605769230769231 0.7235576923076923 0.1739783653846154 0.18810096153846154
2 0.30288461538461536 0.5552884615384616 0.057692307692307696 0.1310096153846154
2 0.140625 0.6177884615384616 0.28125 0.41346153846153844
2 0.14302884615384615 0.3161057692307692 0.2860576923076923 0.2764423076923077
2 0.21394230769230768 0.12379807692307693 0.1310096153846154 0.1346153846153846
2 0.6237980769230769 0.3293269230769231 0.23317307692307693 0.2605168269230769
2 0.6514423076923077 0.13581730769230768 0.2734375 0.10576923076923077
2 0.6370192307692307 0.7235576923076923 0.26953125 0.22986778846153846
2 0.8245192307692307 0.8942307692307693 0.22145432692307693 0.14543269230769232
2 0.7896634615384616 0.7788461538461539 0.07421875 0.08653846153846154
2 0.5949519230769231 0.5733173076923077 0.16346153846153846 0.09765625
2 0.7439903846153846 0.5120192307692307 0.5120192307692307 0.6586538461538461
0 0.7560096153846154 0.17427884615384615 0.036959134615384616 0.06099759615384615
0 0.7139423076923077 0.38341346153846156 0.043870192307692304 0.05438701923076923
0 0.6899038461538461 0.5841346153846154 0.043569711538461536 0.04807692307692308
0 0.796875 0.7175480769230769 0.03665865384615385 0.0546875
0 0.7403846153846154 0.7043269230769231 0.043569711538461536 0.05348557692307692
0 0.7896634615384616 0.8473557692307693 0.03665865384615385 0.06520432692307693
0 0.3641826923076923 0.6466346153846154 0.039963942307692304 0.05198317307692308
0 0.25600961538461536 0.7788461538461539 0.04146634615384615 0.05348557692307692
0 0.25600961538461536 0.5576923076923077 0.046274038461538464 0.04717548076923077
0 0.28846153846153844 0.4567307692307692 0.05198317307692308 0.05829326923076923
0 0.23557692307692307 0.39783653846153844 0.038461538461538464 0.04957932692307692
0 0.22716346153846154 0.171875 0.032151442307692304 0.055588942307692304
0 0.16706730769230768 0.12980769230769232 0.04026442307692308 0.039663461538461536