1 0.006009615384615385 0.2920673076923077 0.01201923076923077 0.11298076923076923
1 0.009615384615384616 0.5120192307692307 0.019230769230769232 0.13942307692307693
1 0.009615384615384616 0.6983173076923077 0.019230769230769232 0.11298076923076923
1 0.33774038461538464 0.8004807692307693 0.07692307692307693 0.023137019230769232
1 0.36538461538461536 0.19110576923076922 0.12950721153846154 0.02674278846153846
1 0.5168269230769231 0.30408653846153844 0.014423076923076924 0.11268028846153846
1 0.8762019230769231 0.19230769230769232 0.14092548076923078 0.038461538461538464
1 0.5132211538461539 0.47836538461538464 0.020733173076923076 0.04447115384615385
1 0.5144230769230769 0.5600961538461539 0.024338942307692308 0.05739182692307692
1 0.5132211538461539 0.7163461538461539 0.016826923076923076 0.11538461538461539
2 0.08774038461538461 0.12620192307692307 0.17457932692307693 0.14693509615384615
2 0.3737980769230769 0.33533653846153844 0.18900240384615385 0.28365384615384615
2 0.40024038461538464 0.5432692307692307 0.11268028846153846 0.13401442307692307
2 0.3713942307692308 0.7043269230769231 0.18900240384615385 0.19831730769230768
2 0.31490384615384615 0.5408653846153846 0.07151442307692307 0.13401442307692307
2 0.14903846153846154 0.6033653846153846 0.2893629807692308 0.3996394230769231
2 0.14903846153846154 0.3088942307692308 0.2980769230769231 0.27163461538461536
2 0.22956730769230768 0.12259615384615384 0.1271033653846154 0.12950721153846154
2 0.6262019230769231 0.32211538461538464 0.21905048076923078 0.24939903846153846
2 0.6526442307692307 0.13341346153846154 0.27133413461538464 0.15564903846153846
2 0.6382211538461539 0.703125 0.2527043269230769 0.20853365384615385
2 0.8209134615384616 0.8689903846153846 0.22295673076923078 0.16075721153846154
2 0.7872596153846154 0.7572115384615384 0.07061298076923077 0.0829326923076923
2 0.5985576923076923 0.5588942307692307 0.15865384615384615 0.1024639423076923
2 0.7391826923076923 0.4987980769230769 0.5216346153846154 0.65625
0 0.7548076923076923 0.171875 0.038461538461538464 0.06099759615384615
0 0.7139423076923077 0.3737980769230769 0.04717548076923077 0.05498798076923077
0 0.6911057692307693 0.5685096153846154 0.036057692307692304 0.041165865384615384
0 0.7944711538461539 0.6983173076923077 0.035757211538461536 0.05078125
0 0.7391826923076923 0.6850961538461539 0.04176682692307692 0.05318509615384615
0 0.7872596153846154 0.8233173076923077 0.04176682692307692 0.0655048076923077
0 0.375 0.6298076923076923 0.043870192307692304 0.052884615384615384
0 0.2704326923076923 0.7572115384615384 0.04957932692307692 0.05739182692307692
0 0.2704326923076923 0.5432692307692307 0.041165865384615384 0.0390625
0 0.3004807692307692 0.44591346153846156 0.04447115384615385 0.05438701923076923
0 0.25 0.38822115384615385 0.03876201923076923 0.046274038461538464
0 0.24158653846153846 0.16947115384615385 0.040865384615384616 0.059194711538461536
0 0.18389423076923078 0.12860576923076922 0.039963942307692304 0.039963942307692304