2 0.39663461538461536 0.13701923076923078 0.09555288461538461 0.04447115384615385
2 0.6081730769230769 0.1346153846153846 0.09615384615384616 0.0390625
2 0.8209134615384616 0.13701923076923078 0.09405048076923077 0.03936298076923077
2 0.08052884615384616 0.32211538461538464 0.05078125 0.1541466346153846
2 0.08173076923076923 0.5901442307692307 0.043569711538461536 0.1219951923076923
2 0.921875 0.8112980769230769 0.05078125 0.0928485576923077
0 0.7908653846153846 0.7740384615384616 0.2503004807692308 0.2890625
0 0.2980769230769231 0.32572115384615385 0.40865384615384615 0.35396634615384615
0 0.25 0.6225961538461539 0.30288461538461536 0.23076923076923078
0 0.5372596153846154 0.6237980769230769 0.29477163461538464 0.2770432692307692
0 0.6298076923076923 0.3629807692307692 0.3362379807692308 0.4522235576923077
0 0.7920673076923077 0.39663461538461536 0.24278846153846154 0.48046875
1 0.5625 0.18990384615384615 0.056490384615384616 0.054086538461538464
1 0.5637019230769231 0.25 0.0546875 0.05739182692307692
1 0.5637019230769231 0.3245192307692308 0.05108173076923077 0.05198317307692308
1 0.5661057692307693 0.38461538461538464 0.04657451923076923 0.04837740384615385
1 0.4807692307692308 0.4639423076923077 0.047776442307692304 0.056790865384615384
1 0.45072115384615385 0.47115384615384615 0.07542067307692307 0.0868389423076923
1 0.37740384615384615 0.5528846153846154 0.07602163461538461 0.08173076923076923
1 0.33533653846153844 0.6478365384615384 0.051382211538461536 0.051382211538461536
1 0.33413461538461536 0.7079326923076923 0.04807692307692308 0.04146634615384615
1 0.453125 0.7896634615384616 0.09134615384615384 0.1084735576923077
1 0.6334134615384616 0.7079326923076923 0.07361778846153846 0.08834134615384616
1 0.5649038461538461 0.5408653846153846 0.05198317307692308 0.053786057692307696
1 0.5889423076923077 0.5432692307692307 0.06670673076923077 0.08082932692307693
1 0.6995192307692307 0.65625 0.03876201923076923 0.05739182692307692
1 0.6983173076923077 0.6826923076923077 0.0703125 0.07301682692307693
1 0.75 0.6586538461538461 0.056790865384615384 0.07211538461538461
1 0.8846153846153846 0.8401442307692307 0.052584134615384616 0.060396634615384616
1 0.8810096153846154 0.5564903846153846 0.05078125 0.0546875
1 0.8125 0.6057692307692307 0.0634014423076923 0.07271634615384616