2 0.39903846153846156 0.13942307692307693 0.09705528846153846 0.048677884615384616
2 0.6129807692307693 0.13701923076923078 0.10036057692307693 0.05228365384615385
2 0.8269230769230769 0.13942307692307693 0.10006009615384616 0.053786057692307696
2 0.08173076923076923 0.32572115384615385 0.034555288461538464 0.15384615384615385
2 0.0829326923076923 0.5949519230769231 0.03635817307692308 0.12289663461538461
2 0.9278846153846154 0.8173076923076923 0.04717548076923077 0.09495192307692307
0 0.7956730769230769 0.7800480769230769 0.2542067307692308 0.29116586538461536
0 0.3016826923076923 0.3293269230769231 0.43569711538461536 0.3855168269230769
0 0.25240384615384615 0.6286057692307693 0.31310096153846156 0.24248798076923078
0 0.5408653846153846 0.6286057692307693 0.2692307692307692 0.2478966346153846
0 0.6346153846153846 0.36658653846153844 0.29296875 0.43960336538461536
0 0.796875 0.40024038461538464 0.2722355769230769 0.49368990384615385
1 0.5661057692307693 0.19230769230769232 0.050180288461538464 0.04807692307692308
1 0.5673076923076923 0.2536057692307692 0.04927884615384615 0.05438701923076923
1 0.5685096153846154 0.328125 0.05048076923076923 0.04957932692307692
1 0.5697115384615384 0.38822115384615385 0.05198317307692308 0.050180288461538464
1 0.484375 0.46875 0.05438701923076923 0.057992788461538464
1 0.4543269230769231 0.47596153846153844 0.07211538461538461 0.0859375
1 0.3798076923076923 0.5576923076923077 0.07602163461538461 0.08173076923076923
1 0.3389423076923077 0.6538461538461539 0.05198317307692308 0.05198317307692308
1 0.33653846153846156 0.7139423076923077 0.05228365384615385 0.047475961538461536
1 0.4567307692307692 0.7956730769230769 0.0859375 0.10486778846153846
1 0.6382211538461539 0.7139423076923077 0.07361778846153846 0.08743990384615384
1 0.5685096153846154 0.5456730769230769 0.05438701923076923 0.05739182692307692
1 0.5925480769230769 0.5480769230769231 0.0703125 0.08263221153846154
1 0.7055288461538461 0.6610576923076923 0.04326923076923077 0.05829326923076923
1 0.7043269230769231 0.6887019230769231 0.0772235576923077 0.07932692307692307
1 0.7548076923076923 0.6634615384615384 0.048978365384615384 0.0712139423076923
1 0.890625 0.8473557692307693 0.051382211538461536 0.05979567307692308
1 0.8870192307692307 0.5625 0.052584134615384616 0.05348557692307692
1 0.8185096153846154 0.6105769230769231 0.06400240384615384 0.07271634615384616