2 0.4014423076923077 0.14182692307692307 0.10006009615384616 0.056790865384615384
2 0.6201923076923077 0.13942307692307693 0.10096153846153846 0.053786057692307696
2 0.8401442307692307 0.14302884615384615 0.09915865384615384 0.040865384615384616
2 0.07572115384615384 0.3329326923076923 0.049879807692307696 0.15715144230769232
2 0.07692307692307693 0.609375 0.033052884615384616 0.12289663461538461
2 0.9447115384615384 0.8377403846153846 0.04447115384615385 0.09615384615384616
0 0.8088942307692307 0.7992788461538461 0.25180288461538464 0.29116586538461536
0 0.3004807692307692 0.33774038461538464 0.44140625 0.38731971153846156
0 0.25 0.6442307692307693 0.33533653846153844 0.2692307692307692
0 0.546875 0.6442307692307693 0.28125 0.2590144230769231
0 0.6430288461538461 0.3762019230769231 0.2956730769230769 0.4489182692307692
0 0.8100961538461539 0.4098557692307692 0.30318509615384615 0.5162259615384616
1 0.5733173076923077 0.1971153846153846 0.0546875 0.05318509615384615
1 0.5745192307692307 0.25961538461538464 0.05318509615384615 0.057692307692307696
1 0.5745192307692307 0.33533653846153844 0.056790865384615384 0.055288461538461536
1 0.5769230769230769 0.39663461538461536 0.056490384615384616 0.054086538461538464
1 0.4879807692307692 0.4795673076923077 0.048677884615384616 0.05588942307692308
1 0.4579326923076923 0.48677884615384615 0.08443509615384616 0.09435096153846154
1 0.38221153846153844 0.5721153846153846 0.07782451923076923 0.08233173076923077
1 0.3389423076923077 0.6694711538461539 0.051682692307692304 0.05108173076923077
1 0.33774038461538464 0.7307692307692307 0.05438701923076923 0.047776442307692304
1 0.46033653846153844 0.8149038461538461 0.08353365384615384 0.10546875
1 0.6466346153846154 0.7319711538461539 0.06310096153846154 0.08173076923076923
1 0.5757211538461539 0.5588942307692307 0.04807692307692308 0.052884615384615384
1 0.5997596153846154 0.5612980769230769 0.07451923076923077 0.08804086538461539
1 0.7151442307692307 0.6778846153846154 0.044771634615384616 0.05859375
1 0.7139423076923077 0.7055288461538461 0.07752403846153846 0.08022836538461539
1 0.7668269230769231 0.6802884615384616 0.05348557692307692 0.07211538461538461
1 0.9050480769230769 0.8677884615384616 0.052884615384615384 0.06219951923076923
1 0.9026442307692307 0.5757211538461539 0.052884615384615384 0.05588942307692308
1 0.8317307692307693 0.6262019230769231 0.0625 0.0751201923076923