2 0.3473557692307692 0.17427884615384615 0.10306490384615384 0.035757211538461536
2 0.5649038461538461 0.171875 0.10576923076923077 0.045072115384615384
2 0.7475961538461539 0.17067307692307693 0.11057692307692307 0.024338942307692308
2 0.9891826923076923 0.20793269230769232 0.021634615384615384 0.026442307692307692
2 0.9891826923076923 0.4891826923076923 0.021634615384615384 0.026442307692307692
2 0.9867788461538461 0.765625 0.026442307692307692 0.09375
2 0.4230769230769231 0.8365384615384616 0.12950721153846154 0.03936298076923077
2 0.20793269230769232 0.8401442307692307 0.11538461538461539 0.03064903846153846
1 0.5889423076923077 0.8689903846153846 0.11117788461538461 0.09795673076923077
1 0.6850961538461539 0.9230769230769231 0.09194711538461539 0.05228365384615385
1 0.6225961538461539 0.8004807692307693 0.06790865384615384 0.05198317307692308
0 0.8617788461538461 0.9038461538461539 0.26712740384615385 0.12469951923076923
0 0.6262019230769231 0.9110576923076923 0.1953125 0.13521634615384615
0 0.5144230769230769 0.08774038461538461 0.9663461538461539 0.17548076923076922
0 0.8112980769230769 0.30528846153846156 0.33984375 0.26021634615384615
0 0.7151442307692307 0.49158653846153844 0.13251201923076922 0.12169471153846154
0 0.8798076923076923 0.4891826923076923 0.20763221153846154 0.11838942307692307
0 0.8076923076923077 0.6911057692307693 0.3557692307692308 0.28365384615384615
0 0.17307692307692307 0.7127403846153846 0.28756009615384615 0.2722355769230769
0 0.15264423076923078 0.30528846153846156 0.24278846153846154 0.25540865384615385
0 0.14302884615384615 0.49158653846153844 0.1896033653846154 0.12650240384615385
0 0.45552884615384615 0.5048076923076923 0.4245793269230769 0.6646634615384616
1 0.15745192307692307 0.14543269230769232 0.10757211538461539 0.0889423076923077
1 0.45552884615384615 0.140625 0.11298076923076923 0.09314903846153846
1 0.3161057692307692 0.3954326923076923 0.10366586538461539 0.06971153846153846
1 0.6899038461538461 0.40024038461538464 0.11448317307692307 0.06580528846153846
1 0.8834134615384616 0.40625 0.0946514423076923 0.07271634615384616
1 0.6081730769230769 0.5168269230769231 0.0811298076923077 0.061899038461538464
1 0.19230769230769232 0.4074519230769231 0.09224759615384616 0.07992788461538461
1 0.2548076923076923 0.7007211538461539 0.10036057692307693 0.07842548076923077