2 0.3245192307692308 0.20673076923076922 0.10096153846153846 0.03786057692307692
2 0.5384615384615384 0.20552884615384615 0.10546875 0.04026442307692308
2 0.71875 0.203125 0.11087740384615384 0.039963942307692304
2 0.9615384615384616 0.24158653846153846 0.024639423076923076 0.025841346153846152
2 0.9615384615384616 0.5168269230769231 0.028245192307692308 0.02403846153846154
2 0.9615384615384616 0.7884615384615384 0.04417067307692308 0.09224759615384616
2 0.40024038461538464 0.8569711538461539 0.1268028846153846 0.050180288461538464
2 0.1875 0.8605769230769231 0.1141826923076923 0.029447115384615384
1 0.5625 0.8894230769230769 0.11087740384615384 0.09705528846153846
1 0.6574519230769231 0.9423076923076923 0.09344951923076923 0.061598557692307696
1 0.5949519230769231 0.8221153846153846 0.06881009615384616 0.04807692307692308
0 0.8305288461538461 0.9242788461538461 0.26742788461538464 0.13942307692307693
0 0.5985576923076923 0.9302884615384616 0.1971153846153846 0.13942307692307693
0 0.49038461538461536 0.11538461538461539 0.9567307692307693 0.2205528846153846
0 0.78125 0.33533653846153844 0.35997596153846156 0.29537259615384615
0 0.6862980769230769 0.5192307692307693 0.12259615384615384 0.10667067307692307
0 0.8485576923076923 0.5168269230769231 0.20763221153846154 0.11899038461538461
0 0.7776442307692307 0.7151442307692307 0.36328125 0.30018028846153844
0 0.15264423076923078 0.7355769230769231 0.28125 0.26802884615384615
0 0.13341346153846154 0.33533653846153844 0.23287259615384615 0.24729567307692307
0 0.12379807692307693 0.5192307692307693 0.18449519230769232 0.12109375
0 0.43149038461538464 0.53125 0.4206730769230769 0.6577524038461539
1 0.13822115384615385 0.17908653846153846 0.11538461538461539 0.10306490384615384
1 0.43149038461538464 0.17307692307692307 0.11268028846153846 0.09224759615384616
1 0.2932692307692308 0.42427884615384615 0.11117788461538461 0.08022836538461539
1 0.6610576923076923 0.42908653846153844 0.11899038461538461 0.07992788461538461
1 0.8521634615384616 0.43509615384615385 0.08804086538461539 0.06280048076923077
1 0.5805288461538461 0.5444711538461539 0.07962740384615384 0.06099759615384615
1 0.171875 0.43509615384615385 0.09314903846153846 0.08203125
1 0.234375 0.7235576923076923 0.0946514423076923 0.0733173076923077