2 0.33533653846153844 0.20192307692307693 0.09825721153846154 0.038461538461538464
2 0.5444711538461539 0.20072115384615385 0.10306490384615384 0.03515625
2 0.7199519230769231 0.19831730769230768 0.10576923076923077 0.04146634615384615
2 0.9555288461538461 0.23557692307692307 0.02403846153846154 0.023737980769230768
2 0.9567307692307693 0.5048076923076923 0.028545673076923076 0.02794471153846154
2 0.9567307692307693 0.7692307692307693 0.038461538461538464 0.08743990384615384
2 0.4098557692307692 0.8365384615384616 0.12289663461538461 0.027644230769230768
2 0.203125 0.8389423076923077 0.11207932692307693 0.01953125
1 0.5673076923076923 0.8677884615384616 0.10697115384615384 0.09585336538461539
1 0.6598557692307693 0.9194711538461539 0.08924278846153846 0.055588942307692304
1 0.5997596153846154 0.8016826923076923 0.06460336538461539 0.045973557692307696
0 0.8293269230769231 0.9014423076923077 0.26382211538461536 0.14453125
0 0.6033653846153846 0.9086538461538461 0.18840144230769232 0.13521634615384615
0 0.4963942307692308 0.11899038461538461 0.9302884615384616 0.23798076923076922
0 0.7800480769230769 0.3269230769230769 0.3290264423076923 0.25390625
0 0.6887019230769231 0.5060096153846154 0.12289663461538461 0.10907451923076923
0 0.8461538461538461 0.5036057692307693 0.203125 0.12740384615384615
0 0.7776442307692307 0.6971153846153846 0.35757211538461536 0.2971754807692308
0 0.16947115384615385 0.7175480769230769 0.26171875 0.24699519230769232
0 0.1502403846153846 0.3269230769230769 0.23317307692307693 0.24939903846153846
0 0.140625 0.5060096153846154 0.1893028846153846 0.14092548076923078
0 0.43990384615384615 0.5180288461538461 0.4387019230769231 0.6508413461538461
1 0.15384615384615385 0.17548076923076922 0.1015625 0.08263221153846154
1 0.43990384615384615 0.16947115384615385 0.10486778846153846 0.08173076923076923
1 0.30649038461538464 0.41466346153846156 0.10787259615384616 0.08383413461538461
1 0.6646634615384616 0.4182692307692308 0.1084735576923077 0.06219951923076923
1 0.8497596153846154 0.42427884615384615 0.08834134615384616 0.06490384615384616
1 0.5853365384615384 0.53125 0.08022836538461539 0.06640625
1 0.1875 0.4254807692307692 0.08233173076923077 0.06820913461538461
1 0.24759615384615385 0.7055288461538461 0.09585336538461539 0.0751201923076923