2 0.14302884615384615 0.24519230769230768 0.08413461538461539 0.30709134615384615
2 0.0733173076923077 0.7668269230769231 0.026442307692307692 0.19681490384615385
2 0.9711538461538461 0.8064903846153846 0.0234375 0.12229567307692307
2 0.9711538461538461 0.5372596153846154 0.01953125 0.19020432692307693
2 0.9735576923076923 0.2536057692307692 0.04447115384615385 0.19050480769230768
0 0.08052884615384616 0.2980769230769231 0.10096153846153846 0.5096153846153846
0 0.234375 0.7668269230769231 0.35757211538461536 0.3993389423076923
0 0.4375 0.65625 0.11057692307692307 0.1385216346153846
0 0.4387019230769231 0.8389423076923077 0.08984375 0.19230769230769232
0 0.5661057692307693 0.13221153846153846 0.15865384615384615 0.19831730769230768
0 0.5600961538461539 0.30528846153846156 0.15384615384615385 0.17277644230769232
0 0.8016826923076923 0.20552884615384615 0.38461538461538464 0.3975360576923077
0 0.6935096153846154 0.7620192307692307 0.18479567307692307 0.35606971153846156
0 0.5540865384615384 0.4891826923076923 0.8918269230769231 0.9735576923076923
1 0.6658653846153846 0.3425480769230769 0.07752403846153846 0.13701923076923078
1 0.5552884615384616 0.4387019230769231 0.05709134615384615 0.11358173076923077
1 0.140625 0.47475961538461536 0.16105769230769232 0.1268028846153846
1 0.6610576923076923 0.5336538461538461 0.0733173076923077 0.11147836538461539
1 0.2800480769230769 0.6298076923076923 0.0790264423076923 0.12590144230769232
1 0.41225961538461536 0.6358173076923077 0.0625 0.08173076923076923
1 0.4651442307692308 0.6346153846153846 0.05618990384615385 0.08563701923076923
1 0.4651442307692308 0.7848557692307693 0.06009615384615385 0.09134615384615384
1 0.5540865384615384 0.8846153846153846 0.07421875 0.1541466346153846