2 0.15745192307692307 0.24519230769230768 0.04326923076923077 0.31640625
2 0.08774038461538461 0.7704326923076923 0.0546875 0.19471153846153846
2 0.9855769230769231 0.8088942307692307 0.028846153846153848 0.12259615384615384
2 0.9819711538461539 0.5384615384615384 0.036057692307692304 0.1875
2 0.984375 0.2536057692307692 0.03125 0.18990384615384615
0 0.09495192307692307 0.29927884615384615 0.13251201923076922 0.5162259615384616
0 0.25 0.7704326923076923 0.33203125 0.38221153846153844
0 0.4543269230769231 0.6598557692307693 0.11057692307692307 0.13942307692307693
0 0.4543269230769231 0.84375 0.11147836538461539 0.2010216346153846
0 0.5829326923076923 0.13221153846153846 0.1619591346153846 0.20162259615384615
0 0.5769230769230769 0.30649038461538464 0.14903846153846154 0.17067307692307693
0 0.8137019230769231 0.20673076923076922 0.37259615384615385 0.3942307692307692
0 0.7103365384615384 0.765625 0.18479567307692307 0.3581730769230769
0 0.5444711538461539 0.5 0.9110576923076923 1
1 0.6826923076923077 0.34375 0.0811298076923077 0.13912259615384615
1 0.5721153846153846 0.4411057692307692 0.05348557692307692 0.11298076923076923
1 0.15625 0.47716346153846156 0.16887019230769232 0.13762019230769232
1 0.6778846153846154 0.5360576923076923 0.061899038461538464 0.10967548076923077
1 0.2956730769230769 0.6322115384615384 0.06310096153846154 0.12049278846153846
1 0.42788461538461536 0.6394230769230769 0.06760817307692307 0.08533653846153846
1 0.4807692307692308 0.6370192307692307 0.057692307692307696 0.08263221153846154
1 0.4807692307692308 0.7884615384615384 0.05829326923076923 0.09134615384615384
1 0.5697115384615384 0.8894230769230769 0.10186298076923077 0.16286057692307693