2 0.14783653846153846 0.25240384615384615 0.09134615384615384 0.29867788461538464
2 0.078125 0.7728365384615384 0.022235576923076924 0.19471153846153846
2 0.9699519230769231 0.8125 0.04326923076923077 0.11959134615384616
2 0.9711538461538461 0.5444711538461539 0.03275240384615385 0.1893028846153846
2 0.9735576923076923 0.2620192307692308 0.019230769230769232 0.19260817307692307
0 0.08533653846153846 0.30649038461538464 0.16826923076923078 0.5114182692307693
0 0.23918269230769232 0.7728365384615384 0.31009615384615385 0.36388221153846156
0 0.43990384615384615 0.6634615384615384 0.11117788461538461 0.13912259615384615
0 0.4411057692307692 0.8449519230769231 0.1268028846153846 0.19981971153846154
0 0.5673076923076923 0.140625 0.15294471153846154 0.1953125
0 0.5612980769230769 0.3125 0.15594951923076922 0.1739783653846154
0 0.8016826923076923 0.21394230769230768 0.3350360576923077 0.3518629807692308
0 0.6935096153846154 0.7680288461538461 0.17127403846153846 0.35366586538461536
0 0.5456730769230769 0.5 0.9086538461538461 1
1 0.6670673076923077 0.35096153846153844 0.06580528846153846 0.13401442307692307
1 0.5576923076923077 0.44591346153846156 0.07271634615384616 0.11748798076923077
1 0.14543269230769232 0.48197115384615385 0.17037259615384615 0.14092548076923078
1 0.6622596153846154 0.5408653846153846 0.07391826923076923 0.11117788461538461
1 0.28365384615384615 0.6358173076923077 0.08143028846153846 0.12740384615384615
1 0.41466346153846156 0.6430288461538461 0.0655048076923077 0.08022836538461539
1 0.4675480769230769 0.640625 0.06460336538461539 0.08473557692307693
1 0.4675480769230769 0.7908653846153846 0.07211538461538461 0.09645432692307693
1 0.5552884615384616 0.890625 0.08623798076923077 0.16075721153846154