0 0.4939903846153846 0.1045673076923077 0.6508413461538461 0.09765625
0 0.7175480769230769 0.2319711538461538 0.2232572115384615 0.1923076923076923
0 0.6081730769230769 0.5192307692307693 0.0721153846153846 0.0772235576923077
0 0.6081730769230769 0.59375 0.0682091346153846 0.0667067307692307
0 0.7319711538461539 0.5528846153846154 0.1745793269230769 0.1451322115384615
0 0.7536057692307693 0.7151442307692307 0.13671875 0.180889423076923
0 0.2115384615384615 0.6778846153846154 0.0775240384615384 0.0967548076923077
0 0.2596153846153846 0.7536057692307693 0.1826923076923076 0.1177884615384615
0 0.3016826923076923 0.6646634615384616 0.09375 0.083233173076923
0 0.3713942307692308 0.6418269230769231 0.4450120192307692 0.3894230769230769
0 0.6286057692307693 0.8533653846153846 0.1394230769230769 0.0874399038461538
0 0.6298076923076923 0.7151442307692307 0.1484375 0.1856971153846154
0 0.1177884615384615 0.6766826923076923 0.0967548076923077 0.2325721153846154
0 0.2728365384615384 0.234375 0.2040264423076923 0.1748798076923076
0 0.1165865384615384 0.2331730769230769 0.1090745192307692 0.1637620192307692
0 0.3677884615384615 0.3581730769230769 0.3903245192307692 0.1048677884615384
0 0.71875 0.359375 0.188701923076923 0.0745192307692307
0 0.4939903846153846 0.2728365384615384 0.2578125 0.2578125
