0 0.2367788461538461 0.2620192307692308 0.1875 0.12890625
0 0.3701923076923077 0.3569711538461538 0.1817908653846154 0.1171875
0 0.3942307692307692 0.2524038461538461 0.1153846153846153 0.0874399038461538
0 0.2115384615384615 0.4603365384615384 0.1484375 0.2626201923076923
0 0.2223557692307692 0.7007211538461539 0.1610576923076923 0.0688100961538461
0 0.2115384615384615 0.6213942307692307 0.1346153846153846 0.0576923076923076
0 0.3701923076923077 0.5300480769230769 0.1742788461538461 0.2379807692307692
0 0.2079326923076923 0.8112980769230769 0.1361177884615384 0.1442307692307692
0 0.6694711538461539 0.1129807692307692 0.3284254807692308 0.1724759615384615
0 0.6009615384615384 0.2980769230769231 0.1935096153846154 0.2259615384615384
0 0.7584134615384616 0.3221153846153846 0.1799879807692307 0.26953125
0 0.6754807692307693 0.5276442307692307 0.3464543269230769 0.2932692307692308
