0 0.2331730769230769 0.2800480769230769 0.188701923076923 0.1394230769230769
0 0.3629807692307692 0.3713942307692308 0.1781850961538461 0.1225961538461538
0 0.3858173076923077 0.2716346153846153 0.1126802884615384 0.0901442307692307
0 0.2079326923076923 0.4723557692307692 0.1520432692307692 0.2575120192307692
0 0.21875 0.7055288461538461 0.1586538461538461 0.0691105769230769
0 0.2091346153846154 0.6286057692307693 0.1337139423076923 0.0640024038461538
0 0.3617788461538461 0.5396634615384616 0.1751802884615384 0.2337740384615384
0 0.204326923076923 0.8112980769230769 0.1246995192307692 0.1322115384615384
0 0.6526442307692307 0.1358173076923076 0.3140024038461538 0.1469350961538461
0 0.5853365384615384 0.3149038461538461 0.1850961538461538 0.2172475961538461
0 0.7391826923076923 0.3389423076923077 0.1409254807692307 0.2457932692307692
0 0.6586538461538461 0.5372596153846154 0.3067908653846153 0.2376802884615384
