0 0.1045673076923077 0.2944711538461538 0.1893028846153846 0.3043870192307692
0 0.3233173076923077 0.2980769230769231 0.3058894230769231 0.3269230769230769
0 0.0649038461538461 0.5336538461538461 0.1048677884615384 0.1583533653846154
0 0.2824519230769231 0.5336538461538461 0.3671875 0.2109375
0 0.1033653846153846 0.703125 0.1871995192307692 0.1799879807692307
0 0.0997596153846153 0.8689903846153846 0.1619591346153846 0.1538461538461538
0 0.3293269230769231 0.7860576923076923 0.2827524038461538 0.3374399038461538
0 0.2415865384615384 0.079326923076923 0.4591346153846153 0.1586538461538461
0 0.7548076923076923 0.0745192307692307 0.4519230769230769 0.1490384615384615
0 0.8064903846153846 0.8966346153846154 0.1228966346153846 0.1147836538461538
0 0.919471153846154 0.8918269230769231 0.1090745192307692 0.1243990384615384
0 0.7415865384615384 0.4891826923076923 0.5168269230769231 0.7283653846153846
0 0.6394230769230769 0.7860576923076923 0.2298677884615384 0.3362379807692308
