0 0.515625 0.8016826923076923 0.2091346153846154 0.3966346153846153
0 0.8076923076923077 0.4435096153846153 0.2704326923076923 0.4930889423076923
0 0.9519230769230768 0.5216346153846154 0.0961538461538461 0.1394230769230769
0 0.9495192307692308 0.3882211538461538 0.1009615384615384 0.1274038461538461
0 0.9411057692307692 0.2139423076923076 0.1177884615384615 0.2115384615384615
0 0.2295673076923076 0.9074519230769232 0.1268028846153846 0.17578125
0 0.4939903846153846 0.2247596153846154 0.0943509615384615 0.1896033653846154
0 0.4963942307692308 0.3870192307692308 0.0940504807692307 0.1150841346153846
0 0.5673076923076923 0.5168269230769231 0.1063701923076923 0.1493389423076923
0 0.4651442307692308 0.5180288461538461 0.1171875 0.1373197115384615
0 0.4026442307692308 0.3257211538461538 0.110576923076923 0.243389423076923
0 0.2151442307692307 0.5012019230769231 0.4302884615384615 0.6225961538461539
