0 0.5228365384615384 0.8052884615384616 0.2235576923076923 0.3894230769230769
0 0.8197115384615384 0.4543269230769231 0.2593149038461538 0.49609375
0 0.955528846153846 0.5324519230769231 0.0889423076923077 0.1466346153846154
0 0.9567307692307692 0.3978365384615384 0.0865384615384615 0.1274038461538461
0 0.9435096153846154 0.2211538461538461 0.1129807692307692 0.2115384615384615
0 0.2307692307692307 0.9134615384615384 0.1442307692307692 0.173076923076923
0 0.5 0.2319711538461538 0.0874399038461538 0.1896033653846154
0 0.5024038461538461 0.3966346153846153 0.0901442307692307 0.110576923076923
0 0.5745192307692307 0.5288461538461539 0.1060697115384615 0.153545673076923
0 0.4711538461538461 0.5300480769230769 0.1150841346153846 0.1370192307692307
0 0.4074519230769231 0.3341346153846153 0.0982572115384615 0.2448918269230769
0 0.219951923076923 0.5120192307692307 0.4399038461538461 0.6394230769230769
