0 0.5252403846153846 0.7956730769230769 0.2331730769230769 0.4086538461538461
0 0.8245192307692307 0.4314903846153846 0.2256610576923076 0.4918870192307692
0 0.955528846153846 0.5120192307692307 0.0889423076923077 0.1490384615384615
0 0.9615384615384616 0.3737980769230769 0.0769230769230769 0.1274038461538461
0 0.9459134615384616 0.1947115384615384 0.1081730769230769 0.2115384615384615
0 0.2319711538461538 0.9074519230769232 0.1219951923076923 0.17578125
0 0.5024038461538461 0.2067307692307692 0.109375 0.1980168269230769
0 0.5048076923076923 0.3737980769230769 0.0823317307692307 0.1084735576923077
0 0.578125 0.5072115384615384 0.1039663461538461 0.1532451923076923
0 0.4735576923076923 0.5084134615384616 0.1159855769230769 0.1412259615384615
0 0.4086538461538461 0.3100961538461538 0.126201923076923 0.2509014423076923
0 0.2163461538461538 0.4915865384615384 0.4281850961538461 0.6313100961538461
