0 0.7704326923076923 0.1129807692307692 0.2067307692307692 0.149639423076923
0 0.3257211538461538 0.3269230769230769 0.1875 0.2680288461538461
0 0.1670673076923076 0.3713942307692308 0.2193509615384615 0.3638822115384615
0 0.1358173076923076 0.5973557692307693 0.110576923076923 0.1201923076923077
0 0.1875 0.71875 0.2124399038461538 0.2593149038461538
0 0.328125 0.7776442307692307 0.1009615384615384 0.1361177884615384
0 0.4050480769230769 0.7572115384615384 0.0847355769230769 0.1781850961538461
0 0.328125 0.3269230769230769 0.1923076923076923 0.2779447115384615
0 0.5504807692307693 0.5480769230769231 0.7061298076923077 0.7893629807692307
0 0.7692307692307693 0.7355769230769231 0.1980168269230769 0.2250600961538461
0 0.7247596153846154 0.5733173076923077 0.1057692307692307 0.1923076923076923
0 0.8137019230769231 0.5504807692307693 0.0913461538461538 0.1481370192307692
0 0.3990384615384615 0.9230769230769232 0.23046875 0.1256009615384615
0 0.2139423076923076 0.5745192307692307 0.067608173076923 0.0540865384615384
