0 0.3413461538461538 0.109375 0.0778245192307692 0.1760817307692307
0 0.7127403846153846 0.2908653846153846 0.0450721153846153 0.0763221153846153
0 0.65625 0.4038461538461538 0.0423677884615384 0.0775240384615384
0 0.6682692307692307 0.4615384615384615 0.0432692307692307 0.0522836538461538
0 0.6682692307692307 0.5625 0.0474759615384615 0.0588942307692307
0 0.6201923076923077 0.5901442307692307 0.0396634615384615 0.0691105769230769
0 0.3173076923076923 0.7151442307692307 0.0435697115384615 0.0688100961538461
0 0.3786057692307692 0.6947115384615384 0.0606971153846153 0.0727163461538461
0 0.3713942307692308 0.7752403846153846 0.0543870192307692 0.0835336538461538
0 0.3713942307692308 0.8990384615384616 0.0603966346153846 0.0919471153846153
