0 0.3341346153846153 0.1057692307692307 0.0525841346153846 0.173076923076923
0 0.7043269230769231 0.2872596153846153 0.0438701923076923 0.0769230769230769
0 0.6478365384615384 0.4002403846153846 0.036358173076923 0.0745192307692307
0 0.6598557692307693 0.4579326923076923 0.0456730769230769 0.0546875
0 0.6610576923076923 0.5588942307692307 0.0444711538461538 0.0576923076923076
0 0.6117788461538461 0.5865384615384616 0.048076923076923 0.071514423076923
0 0.3100961538461538 0.7115384615384616 0.0435697115384615 0.0670072115384615
0 0.3713942307692308 0.6923076923076923 0.0546875 0.0685096153846153
0 0.3629807692307692 0.7728365384615384 0.0483774038461538 0.0817307692307692
0 0.3629807692307692 0.8966346153846154 0.0483774038461538 0.0907451923076923
