0 0.7524038461538461 0.5492788461538461 0.0444711538461538 0.03515625
0 0.7512019230769231 0.5985576923076923 0.048076923076923 0.0342548076923076
0 0.4879807692307692 0.8473557692307693 0.0471754807692307 0.0384615384615384
0 0.5288461538461539 0.7487980769230769 0.0489783653846153 0.05078125
0 0.5300480769230769 0.6862980769230769 0.0459735576923076 0.0465745192307692
0 0.4423076923076923 0.6923076923076923 0.028545673076923 0.0327524038461538
0 0.4807692307692308 0.640625 0.0426682692307692 0.0354567307692307
0 0.4759615384615384 0.5456730769230769 0.0294471153846153 0.0282451923076923
0 0.6658653846153846 0.6069711538461539 0.0387620192307692 0.0399639423076923
0 0.6322115384615384 0.5444711538461539 0.0477764423076923 0.0453725961538461
0 0.5132211538461539 0.5072115384615384 0.0354567307692307 0.0294471153846153
0 0.5925480769230769 0.3028846153846153 0.0498798076923076 0.0372596153846153
