0 0.2704326923076923 0.1274038461538461 0.0688100961538461 0.0916466346153846
0 0.1899038461538461 0.2223557692307692 0.0573918269230769 0.1219951923076923
0 0.3762019230769231 0.4483173076923077 0.0495793269230769 0.0847355769230769
0 0.3762019230769231 0.6033653846153846 0.0495793269230769 0.0916466346153846
0 0.3737980769230769 0.7776442307692307 0.0498798076923076 0.1036658653846153
0 0.375 0.9314903846153846 0.0579927884615384 0.1123798076923077
0 0.5841346153846154 0.5192307692307693 0.0667067307692307 0.0904447115384615
0 0.6394230769230769 0.609375 0.048076923076923 0.0844350961538461
0 0.7572115384615384 0.6117788461538461 0.0537860576923076 0.0994591346153846
0 0.8353365384615384 0.5372596153846154 0.0549879807692307 0.0961538461538461
0 0.8353365384615384 0.2331730769230769 0.0549879807692307 0.106670673076923
0 0.8221153846153846 0.7055288461538461 0.0423677884615384 0.0799278846153846
