0 0.2776442307692308 0.1334134615384615 0.0655048076923077 0.0892427884615384
0 0.1983173076923076 0.2259615384615384 0.0600961538461538 0.1201923076923077
0 0.3810096153846153 0.4471153846153846 0.0546875 0.0862379807692307
0 0.3810096153846153 0.5985576923076923 0.055889423076923 0.0925480769230769
0 0.3786057692307692 0.7692307692307693 0.0625 0.1060697115384615
0 0.3798076923076923 0.9206730769230768 0.0625 0.110576923076923
0 0.5841346153846154 0.5168269230769231 0.0579927884615384 0.0856370192307692
0 0.6382211538461539 0.6045673076923077 0.059795673076923 0.0889423076923077
0 0.7536057692307693 0.6069711538461539 0.0625 0.1009615384615384
0 0.8293269230769231 0.5336538461538461 0.0618990384615384 0.0961538461538461
0 0.8293269230769231 0.2367788461538461 0.0625 0.1072716346153846
0 0.8161057692307693 0.6995192307692307 0.0432692307692307 0.0808293269230769
