0 0.5997596153846154 0.6370192307692307 0.0306490384615384 0.0522836538461538
0 0.6358173076923077 0.6310096153846154 0.0309495192307692 0.0561899038461538
0 0.6995192307692307 0.5757211538461539 0.0339543269230769 0.0552884615384615
0 0.6117788461538461 0.0576923076923076 0.0264423076923076 0.0621995192307692
0 0.8185096153846154 0.6358173076923077 0.040264423076923 0.0549879807692307
0 0.7932692307692307 0.7019230769230769 0.0288461538461538 0.0492788461538461
0 0.6646634615384616 0.8100961538461539 0.0354567307692307 0.0631009615384615
0 0.328125 0.6418269230769231 0.0270432692307692 0.0528846153846153
0 0.2644230769230769 0.6370192307692307 0.0327524038461538 0.0570913461538461
0 0.1875 0.421875 0.0387620192307692 0.0609975961538461
0 0.2379807692307692 0.3137019230769231 0.0333533653846153 0.0432692307692307
0 0.1009615384615384 0.375 0.0243389423076923 0.0573918269230769
