0 0.6057692307692307 0.6514423076923077 0.0342548076923076 0.0534855769230769
0 0.6418269230769231 0.6466346153846154 0.0249399038461538 0.0573918269230769
0 0.7055288461538461 0.5901442307692307 0.0357572115384615 0.0552884615384615
0 0.6177884615384616 0.0721153846153846 0.0336538461538461 0.0628004807692307
0 0.8245192307692307 0.6514423076923077 0.0384615384615384 0.0537860576923076
0 0.7992788461538461 0.7175480769230769 0.0240384615384615 0.0504807692307692
0 0.6706730769230769 0.8245192307692307 0.0390625 0.0631009615384615
0 0.3341346153846153 0.65625 0.0252403846153846 0.0528846153846153
0 0.2704326923076923 0.6514423076923077 0.0315504807692307 0.0570913461538461
0 0.1947115384615384 0.4362980769230769 0.0375600961538461 0.0609975961538461
0 0.2439903846153846 0.3293269230769231 0.03515625 0.0438701923076923
0 0.1069711538461538 0.390625 0.0321514423076923 0.0591947115384615
