0 0.0877403846153846 0.5252403846153846 0.165264423076923 0.16015625
0 0.1129807692307692 0.7367788461538461 0.0775240384615384 0.0591947115384615
0 0.0889423076923077 0.8966346153846154 0.0486778846153846 0.0522836538461538
0 0.2524038461538461 0.5108173076923077 0.0537860576923076 0.0513822115384615
0 0.3341346153846153 0.46875 0.0811298076923077 0.1063701923076923
0 0.8064903846153846 0.2860576923076923 0.1009615384615384 0.0826322115384615
0 0.7019230769230769 0.5625 0.1051682692307692 0.0661057692307692
0 0.5661057692307693 0.7427884615384616 0.0934495192307692 0.1021634615384615
0 0.3990384615384615 0.8221153846153846 0.0961538461538461 0.0811298076923077
0 0.4206730769230769 0.9230769230769232 0.0817307692307692 0.1538461538461538
0 0.4326923076923077 0.2271634615384615 0.0489783653846153 0.0513822115384615
0 0.4146634615384615 0.2716346153846153 0.0721153846153846 0.0621995192307692
