0 0.0721153846153846 0.5252403846153846 0.1442307692307692 0.1610576923076923
0 0.0865384615384615 0.7415865384615384 0.08203125 0.0643028846153846
0 0.0625 0.9050480769230768 0.0489783653846153 0.0513822115384615
0 0.2283653846153846 0.5108173076923077 0.0528846153846153 0.0462740384615384
0 0.3125 0.4675480769230769 0.0730168269230769 0.1057692307692307
0 0.7944711538461539 0.28125 0.1033653846153846 0.0829326923076923
0 0.6875 0.5637019230769231 0.110576923076923 0.0736177884615384
0 0.5492788461538461 0.7487980769230769 0.0847355769230769 0.098858173076923
0 0.3786057692307692 0.828125 0.0934495192307692 0.0748197115384615
0 0.4002403846153846 0.9254807692307692 0.0889423076923077 0.1490384615384615
0 0.4122596153846153 0.2211538461538461 0.0552884615384615 0.0576923076923076
0 0.3942307692307692 0.2668269230769231 0.0724158653846153 0.0618990384615384
