0 0.7067307692307693 0.1045673076923077 0.0730168269230769 0.1463341346153846
0 0.7079326923076923 0.4387019230769231 0.0625 0.0751201923076923
0 0.6442307692307693 0.40625 0.0712139423076923 0.0621995192307692
0 0.7752403846153846 0.4411057692307692 0.0625 0.0739182692307692
0 0.8822115384615384 0.5805288461538461 0.0670072115384615 0.0841346153846153
0 0.3990384615384615 0.5444711538461539 0.067608173076923 0.079326923076923
0 0.2872596153846153 0.5444711538461539 0.0673076923076923 0.0790264423076923
0 0.1947115384615384 0.4807692307692308 0.0621995192307692 0.0618990384615384
0 0.219951923076923 0.6213942307692307 0.0658052884615384 0.0691105769230769
0 0.2872596153846153 0.7175480769230769 0.0745192307692307 0.0790264423076923
0 0.2908653846153846 0.8641826923076923 0.0856370192307692 0.0982572115384615
0 0.7487980769230769 0.828125 0.0790264423076923 0.1556490384615384
