0 0.2055288461538461 0.3461538461538461 0.3158052884615384 0.171875
0 0.2716346153846153 0.640625 0.4846754807692308 0.4831730769230769
0 0.1201923076923077 0.8161057692307693 0.1349158653846154 0.0985576923076923
0 0.1129807692307692 0.924278846153846 0.1577524038461538 0.1319110576923076
0 0.2367788461538461 0.7992788461538461 0.0609975961538461 0.0652043269230769
0 0.2379807692307692 0.8858173076923077 0.0573918269230769 0.0600961538461538
0 0.2103365384615384 0.9423076923076924 0.0646033653846153 0.0387620192307692
0 0.75 0.6983173076923077 0.0631009615384615 0.0594951923076923
0 0.8257211538461539 0.6971153846153846 0.0646033653846153 0.0576923076923076
0 0.3004807692307692 0.4014423076923077 0.0670072115384615 0.0576923076923076
0 0.1610576923076923 0.796875 0.0673076923076923 0.0555889423076923
