0 0.1923076923076923 0.3581730769230769 0.3019831730769231 0.149639423076923
0 0.2560096153846153 0.6418269230769231 0.4359975961538461 0.4378004807692308
0 0.110576923076923 0.8100961538461539 0.1240985576923077 0.0772235576923077
0 0.1033653846153846 0.9146634615384616 0.153545673076923 0.1283052884615384
0 0.2223557692307692 0.7944711538461539 0.0646033653846153 0.0652043269230769
0 0.2235576923076923 0.8774038461538461 0.0522836538461538 0.0528846153846153
0 0.1971153846153846 0.9326923076923076 0.06640625 0.04296875
0 0.7163461538461539 0.6971153846153846 0.0567908653846153 0.051983173076923
0 0.7896634615384616 0.6959134615384616 0.0694110576923077 0.0649038461538461
0 0.2836538461538461 0.4110576923076923 0.067608173076923 0.0615985576923076
0 0.1490384615384615 0.7932692307692307 0.0625 0.0528846153846153
