0 0.3353365384615384 0.9146634615384616 0.0850360576923077 0.0703125
0 0.3149038461538461 0.7788461538461539 0.0823317307692307 0.0778245192307692
0 0.3100961538461538 0.6454326923076923 0.0576923076923076 0.0652043269230769
0 0.3497596153846153 0.6334134615384616 0.0658052884615384 0.0673076923076923
0 0.3521634615384615 0.5637019230769231 0.0510817307692307 0.05078125
0 0.3557692307692308 0.4134615384615384 0.0579927884615384 0.0531850961538461
0 0.2427884615384615 0.1286057692307692 0.0862379807692307 0.1274038461538461
0 0.7560096153846154 0.1310096153846154 0.0700120192307692 0.1216947115384615
0 0.8365384615384616 0.3533653846153846 0.0631009615384615 0.0615985576923076
0 0.7391826923076923 0.3978365384615384 0.0691105769230769 0.0694110576923077
0 0.7259615384615384 0.4831730769230769 0.05859375 0.0384615384615384
0 0.7944711538461539 0.5360576923076923 0.0703125 0.0576923076923076
0 0.6694711538461539 0.6021634615384616 0.0459735576923076 0.0432692307692307
