0 0.6382211538461539 0.4567307692307692 0.0646033653846153 0.0667067307692307
0 0.6286057692307693 0.359375 0.0543870192307692 0.0625
0 0.5817307692307693 0.3485576923076923 0.0300480769230769 0.0345552884615384
0 0.6286057692307693 0.2223557692307692 0.03125 0.0411658653846153
0 0.7163461538461539 0.1706730769230769 0.0423677884615384 0.0522836538461538
0 0.7620192307692307 0.1646634615384615 0.0534855769230769 0.0546875
0 0.7199519230769231 0.6502403846153846 0.0384615384615384 0.0543870192307692
0 0.34375 0.2295673076923076 0.0489783653846153 0.0369591346153846
0 0.1682692307692307 0.3545673076923077 0.1150841346153846 0.0880408653846153
0 0.2776442307692308 0.6670673076923077 0.0360576923076923 0.0504807692307692
0 0.375 0.765625 0.0393629807692307 0.0408653846153846
0 0.3918269230769231 0.7860576923076923 0.0393629807692307 0.0528846153846153
0 0.4146634615384615 0.7211538461538461 0.0465745192307692 0.044170673076923
0 0.4939903846153846 0.7199519230769231 0.0384615384615384 0.0417668269230769
0 0.5120192307692307 0.6057692307692307 0.0534855769230769 0.0471754807692307
0 0.5961538461538461 0.7644230769230769 0.05859375 0.0492788461538461
0 0.6262019230769231 0.7860576923076923 0.040264423076923 0.0631009615384615
0 0.6670673076923077 0.7415865384615384 0.040264423076923 0.0453725961538461
0 0.7151442307692307 0.3569711538461538 0.0528846153846153 0.0561899038461538
0 0.7115384615384616 0.4086538461538461 0.0381610576923076 0.0381610576923076
