0 0.6358173076923077 0.4519230769230769 0.0646033653846153 0.0670072115384615
0 0.6262019230769231 0.3557692307692308 0.0495793269230769 0.0588942307692307
0 0.5793269230769231 0.3449519230769231 0.0378605769230769 0.0405649038461538
0 0.625 0.219951923076923 0.0330528846153846 0.0417668269230769
0 0.7127403846153846 0.1682692307692307 0.0399639423076923 0.0489783653846153
0 0.7584134615384616 0.1634615384615384 0.0510817307692307 0.051983173076923
0 0.7163461538461539 0.6430288461538461 0.0294471153846153 0.048076923076923
0 0.34375 0.2271634615384615 0.0489783653846153 0.0369591346153846
0 0.1694711538461538 0.3509615384615384 0.118389423076923 0.0967548076923077
0 0.2788461538461538 0.6598557692307693 0.0390625 0.05078125
0 0.375 0.7584134615384616 0.04296875 0.0411658653846153
0 0.3918269230769231 0.7776442307692307 0.0426682692307692 0.0513822115384615
0 0.4146634615384615 0.7139423076923077 0.0510817307692307 0.051983173076923
0 0.4927884615384615 0.7115384615384616 0.0381610576923076 0.0426682692307692
0 0.5096153846153846 0.5997596153846154 0.0525841346153846 0.0453725961538461
0 0.59375 0.7560096153846154 0.0570913461538461 0.048076923076923
0 0.6237980769230769 0.7776442307692307 0.0432692307692307 0.0640024038461538
0 0.6646634615384616 0.734375 0.040264423076923 0.0453725961538461
0 0.7115384615384616 0.3533653846153846 0.051983173076923 0.0570913461538461
0 0.7079326923076923 0.4050480769230769 0.0336538461538461 0.03515625
