0 0.6502403846153846 0.4399038461538461 0.0658052884615384 0.0682091346153846
0 0.640625 0.3401442307692308 0.0555889423076923 0.0649038461538461
0 0.5913461538461539 0.3293269230769231 0.0333533653846153 0.0342548076923076
0 0.6394230769230769 0.1983173076923076 0.0375600961538461 0.0465745192307692
0 0.7307692307692307 0.1442307692307692 0.0432692307692307 0.0525841346153846
0 0.7776442307692307 0.1394230769230769 0.0555889423076923 0.0567908653846153
0 0.734375 0.640625 0.0399639423076923 0.0546875
0 0.3449519230769231 0.2067307692307692 0.0543870192307692 0.0426682692307692
0 0.1634615384615384 0.3353365384615384 0.1201923076923077 0.0934495192307692
0 0.2776442307692308 0.6586538461538461 0.0447716346153846 0.0567908653846153
0 0.3774038461538461 0.7596153846153846 0.0432692307692307 0.0435697115384615
0 0.3954326923076923 0.78125 0.0414663461538461 0.0531850961538461
0 0.4194711538461538 0.7139423076923077 0.0546875 0.0516826923076923
0 0.5 0.7127403846153846 0.0423677884615384 0.0450721153846153
0 0.5192307692307693 0.5949519230769231 0.0573918269230769 0.05078125
0 0.6057692307692307 0.7584134615384616 0.0618990384615384 0.05078125
0 0.6382211538461539 0.7800480769230769 0.0453725961538461 0.0655048076923077
0 0.6802884615384616 0.7355769230769231 0.0435697115384615 0.0483774038461538
0 0.7295673076923077 0.3377403846153846 0.05078125 0.055889423076923
0 0.7247596153846154 0.3918269230769231 0.0360576923076923 0.0348557692307692
