0 0.3269230769230769 0.6550480769230769 0.0634014423076923 0.0847355769230769
0 0.34375 0.4759615384615384 0.0420673076923076 0.078125
0 0.2560096153846153 0.1706730769230769 0.0609975961538461 0.1487379807692307
0 0.5576923076923077 0.4783653846153846 0.0631009615384615 0.0865384615384615
0 0.4447115384615384 0.6610576923076923 0.06640625 0.0901442307692307
0 0.4963942307692308 0.7920673076923077 0.0697115384615384 0.0784254807692307
0 0.6802884615384616 0.5685096153846154 0.0618990384615384 0.0913461538461538
0 0.8076923076923077 0.5709134615384616 0.0757211538461538 0.0796274038461538
0 0.9723557692307692 0.5396634615384616 0.0552884615384615 0.0841346153846153
0 0.9735576923076924 0.7524038461538461 0.0528846153846153 0.0817307692307692
0 0.7451923076923077 0.953125 0.0579927884615384 0.0928485576923077
