0 0.3329326923076923 0.4879807692307692 0.075420673076923 0.0631009615384615
0 0.4230769230769231 0.6009615384615384 0.01953125 0.0339543269230769
0 0.4771634615384615 0.6490384615384616 0.0288461538461538 0.0393629807692307
0 0.5673076923076923 0.6550480769230769 0.0240384615384615 0.0315504807692307
0 0.5348557692307693 0.6814903846153846 0.0258413461538461 0.0288461538461538
0 0.5228365384615384 0.7391826923076923 0.0318509615384615 0.0408653846153846
0 0.546875 0.7139423076923077 0.0321514423076923 0.0282451923076923
0 0.59375 0.7175480769230769 0.0330528846153846 0.0447716346153846
0 0.5504807692307693 0.7463942307692307 0.0201322115384615 0.0240384615384615
0 0.5384615384615384 0.7776442307692307 0.0300480769230769 0.0309495192307692
0 0.4831730769230769 0.7800480769230769 0.028545673076923 0.0309495192307692
0 0.4831730769230769 0.8149038461538461 0.024639423076923 0.028545673076923
0 0.4278846153846153 0.7692307692307693 0.028545673076923 0.0393629807692307
0 0.4098557692307692 0.7932692307692307 0.0453725961538461 0.0390625
0 0.3701923076923077 0.7884615384615384 0.0333533653846153 0.0396634615384615
0 0.5805288461538461 0.2824519230769231 0.0357572115384615 0.0462740384615384
0 0.6358173076923077 0.203125 0.0225360576923076 0.0321514423076923
0 0.6382211538461539 0.2692307692307692 0.0270432692307692 0.0375600961538461
0 0.6430288461538461 0.3028846153846153 0.0306490384615384 0.0249399038461538
0 0.6298076923076923 0.3617788461538461 0.028545673076923 0.0306490384615384
0 0.3689903846153846 0.2007211538461538 0.02734375 0.02734375
0 0.3786057692307692 0.2391826923076923 0.0216346153846153 0.0315504807692307
0 0.3870192307692308 0.2548076923076923 0.0252403846153846 0.0345552884615384
0 0.4086538461538461 0.2872596153846153 0.0279447115384615 0.0321514423076923
0 0.3810096153846153 0.3233173076923077 0.0258413461538461 0.0315504807692307
0 0.3449519230769231 0.2944711538461538 0.0258413461538461 0.0321514423076923
0 0.3293269230769231 0.2427884615384615 0.0240384615384615 0.0345552884615384
0 0.3064903846153846 0.2848557692307692 0.0177283653846153 0.0177283653846153
0 0.3100961538461538 0.2908653846153846 0.0192307692307692 0.028545673076923
0 0.3725961538461538 0.3822115384615384 0.0282451923076923 0.0330528846153846
0 0.375 0.4182692307692308 0.0387620192307692 0.048076923076923
0 0.2572115384615384 0.2692307692307692 0.0288461538461538 0.0393629807692307
0 0.2259615384615384 0.2716346153846153 0.0288461538461538 0.0330528846153846
0 0.3209134615384615 0.063701923076923 0.0288461538461538 0.0802283653846153
