0 0.3317307692307692 0.4819711538461538 0.0679086538461538 0.0549879807692307
0 0.4206730769230769 0.5925480769230769 0.0231370192307692 0.036358173076923
0 0.4735576923076923 0.640625 0.024639423076923 0.0384615384615384
0 0.5625 0.6466346153846154 0.0288461538461538 0.0342548076923076
0 0.53125 0.6730769230769231 0.0252403846153846 0.0291466346153846
0 0.5180288461538461 0.7295673076923077 0.0318509615384615 0.0399639423076923
0 0.5420673076923077 0.7055288461538461 0.03515625 0.03125
0 0.5889423076923077 0.7091346153846154 0.0288461538461538 0.0426682692307692
0 0.5456730769230769 0.7379807692307693 0.0231370192307692 0.024639423076923
0 0.5336538461538461 0.7680288461538461 0.0294471153846153 0.02734375
0 0.4795673076923077 0.7704326923076923 0.0288461538461538 0.0321514423076923
0 0.4795673076923077 0.8052884615384616 0.0264423076923076 0.0282451923076923
0 0.4242788461538461 0.7596153846153846 0.0315504807692307 0.0390625
0 0.40625 0.7836538461538461 0.0420673076923076 0.0378605769230769
0 0.3677884615384615 0.7788461538461539 0.0339543269230769 0.0393629807692307
0 0.5757211538461539 0.2776442307692308 0.03515625 0.0456730769230769
0 0.6310096153846154 0.1995192307692307 0.0255408653846153 0.0345552884615384
0 0.6322115384615384 0.265625 0.024639423076923 0.0357572115384615
0 0.6382211538461539 0.2980769230769231 0.0267427884615384 0.0243389423076923
0 0.625 0.3557692307692308 0.028545673076923 0.028545673076923
0 0.3665865384615384 0.1971153846153846 0.0309495192307692 0.0300480769230769
0 0.3762019230769231 0.235576923076923 0.0216346153846153 0.0333533653846153
0 0.3834134615384615 0.25 0.0288461538461538 0.0375600961538461
0 0.4050480769230769 0.2824519230769231 0.0258413461538461 0.0321514423076923
0 0.3786057692307692 0.3185096153846153 0.0222355769230769 0.0315504807692307
0 0.34375 0.2896634615384615 0.0282451923076923 0.03515625
0 0.3269230769230769 0.2379807692307692 0.024639423076923 0.0342548076923076
0 0.3052884615384615 0.2800480769230769 0.01953125 0.020733173076923
0 0.3076923076923077 0.2860576923076923 0.0234375 0.0282451923076923
0 0.3701923076923077 0.3774038461538461 0.0234375 0.0294471153846153
0 0.3725961538461538 0.4122596153846153 0.0393629807692307 0.048076923076923
0 0.2560096153846153 0.2644230769230769 0.0258413461538461 0.0384615384615384
0 0.2247596153846154 0.2668269230769231 0.0288461538461538 0.0330528846153846
0 0.3185096153846153 0.0612980769230769 0.0384615384615384 0.079326923076923
