0 0.2800480769230769 0.219951923076923 0.0700120192307692 0.0700120192307692
0 0.3846153846153846 0.2463942307692307 0.067608173076923 0.0706129807692307
0 0.2872596153846153 0.4675480769230769 0.0706129807692307 0.0649038461538461
0 0.390625 0.6454326923076923 0.0576923076923076 0.0625
0 0.3341346153846153 0.671875 0.0769230769230769 0.0706129807692307
0 0.1862980769230769 0.6466346153846154 0.0700120192307692 0.0814302884615384
0 0.2620192307692308 0.828125 0.071514423076923 0.07421875
0 0.2632211538461538 0.9254807692307692 0.07421875 0.091045673076923
0 0.6658653846153846 0.6454326923076923 0.0474759615384615 0.0796274038461538
0 0.7632211538461539 0.6466346153846154 0.0700120192307692 0.0760216346153846
0 0.8269230769230769 0.5841346153846154 0.0625 0.051983173076923
0 0.828125 0.4951923076923077 0.0802283653846153 0.071514423076923
0 0.7680288461538461 0.0504807692307692 0.0694110576923077 0.0916466346153846
