0 0.2872596153846153 0.2127403846153846 0.075420673076923 0.075420673076923
0 0.390625 0.2391826923076923 0.0784254807692307 0.0802283653846153
0 0.2944711538461538 0.4579326923076923 0.0769230769230769 0.0739182692307692
0 0.3966346153846153 0.6346153846153846 0.0634014423076923 0.067608173076923
0 0.3401442307692308 0.6598557692307693 0.0694110576923077 0.0643028846153846
0 0.1947115384615384 0.6358173076923077 0.071514423076923 0.0799278846153846
0 0.2692307692307692 0.8149038461538461 0.0634014423076923 0.0679086538461538
0 0.2704326923076923 0.9122596153846154 0.059795673076923 0.0838341346153846
0 0.6682692307692307 0.6334134615384616 0.0588942307692307 0.0835336538461538
0 0.7644230769230769 0.6346153846153846 0.0661057692307692 0.0721153846153846
0 0.828125 0.5733173076923077 0.0649038461538461 0.0549879807692307
0 0.8293269230769231 0.4855769230769231 0.0763221153846153 0.0634014423076923
0 0.7704326923076923 0.0456730769230769 0.07421875 0.0913461538461538
