0 0.7367788461538461 0.971153846153846 0.1610576923076923 0.0576923076923076
0 0.4290865384615384 0.6983173076923077 0.1168870192307692 0.0603966346153846
0 0.4170673076923077 0.6478365384615384 0.1265024038461538 0.0652043269230769
0 0.2992788461538461 0.5625 0.08984375 0.0372596153846153
0 0.6310096153846154 0.5360576923076923 0.1087740384615384 0.0432692307692307
0 0.15625 0.4387019230769231 0.1153846153846153 0.0357572115384615
0 0.2331730769230769 0.4783653846153846 0.0817307692307692 0.0327524038461538
0 0.3918269230769231 0.4326923076923077 0.1189903846153846 0.0537860576923076
0 0.5997596153846154 0.2007211538461538 0.1268028846153846 0.1030649038461538
0 0.157451923076923 0.3088942307692308 0.0931490384615384 0.0432692307692307
