0 0.953125 0.5588942307692307 0.0546875 0.0697115384615384
0 0.6814903846153846 0.359375 0.0835336538461538 0.0700120192307692
0 0.7932692307692307 0.3641826923076923 0.0342548076923076 0.0513822115384615
0 0.8473557692307693 0.3629807692307692 0.0399639423076923 0.0540865384615384
0 0.4254807692307692 0.2764423076923077 0.0522836538461538 0.0673076923076923
0 0.4699519230769231 0.2740384615384615 0.0408653846153846 0.0477764423076923
0 0.4903846153846153 0.4699519230769231 0.0474759615384615 0.0688100961538461
0 0.4915865384615384 0.6418269230769231 0.048076923076923 0.0612980769230769
0 0.4807692307692308 0.5564903846153846 0.0435697115384615 0.0640024038461538
0 0.3725961538461538 0.5516826923076923 0.0438701923076923 0.0640024038461538
0 0.1382211538461538 0.3052884615384615 0.0646033653846153 0.0615985576923076
0 0.3329326923076923 0.3004807692307692 0.0528846153846153 0.0615985576923076
0 0.3341346153846153 0.3677884615384615 0.0483774038461538 0.0576923076923076
0 0.3894230769230769 0.4411057692307692 0.0576923076923076 0.0546875
