0 0.5408653846153846 0.2067307692307692 0.0528846153846153 0.0724158653846153
0 0.3377403846153846 0.1814903846153846 0.0600961538461538 0.0838341346153846
0 0.2307692307692307 0.1670673076923076 0.0718149038461538 0.0736177884615384
0 0.2740384615384615 0.3173076923076923 0.06640625 0.078125
0 0.1610576923076923 0.2692307692307692 0.0625 0.0763221153846153
0 0.359375 0.5360576923076923 0.059795673076923 0.0868389423076923
0 0.2391826923076923 0.8137019230769231 0.0673076923076923 0.0796274038461538
0 0.2716346153846153 0.9411057692307692 0.0477764423076923 0.0913461538461538
0 0.5384615384615384 0.4747596153846153 0.0579927884615384 0.0787259615384615
0 0.6153846153846154 0.4627403846153846 0.0570913461538461 0.0883413461538461
0 0.6923076923076923 0.4603365384615384 0.0588942307692307 0.0886418269230769
0 0.7007211538461539 0.7536057692307693 0.0561899038461538 0.079326923076923
0 0.7019230769230769 0.8762019230769231 0.05859375 0.0940504807692307
0 0.8954326923076923 0.3930288461538461 0.0591947115384615 0.079326923076923
