0 0.6298076923076923 0.0661057692307692 0.0625 0.0745192307692307
0 0.2620192307692308 0.1189903846153846 0.0477764423076923 0.040264423076923
0 0.3100961538461538 0.2223557692307692 0.0525841346153846 0.0498798076923076
0 0.0985576923076923 0.1862980769230769 0.0435697115384615 0.0414663461538461
0 0.0552884615384615 0.2992788461538461 0.0618990384615384 0.048076923076923
0 0.140625 0.3088942307692308 0.0625 0.0591947115384615
0 0.2379807692307692 0.3028846153846153 0.1018629807692307 0.0576923076923076
0 0.3293269230769231 0.3100961538461538 0.0618990384615384 0.0618990384615384
0 0.6418269230769231 0.3016826923076923 0.0621995192307692 0.0465745192307692
0 0.6850961538461539 0.375 0.0634014423076923 0.0576923076923076
0 0.6826923076923077 0.4603365384615384 0.0588942307692307 0.0594951923076923
0 0.7644230769230769 0.3461538461538461 0.0570913461538461 0.0390625
0 0.9074519230769232 0.34375 0.0504807692307692 0.0525841346153846
0 0.7788461538461539 0.2920673076923077 0.0576923076923076 0.036358173076923
0 0.7680288461538461 0.2295673076923076 0.0552884615384615 0.0543870192307692
0 0.2427884615384615 0.6225961538461539 0.0721153846153846 0.1102764423076923
0 0.3100961538461538 0.6478365384615384 0.0570913461538461 0.0447716346153846
0 0.1754807692307692 0.6790865384615384 0.0628004807692307 0.0838341346153846
0 0.2055288461538461 0.7403846153846154 0.0700120192307692 0.0625
0 0.6141826923076923 0.5600961538461539 0.1421274038461538 0.0628004807692307
0 0.7728365384615384 0.5588942307692307 0.1361177884615384 0.0844350961538461
0 0.5 0.9206730769230768 0.0573918269230769 0.0474759615384615
0 0.6514423076923077 0.9182692307692308 0.0534855769230769 0.0372596153846153
