0 0.6177884615384616 0.0769230769230769 0.0615985576923076 0.0724158653846153
0 0.2427884615384615 0.1310096153846154 0.044170673076923 0.036358173076923
0 0.2920673076923077 0.2367788461538461 0.048076923076923 0.0459735576923076
0 0.0757211538461538 0.1995192307692307 0.0411658653846153 0.04296875
0 0.03125 0.3149038461538461 0.0579927884615384 0.0435697115384615
0 0.1177884615384615 0.3245192307692308 0.0615985576923076 0.0531850961538461
0 0.2175480769230769 0.3185096153846153 0.1072716346153846 0.0591947115384615
0 0.3112980769230769 0.3257211538461538 0.0591947115384615 0.0591947115384615
0 0.6310096153846154 0.3173076923076923 0.0625 0.046875
0 0.6742788461538461 0.3918269230769231 0.0673076923076923 0.0615985576923076
0 0.6730769230769231 0.4795673076923077 0.0679086538461538 0.0652043269230769
0 0.7560096153846154 0.3617788461538461 0.0603966346153846 0.0501802884615384
0 0.9026442307692308 0.3605769230769231 0.05078125 0.0528846153846153
0 0.7704326923076923 0.3076923076923077 0.0640024038461538 0.044170673076923
0 0.7596153846153846 0.2439903846153846 0.0531850961538461 0.0528846153846153
0 0.2223557692307692 0.6454326923076923 0.07421875 0.11328125
0 0.2920673076923077 0.6706730769230769 0.0549879807692307 0.0426682692307692
0 0.1538461538461538 0.703125 0.071514423076923 0.0883413461538461
0 0.1850961538461538 0.7644230769230769 0.071514423076923 0.0621995192307692
0 0.6021634615384616 0.5805288461538461 0.1472355769230769 0.0703125
0 0.7644230769230769 0.5793269230769231 0.1337139423076923 0.071514423076923
0 0.4867788461538461 0.9495192307692308 0.055889423076923 0.044170673076923
0 0.640625 0.9471153846153846 0.0591947115384615 0.0435697115384615
