0 0.6153846153846154 0.0841346153846153 0.0628004807692307 0.0730168269230769
0 0.2463942307692307 0.1370192307692307 0.0465745192307692 0.0378605769230769
0 0.2944711538461538 0.2415865384615384 0.0510817307692307 0.048076923076923
0 0.0817307692307692 0.204326923076923 0.0471754807692307 0.0444711538461538
0 0.0384615384615384 0.3185096153846153 0.0588942307692307 0.0462740384615384
0 0.1237980769230769 0.328125 0.059795673076923 0.0549879807692307
0 0.2223557692307692 0.3221153846153846 0.0994591346153846 0.046875
0 0.3137019230769231 0.3293269230769231 0.0600961538461538 0.0612980769230769
0 0.6286057692307693 0.3209134615384615 0.0646033653846153 0.05078125
0 0.671875 0.3942307692307692 0.0609975961538461 0.0522836538461538
0 0.6694711538461539 0.4807692307692308 0.0688100961538461 0.0667067307692307
0 0.7512019230769231 0.3653846153846153 0.0561899038461538 0.0396634615384615
0 0.8954326923076923 0.3629807692307692 0.0465745192307692 0.0483774038461538
0 0.765625 0.3100961538461538 0.0600961538461538 0.04296875
0 0.7548076923076923 0.2475961538461538 0.051983173076923 0.0489783653846153
0 0.2259615384615384 0.6430288461538461 0.0673076923076923 0.1078725961538461
0 0.2944711538461538 0.6682692307692307 0.0504807692307692 0.0345552884615384
0 0.1586538461538461 0.6995192307692307 0.0661057692307692 0.0826322115384615
0 0.188701923076923 0.7608173076923077 0.0736177884615384 0.0652043269230769
0 0.6009615384615384 0.5805288461538461 0.1484375 0.0796274038461538
0 0.7596153846153846 0.5793269230769231 0.1337139423076923 0.0724158653846153
0 0.4855769230769231 0.9435096153846154 0.0573918269230769 0.0456730769230769
0 0.6382211538461539 0.9411057692307692 0.0549879807692307 0.0354567307692307
