0 0.2860576923076923 0.3581730769230769 0.0576923076923076 0.0634014423076923
0 0.4122596153846153 0.3605769230769231 0.0643028846153846 0.0615985576923076
0 0.4134615384615384 0.5817307692307693 0.0579927884615384 0.0628004807692307
0 0.3858173076923077 0.7043269230769231 0.0609975961538461 0.0628004807692307
0 0.4615384615384615 0.8569711538461539 0.0618990384615384 0.0606971153846153
0 0.4603365384615384 0.7487980769230769 0.0603966346153846 0.0700120192307692
0 0.5456730769230769 0.5805288461538461 0.0621995192307692 0.0673076923076923
0 0.65625 0.5793269230769231 0.0763221153846153 0.0531850961538461
0 0.6526442307692307 0.6682692307692307 0.0694110576923077 0.0625
0 0.7620192307692307 0.6622596153846154 0.0573918269230769 0.0643028846153846
0 0.7632211538461539 0.5384615384615384 0.0561899038461538 0.0567908653846153
0 0.8149038461538461 0.5841346153846154 0.063701923076923 0.0516826923076923
