0 0.3064903846153846 0.3762019230769231 0.0646033653846153 0.0691105769230769
0 0.4314903846153846 0.3786057692307692 0.0591947115384615 0.0552884615384615
0 0.4314903846153846 0.5949519230769231 0.0649038461538461 0.0688100961538461
0 0.4038461538461538 0.7151442307692307 0.0625 0.0643028846153846
0 0.4783653846153846 0.8641826923076923 0.05859375 0.059795673076923
0 0.4783653846153846 0.7584134615384616 0.0570913461538461 0.0673076923076923
0 0.5612980769230769 0.59375 0.0546875 0.05859375
0 0.6694711538461539 0.5925480769230769 0.0745192307692307 0.0552884615384615
0 0.6658653846153846 0.6790865384615384 0.0679086538461538 0.0609975961538461
0 0.7728365384615384 0.6730769230769231 0.0552884615384615 0.0628004807692307
0 0.7740384615384616 0.5528846153846154 0.0588942307692307 0.0588942307692307
0 0.8245192307692307 0.5973557692307693 0.0625 0.0501802884615384
