0 0.7175480769230769 0.9771634615384616 0.0504807692307692 0.0456730769230769
0 0.5576923076923077 0.4314903846153846 0.0615985576923076 0.0652043269230769
0 0.8245192307692307 0.3149038461538461 0.0576923076923076 0.0537860576923076
0 0.8653846153846154 0.1850961538461538 0.044170673076923 0.0483774038461538
0 0.9050480769230768 0.3713942307692308 0.0432692307692307 0.0504807692307692
0 0.8641826923076923 0.5745192307692307 0.0510817307692307 0.0378605769230769
0 0.7331730769230769 0.5733173076923077 0.0483774038461538 0.0384615384615384
0 0.6766826923076923 0.6418269230769231 0.0369591346153846 0.0435697115384615
0 0.5144230769230769 0.3605769230769231 0.0525841346153846 0.044170673076923
0 0.1177884615384615 0.0504807692307692 0.0567908653846153 0.0435697115384615
0 0.1165865384615384 0.1237980769230769 0.0501802884615384 0.02734375
0 0.1322115384615384 0.1466346153846154 0.0486778846153846 0.0444711538461538
