0 0.7596153846153846 0.9567307692307692 0.0567908653846153 0.05859375
0 0.5973557692307693 0.4014423076923077 0.0643028846153846 0.0670072115384615
0 0.8653846153846154 0.2848557692307692 0.0579927884615384 0.0549879807692307
0 0.9074519230769232 0.1526442307692307 0.0417668269230769 0.0465745192307692
0 0.9471153846153846 0.3401442307692308 0.0396634615384615 0.0498798076923076
0 0.9050480769230768 0.5456730769230769 0.0513822115384615 0.0378605769230769
0 0.7740384615384616 0.5444711538461539 0.051983173076923 0.0414663461538461
0 0.7175480769230769 0.6129807692307693 0.0369591346153846 0.0435697115384615
0 0.5540865384615384 0.3293269230769231 0.0528846153846153 0.04296875
0 0.1526442307692307 0.0192307692307692 0.0552884615384615 0.0384615384615384
0 0.1538461538461538 0.0925480769230769 0.0492788461538461 0.0303485576923076
0 0.1706730769230769 0.1153846153846153 0.0537860576923076 0.0528846153846153
