0 0.71875 0.9627403846153846 0.0516826923076923 0.0549879807692307
0 0.5612980769230769 0.421875 0.0546875 0.0594951923076923
0 0.8221153846153846 0.3088942307692308 0.0528846153846153 0.0498798076923076
0 0.8629807692307693 0.1802884615384615 0.0471754807692307 0.0486778846153846
0 0.9014423076923076 0.3629807692307692 0.0435697115384615 0.051983173076923
0 0.8605769230769231 0.5625 0.0528846153846153 0.0426682692307692
0 0.7319711538461539 0.5612980769230769 0.048076923076923 0.040264423076923
0 0.6778846153846154 0.6286057692307693 0.0432692307692307 0.0456730769230769
0 0.5192307692307693 0.3521634615384615 0.0531850961538461 0.0456730769230769
0 0.1310096153846154 0.0492788461538461 0.0546875 0.0447716346153846
0 0.1298076923076923 0.1213942307692307 0.0483774038461538 0.0264423076923076
0 0.1454326923076923 0.1442307692307692 0.0510817307692307 0.0483774038461538
