0 0.5264423076923077 0.1790865384615384 0.0961538461538461 0.059795673076923
0 0.6682692307692307 0.3701923076923077 0.1141826923076923 0.071514423076923
0 0.8401442307692307 0.3822115384615384 0.0946514423076923 0.067608173076923
0 0.5504807692307693 0.5024038461538461 0.1213942307692307 0.0483774038461538
0 0.8245192307692307 0.5600961538461539 0.0817307692307692 0.0573918269230769
0 0.5564903846153846 0.6213942307692307 0.1087740384615384 0.0700120192307692
0 0.6382211538461539 0.7512019230769231 0.1072716346153846 0.0591947115384615
0 0.7223557692307693 0.890625 0.11328125 0.0552884615384615
0 0.5348557692307693 0.8533653846153846 0.0982572115384615 0.0670072115384615
0 0.3088942307692308 0.8533653846153846 0.1075721153846153 0.0727163461538461
