0 0.5396634615384616 0.1682692307692307 0.0991586538461538 0.0625
0 0.6838942307692307 0.3641826923076923 0.1129807692307692 0.0609975961538461
0 0.859375 0.375 0.1036658653846153 0.0817307692307692
0 0.5637019230769231 0.4987980769230769 0.1280048076923076 0.0600961538461538
0 0.84375 0.5576923076923077 0.08203125 0.0582932692307692
0 0.5685096153846154 0.6201923076923077 0.1075721153846153 0.0618990384615384
0 0.6538461538461539 0.7536057692307693 0.106670673076923 0.0546875
0 0.7391826923076923 0.8954326923076923 0.1174879807692307 0.0646033653846153
0 0.546875 0.8569711538461539 0.1024639423076923 0.0673076923076923
0 0.3173076923076923 0.8581730769230769 0.1111778846153846 0.0814302884615384
