0 0.5384615384615384 0.1694711538461538 0.106670673076923 0.0790264423076923
0 0.6850961538461539 0.3689903846153846 0.1159855769230769 0.0691105769230769
0 0.8641826923076923 0.3798076923076923 0.1057692307692307 0.0826322115384615
0 0.5625 0.5060096153846154 0.1298076923076923 0.0606971153846153
0 0.8473557692307693 0.5661057692307693 0.083233173076923 0.0543870192307692
0 0.5685096153846154 0.6298076923076923 0.1135817307692307 0.0760216346153846
0 0.6538461538461539 0.765625 0.1102764423076923 0.0576923076923076
0 0.7415865384615384 0.9110576923076924 0.122295673076923 0.0673076923076923
0 0.5456730769230769 0.8713942307692307 0.1051682692307692 0.0700120192307692
0 0.3112980769230769 0.8725961538461539 0.1057692307692307 0.0625
