0 0.3978365384615384 0.8221153846153846 0.0865384615384615 0.0757211538461538
0 0.6105769230769231 0.8221153846153846 0.0970552884615384 0.094951923076923
0 0.7836538461538461 0.859375 0.1018629807692307 0.0736177884615384
0 0.7151442307692307 0.6887019230769231 0.1078725961538461 0.0799278846153846
0 0.6322115384615384 0.5300480769230769 0.0970552884615384 0.0736177884615384
0 0.6358173076923077 0.3810096153846153 0.0982572115384615 0.0739182692307692
0 0.7439903846153846 0.2151442307692307 0.1057692307692307 0.0841346153846153
0 0.9050480769230768 0.2247596153846154 0.0940504807692307 0.0787259615384615
0 0.265625 0.2487980769230769 0.1265024038461538 0.0691105769230769
0 0.8870192307692307 0.4495192307692308 0.0778245192307692 0.0679086538461538
