0 0.3052884615384615 0.8713942307692307 0.134014423076923 0.0751201923076923
0 0.5288461538461539 0.8389423076923077 0.125 0.0904447115384615
0 0.78125 0.8353365384615384 0.110576923076923 0.0576923076923076
0 0.4014423076923077 0.7331730769230769 0.134014423076923 0.0760216346153846
0 0.4987980769230769 0.6069711538461539 0.1325120192307692 0.0703125
0 0.4963942307692308 0.4891826923076923 0.1228966346153846 0.0546875
0 0.3605769230769231 0.3569711538461538 0.1114783653846153 0.0543870192307692
0 0.1586538461538461 0.3641826923076923 0.1298076923076923 0.07421875
0 0.1923076923076923 0.5420673076923077 0.1102764423076923 0.059795673076923
0 0.53125 0.15625 0.1198918269230769 0.06640625
