0 0.53125 0.1586538461538461 0.1295072115384615 0.1057692307692307
0 0.1442307692307692 0.3173076923076923 0.1051682692307692 0.0778245192307692
0 0.2331730769230769 0.3209134615384615 0.114483173076923 0.075420673076923
0 0.1502403846153846 0.4495192307692308 0.1123798076923077 0.0778245192307692
0 0.6213942307692307 0.6490384615384616 0.11328125 0.0778245192307692
0 0.7908653846153846 0.6478365384615384 0.0964543269230769 0.0640024038461538
0 0.5324519230769231 0.5528846153846154 0.1087740384615384 0.0718149038461538
0 0.3401442307692308 0.640625 0.1201923076923077 0.08984375
0 0.5216346153846154 0.7548076923076923 0.1162860576923077 0.0952524038461538
0 0.5228365384615384 0.8774038461538461 0.1030649038461538 0.0811298076923077
