0 0.2860576923076923 0.4663461538461538 0.0760216346153846 0.0618990384615384
0 0.6009615384615384 0.2271634615384615 0.0877403846153846 0.0703125
0 0.126201923076923 0.2283653846153846 0.0985576923076923 0.0673076923076923
0 0.204326923076923 0.5216346153846154 0.1021634615384615 0.0775240384615384
0 0.15625 0.6538461538461539 0.0772235576923077 0.06640625
0 0.1610576923076923 0.796875 0.0763221153846153 0.0640024038461538
0 0.2836538461538461 0.671875 0.0856370192307692 0.0706129807692307
0 0.3088942307692308 0.5612980769230769 0.0796274038461538 0.0606971153846153
0 0.2980769230769231 0.8064903846153846 0.0760216346153846 0.0652043269230769
0 0.2992788461538461 0.9567307692307692 0.0769230769230769 0.067608173076923
0 0.7680288461538461 0.7475961538461539 0.1072716346153846 0.1337139423076923
