0 0.8798076923076923 0.1658653846153846 0.0856370192307692 0.0826322115384615
0 0.3870192307692308 0.1658653846153846 0.0865384615384615 0.0727163461538461
0 0.2247596153846154 0.4158653846153846 0.083233173076923 0.0733173076923077
0 0.2007211538461538 0.515625 0.0841346153846153 0.0600961538461538
0 0.3112980769230769 0.4795673076923077 0.1009615384615384 0.0748197115384615
0 0.2319711538461538 0.6274038461538461 0.0838341346153846 0.0670072115384615
0 0.3581730769230769 0.6105769230769231 0.0865384615384615 0.0673076923076923
0 0.2127403846153846 0.7692307692307693 0.0850360576923077 0.0670072115384615
0 0.3557692307692308 0.7536057692307693 0.0766225961538461 0.0649038461538461
0 0.2055288461538461 0.9254807692307692 0.0880408653846153 0.0667067307692307
0 0.6959134615384616 0.6995192307692307 0.0994591346153846 0.130108173076923
