0 0.8834134615384616 0.1646634615384615 0.0943509615384615 0.0928485576923077
0 0.3882211538461538 0.1646634615384615 0.0817307692307692 0.0700120192307692
0 0.2247596153846154 0.4170673076923077 0.0748197115384615 0.0673076923076923
0 0.2007211538461538 0.5168269230769231 0.0802283653846153 0.0525841346153846
0 0.3125 0.4795673076923077 0.0970552884615384 0.0649038461538461
0 0.2319711538461538 0.6286057692307693 0.083233173076923 0.0649038461538461
0 0.359375 0.6117788461538461 0.0796274038461538 0.0594951923076923
0 0.2139423076923076 0.7728365384615384 0.0826322115384615 0.059795673076923
0 0.3557692307692308 0.7560096153846154 0.0778245192307692 0.0688100961538461
0 0.2055288461538461 0.9290865384615384 0.0850360576923077 0.0625
0 0.6983173076923077 0.7019230769230769 0.09765625 0.1298076923076923
