0 0.0769230769230769 0.9362980769230768 0.0712139423076923 0.1057692307692307
0 0.1622596153846154 0.7439903846153846 0.07421875 0.0841346153846153
0 0.328125 0.7247596153846154 0.0880408653846153 0.1120793269230769
0 0.4507211538461538 0.75 0.0694110576923077 0.091045673076923
0 0.5697115384615384 0.7307692307692307 0.0829326923076923 0.087139423076923
0 0.4975961538461538 0.6394230769230769 0.0814302884615384 0.1003605769230769
0 0.3425480769230769 0.5829326923076923 0.0931490384615384 0.1033653846153846
0 0.1706730769230769 0.5829326923076923 0.0667067307692307 0.0802283653846153
0 0.2091346153846154 0.2632211538461538 0.0766225961538461 0.1033653846153846
0 0.2776442307692308 0.2632211538461538 0.0769230769230769 0.0943509615384615
0 0.8569711538461539 0.0673076923076923 0.0835336538461538 0.0868389423076923
0 0.8461538461538461 0.5444711538461539 0.0856370192307692 0.0985576923076923
