0 0.0733173076923077 0.9314903846153846 0.083233173076923 0.1078725961538461
0 0.15625 0.7463942307692307 0.0775240384615384 0.0880408653846153
0 0.3161057692307692 0.7283653846153846 0.0748197115384615 0.1021634615384615
0 0.4338942307692308 0.7524038461538461 0.0658052884615384 0.0865384615384615
0 0.5492788461538461 0.734375 0.0769230769230769 0.0817307692307692
0 0.4795673076923077 0.6466346153846154 0.0736177884615384 0.0922475961538461
0 0.3293269230769231 0.5913461538461539 0.0724158653846153 0.0868389423076923
0 0.1646634615384615 0.5913461538461539 0.0625 0.0769230769230769
0 0.2019230769230769 0.2836538461538461 0.0718149038461538 0.1000600961538461
0 0.2680288461538461 0.2848557692307692 0.0655048076923077 0.0865384615384615
0 0.8257211538461539 0.094951923076923 0.0835336538461538 0.0847355769230769
0 0.8149038461538461 0.5540865384615384 0.0868389423076923 0.098858173076923
