0 0.5637019230769231 0.1081730769230769 0.1409254807692307 0.0721153846153846
0 0.1911057692307692 0.1033653846153846 0.0649038461538461 0.0384615384615384
0 0.1971153846153846 0.1478365384615384 0.0808293269230769 0.0504807692307692
0 0.2728365384615384 0.1514423076923076 0.0456730769230769 0.024639423076923
0 0.1947115384615384 0.235576923076923 0.0534855769230769 0.0384615384615384
0 0.2307692307692307 0.6466346153846154 0.0817307692307692 0.0952524038461538
0 0.3509615384615384 0.6057692307692307 0.0531850961538461 0.0483774038461538
0 0.4086538461538461 0.609375 0.0567908653846153 0.0369591346153846
0 0.4771634615384615 0.609375 0.048076923076923 0.036358173076923
0 0.4122596153846153 0.6514423076923077 0.0673076923076923 0.0381610576923076
0 0.5012019230769231 0.7139423076923077 0.0591947115384615 0.0525841346153846
0 0.3990384615384615 0.8088942307692307 0.067608173076923 0.0552884615384615
0 0.2956730769230769 0.8076923076923077 0.063701923076923 0.0570913461538461
0 0.2944711538461538 0.7283653846153846 0.0751201923076923 0.051983173076923
