0 0.4795673076923077 0.1610576923076923 0.0456730769230769 0.044170673076923
0 0.625 0.1802884615384615 0.0588942307692307 0.0444711538461538
0 0.6165865384615384 0.2235576923076923 0.0625 0.0474759615384615
0 0.4158653846153846 0.5600961538461539 0.0528846153846153 0.0474759615384615
0 0.5552884615384616 0.5480769230769231 0.0567908653846153 0.0426682692307692
0 0.6225961538461539 0.5661057692307693 0.0390625 0.0306490384615384
0 0.6670673076923077 0.5637019230769231 0.048076923076923 0.0366586538461538
0 0.6887019230769231 0.4555288461538461 0.0501802884615384 0.0384615384615384
0 0.6959134615384616 0.4951923076923077 0.0546875 0.0531850961538461
0 0.8197115384615384 0.4747596153846153 0.0531850961538461 0.05078125
0 0.7848557692307693 0.5420673076923077 0.048076923076923 0.040264423076923
0 0.7920673076923077 0.5973557692307693 0.0561899038461538 0.0405649038461538
0 0.84375 0.9158653846153846 0.1349158653846154 0.0763221153846153
0 0.4278846153846153 0.8485576923076923 0.0625 0.0528846153846153
0 0.5961538461538461 0.7043269230769231 0.051983173076923 0.0444711538461538
0 0.546875 0.7379807692307693 0.0453725961538461 0.0435697115384615
0 0.4254807692307692 0.7740384615384616 0.071514423076923 0.0670072115384615
0 0.1466346153846154 0.5661057692307693 0.1021634615384615 0.0703125
