0 0.4723557692307692 0.1454326923076923 0.05078125 0.0504807692307692
0 0.6213942307692307 0.1646634615384615 0.0673076923076923 0.0513822115384615
0 0.6129807692307693 0.2103365384615384 0.063701923076923 0.0459735576923076
0 0.4074519230769231 0.5528846153846154 0.0504807692307692 0.04296875
0 0.5504807692307693 0.5408653846153846 0.0534855769230769 0.0387620192307692
0 0.6189903846153846 0.5588942307692307 0.0417668269230769 0.0336538461538461
0 0.6646634615384616 0.5576923076923077 0.0459735576923076 0.0345552884615384
0 0.6862980769230769 0.4459134615384615 0.0528846153846153 0.0417668269230769
0 0.6935096153846154 0.4867788461538461 0.0504807692307692 0.0504807692307692
0 0.8197115384615384 0.4651442307692308 0.0540865384615384 0.0528846153846153
0 0.7848557692307693 0.5336538461538461 0.0504807692307692 0.044170673076923
0 0.7920673076923077 0.5913461538461539 0.055889423076923 0.0384615384615384
0 0.8449519230769231 0.9158653846153846 0.1361177884615384 0.0718149038461538
0 0.4194711538461538 0.8473557692307693 0.0673076923076923 0.0561899038461538
0 0.5925480769230769 0.6995192307692307 0.055889423076923 0.0486778846153846
0 0.5420673076923077 0.7355769230769231 0.0495793269230769 0.0477764423076923
0 0.4182692307692308 0.7716346153846154 0.0718149038461538 0.0673076923076923
0 0.1334134615384615 0.5588942307692307 0.1087740384615384 0.0838341346153846
