0 0.2379807692307692 0.1742788461538461 0.0859375 0.0745192307692307
0 0.5348557692307693 0.173076923076923 0.0943509615384615 0.0778245192307692
0 0.484375 0.6213942307692307 0.0928485576923077 0.0769230769230769
0 0.6370192307692307 0.7271634615384616 0.1063701923076923 0.075420673076923
0 0.6670673076923077 0.6322115384615384 0.0643028846153846 0.0531850961538461
0 0.4927884615384615 0.8810096153846154 0.0925480769230769 0.0847355769230769
0 0.5240384615384616 0.9423076923076924 0.0961538461538461 0.0631009615384615
0 0.2415865384615384 0.4254807692307692 0.07421875 0.0579927884615384
0 0.3197115384615384 0.3389423076923077 0.1048677884615384 0.0811298076923077
0 0.234375 0.5204326923076923 0.0886418269230769 0.0673076923076923
0 0.4074519230769231 0.6959134615384616 0.0886418269230769 0.0700120192307692
