0 0.2271634615384615 0.1586538461538461 0.0841346153846153 0.0721153846153846
0 0.5252403846153846 0.157451923076923 0.0913461538461538 0.0736177884615384
0 0.4747596153846153 0.6045673076923077 0.0928485576923077 0.0769230769230769
0 0.6274038461538461 0.7115384615384616 0.1021634615384615 0.0670072115384615
0 0.6574519230769231 0.6165865384615384 0.0673076923076923 0.0591947115384615
0 0.4831730769230769 0.8653846153846154 0.0907451923076923 0.0811298076923077
0 0.5144230769230769 0.9266826923076924 0.0961538461538461 0.0606971153846153
0 0.2319711538461538 0.4086538461538461 0.0796274038461538 0.067608173076923
0 0.3100961538461538 0.3233173076923077 0.1018629807692307 0.079326923076923
0 0.2247596153846154 0.5036057692307693 0.0892427884615384 0.0697115384615384
0 0.3978365384615384 0.6802884615384616 0.0940504807692307 0.0808293269230769
