0 0.3233173076923077 0.0745192307692307 0.0594951923076923 0.1096754807692307
0 0.1911057692307692 0.2956730769230769 0.0336538461538461 0.044170673076923
0 0.2860576923076923 0.3040865384615384 0.0288461538461538 0.036358173076923
0 0.1310096153846154 0.3954326923076923 0.03515625 0.0510817307692307
0 0.1838942307692307 0.3942307692307692 0.040264423076923 0.0522836538461538
0 0.3581730769230769 0.5300480769230769 0.0420673076923076 0.0591947115384615
0 0.7271634615384616 0.1009615384615384 0.0543870192307692 0.0522836538461538
0 0.8509615384615384 0.1382211538461538 0.0390625 0.0408653846153846
0 0.7632211538461539 0.234375 0.0306490384615384 0.0408653846153846
0 0.7596153846153846 0.296875 0.0390625 0.0510817307692307
0 0.7391826923076923 0.3425480769230769 0.0309495192307692 0.0405649038461538
0 0.8533653846153846 0.3521634615384615 0.0390625 0.0417668269230769
0 0.8918269230769231 0.5817307692307693 0.0393629807692307 0.0300480769230769
0 0.765625 0.7091346153846154 0.036358173076923 0.0384615384615384
0 0.8822115384615384 0.7403846153846154 0.0432692307692307 0.0345552884615384
0 0.5600961538461539 0.6862980769230769 0.0483774038461538 0.0411658653846153
0 0.6129807692307693 0.6634615384615384 0.0345552884615384 0.051983173076923
0 0.5961538461538461 0.7608173076923077 0.0339543269230769 0.048076923076923
0 0.453125 0.7632211538461539 0.0399639423076923 0.0450721153846153
0 0.4098557692307692 0.7860576923076923 0.036358173076923 0.0483774038461538
0 0.5108173076923077 0.8509615384615384 0.0384615384615384 0.0384615384615384
