0 0.7752403846153846 0.375 0.0552884615384615 0.046875
0 0.7536057692307693 0.2115384615384615 0.0417668269230769 0.0534855769230769
0 0.3100961538461538 0.2115384615384615 0.0438701923076923 0.0423677884615384
0 0.3209134615384615 0.5132211538461539 0.0561899038461538 0.0399639423076923
0 0.3617788461538461 0.4495192307692308 0.059795673076923 0.0423677884615384
0 0.3305288461538461 0.5733173076923077 0.0543870192307692 0.040264423076923
0 0.2992788461538461 0.6370192307692307 0.0694110576923077 0.0525841346153846
0 0.3689903846153846 0.7091346153846154 0.059795673076923 0.0438701923076923
0 0.6153846153846154 0.4543269230769231 0.0534855769230769 0.0474759615384615
0 0.7043269230769231 0.4975961538461538 0.032451923076923 0.0438701923076923
0 0.7632211538461539 0.5036057692307693 0.0432692307692307 0.0453725961538461
0 0.8401442307692307 0.4915865384615384 0.059795673076923 0.0411658653846153
0 0.4278846153846153 0.5540865384615384 0.0567908653846153 0.0450721153846153
