0 0.7932692307692307 0.3882211538461538 0.0579927884615384 0.05078125
0 0.7704326923076923 0.219951923076923 0.0456730769230769 0.0576923076923076
0 0.3125 0.219951923076923 0.0528846153846153 0.0498798076923076
0 0.3233173076923077 0.5324519230769231 0.0594951923076923 0.0414663461538461
0 0.3665865384615384 0.4663461538461538 0.0600961538461538 0.0384615384615384
0 0.3341346153846153 0.59375 0.0537860576923076 0.0387620192307692
0 0.3016826923076923 0.6598557692307693 0.07421875 0.0552884615384615
0 0.3737980769230769 0.734375 0.0640024038461538 0.0447716346153846
0 0.6274038461538461 0.4711538461538461 0.0567908653846153 0.0483774038461538
0 0.71875 0.515625 0.0345552884615384 0.048076923076923
0 0.7800480769230769 0.5228365384615384 0.0462740384615384 0.0465745192307692
0 0.8605769230769231 0.5096153846153846 0.0618990384615384 0.0396634615384615
0 0.4350961538461538 0.5745192307692307 0.0615985576923076 0.0483774038461538
