0 0.4759615384615384 0.1598557692307692 0.0682091346153846 0.0796274038461538
0 0.6394230769230769 0.1658653846153846 0.0952524038461538 0.1012620192307692
0 0.7908653846153846 0.4038461538461538 0.0730168269230769 0.0856370192307692
0 0.3305288461538461 0.5348557692307693 0.0883413461538461 0.0748197115384615
0 0.1935096153846154 0.6346153846153846 0.0769230769230769 0.0631009615384615
0 0.390625 0.6141826923076923 0.0736177884615384 0.0688100961538461
0 0.5060096153846154 0.5985576923076923 0.0498798076923076 0.0534855769230769
0 0.6165865384615384 0.546875 0.0802283653846153 0.0886418269230769
0 0.5432692307692307 0.2463942307692307 0.0964543269230769 0.08984375
0 0.6153846153846154 0.6875 0.0859375 0.0814302884615384
0 0.2740384615384615 0.8822115384615384 0.0868389423076923 0.0913461538461538
