0 0.0204326923076923 0.6237980769230769 0.0408653846153846 0.0649038461538461
0 0.0841346153846153 0.6310096153846154 0.0471754807692307 0.0652043269230769
0 0.1875 0.6334134615384616 0.0387620192307692 0.0658052884615384
0 0.2415865384615384 0.6346153846153846 0.0360576923076923 0.0582932692307692
0 0.2055288461538461 0.7716346153846154 0.0501802884615384 0.0576923076923076
0 0.3870192307692308 0.75 0.0390625 0.0588942307692307
0 0.4158653846153846 0.7800480769230769 0.015625 0.0261418269230769
0 0.4435096153846153 0.7980769230769231 0.0408653846153846 0.0537860576923076
0 0.4338942307692308 0.924278846153846 0.0528846153846153 0.0748197115384615
0 0.4591346153846153 0.1778846153846154 0.0528846153846153 0.0772235576923077
0 0.7776442307692307 0.1766826923076923 0.0549879807692307 0.0838341346153846
0 0.8245192307692307 0.390625 0.0570913461538461 0.0841346153846153
0 0.8365384615384616 0.5456730769230769 0.048076923076923 0.0582932692307692
0 0.8605769230769231 0.4903846153846153 0.0474759615384615 0.0573918269230769
0 0.7800480769230769 0.5961538461538461 0.0561899038461538 0.0631009615384615
0 0.8221153846153846 0.6598557692307693 0.0576923076923076 0.0751201923076923
0 0.4194711538461538 0.6274038461538461 0.0510817307692307 0.0483774038461538
