0 0.0444711538461538 0.5997596153846154 0.0411658653846153 0.0600961538461538
0 0.110576923076923 0.6069711538461539 0.0534855769230769 0.0658052884615384
0 0.2103365384615384 0.6081730769230769 0.0309495192307692 0.0625
0 0.2632211538461538 0.609375 0.03125 0.0555889423076923
0 0.2283653846153846 0.7439903846153846 0.0474759615384615 0.0549879807692307
0 0.4074519230769231 0.7235576923076923 0.0366586538461538 0.05859375
0 0.4350961538461538 0.7524038461538461 0.0189302884615384 0.024639423076923
0 0.4615384615384615 0.7704326923076923 0.0393629807692307 0.0546875
0 0.4519230769230769 0.8930288461538461 0.0537860576923076 0.0745192307692307
0 0.4771634615384615 0.1622596153846154 0.0501802884615384 0.07421875
0 0.7884615384615384 0.1622596153846154 0.0573918269230769 0.0796274038461538
0 0.8353365384615384 0.3713942307692308 0.0456730769230769 0.079326923076923
0 0.8461538461538461 0.5228365384615384 0.0381610576923076 0.0549879807692307
0 0.8701923076923077 0.46875 0.0423677884615384 0.0528846153846153
0 0.7908653846153846 0.5721153846153846 0.0534855769230769 0.05859375
0 0.8329326923076923 0.6346153846153846 0.0549879807692307 0.0724158653846153
0 0.4375 0.6033653846153846 0.0534855769230769 0.0516826923076923
