0 0.0588942307692307 0.1213942307692307 0.0366586538461538 0.0721153846153846
0 0.0600961538461538 0.2692307692307692 0.0330528846153846 0.0625
0 0.2524038461538461 0.2548076923076923 0.0477764423076923 0.0763221153846153
0 0.3028846153846153 0.2548076923076923 0.0297475961538461 0.0721153846153846
0 0.0973557692307692 0.4975961538461538 0.0306490384615384 0.0721153846153846
0 0.1358173076923076 0.3521634615384615 0.0510817307692307 0.0700120192307692
0 0.4603365384615384 0.4903846153846153 0.0447716346153846 0.0679086538461538
0 0.4807692307692308 0.5829326923076923 0.0471754807692307 0.0655048076923077
0 0.4182692307692308 0.5216346153846154 0.0375600961538461 0.0534855769230769
0 0.4194711538461538 0.5925480769230769 0.0336538461538461 0.0552884615384615
0 0.46875 0.71875 0.0249399038461538 0.071514423076923
0 0.4723557692307692 0.8822115384615384 0.0552884615384615 0.091045673076923
0 0.7908653846153846 0.4435096153846153 0.0384615384615384 0.0655048076923077
0 0.8257211538461539 0.3377403846153846 0.03125 0.0546875
0 0.8822115384615384 0.375 0.044170673076923 0.0763221153846153
0 0.8545673076923077 0.5204326923076923 0.0450721153846153 0.0549879807692307
0 0.5949519230769231 0.4411057692307692 0.0270432692307692 0.0414663461538461
0 0.6201923076923077 0.4459134615384615 0.0330528846153846 0.0528846153846153
