0 0.0204326923076923 0.1153846153846153 0.0384615384615384 0.0730168269230769
0 0.0204326923076923 0.2644230769230769 0.0408653846153846 0.0673076923076923
0 0.2163461538461538 0.2512019230769231 0.0396634615384615 0.0748197115384615
0 0.2668269230769231 0.2512019230769231 0.0348557692307692 0.0748197115384615
0 0.0588942307692307 0.4987980769230769 0.0369591346153846 0.075420673076923
0 0.0973557692307692 0.3497596153846153 0.0411658653846153 0.0673076923076923
0 0.4278846153846153 0.4915865384615384 0.0381610576923076 0.0688100961538461
0 0.4483173076923077 0.5853365384615384 0.048076923076923 0.0688100961538461
0 0.3858173076923077 0.5228365384615384 0.0315504807692307 0.0513822115384615
0 0.3858173076923077 0.5949519230769231 0.0306490384615384 0.0549879807692307
0 0.4362980769230769 0.7235576923076923 0.0303485576923076 0.0718149038461538
0 0.4399038461538461 0.8894230769230769 0.0426682692307692 0.0877403846153846
0 0.7632211538461539 0.4435096153846153 0.0270432692307692 0.0652043269230769
0 0.7992788461538461 0.3353365384615384 0.0366586538461538 0.0561899038461538
0 0.8569711538461539 0.3737980769230769 0.0465745192307692 0.0784254807692307
0 0.8293269230769231 0.5216346153846154 0.0393629807692307 0.0528846153846153
0 0.5649038461538461 0.4411057692307692 0.024639423076923 0.0417668269230769
0 0.5901442307692307 0.4459134615384615 0.0354567307692307 0.0543870192307692
