0 0.4495192307692308 0.4362980769230769 0.0766225961538461 0.0510817307692307
0 0.3737980769230769 0.5012019230769231 0.0748197115384615 0.0450721153846153
0 0.4795673076923077 0.5625 0.0784254807692307 0.1099759615384615
0 0.3653846153846153 0.6033653846153846 0.06640625 0.04296875
0 0.3834134615384615 0.6117788461538461 0.0504807692307692 0.0528846153846153
0 0.5721153846153846 0.4050480769230769 0.0814302884615384 0.0354567307692307
0 0.5661057692307693 0.296875 0.0655048076923077 0.036358173076923
0 0.5721153846153846 0.4591346153846153 0.078125 0.0426682692307692
0 0.032451923076923 0.3677884615384615 0.0643028846153846 0.0540865384615384
0 0.0925480769230769 0.6430288461538461 0.059795673076923 0.0462740384615384
