0 0.4567307692307692 0.4495192307692308 0.067608173076923 0.0387620192307692
0 0.3822115384615384 0.5120192307692307 0.0727163461538461 0.0432692307692307
0 0.4855769230769231 0.5721153846153846 0.0823317307692307 0.1099759615384615
0 0.3737980769230769 0.6117788461538461 0.0643028846153846 0.0432692307692307
0 0.3918269230769231 0.6213942307692307 0.0477764423076923 0.0501802884615384
0 0.5769230769230769 0.4182692307692308 0.0808293269230769 0.046875
0 0.5709134615384616 0.3112980769230769 0.0658052884615384 0.0399639423076923
0 0.5769230769230769 0.4711538461538461 0.0778245192307692 0.0387620192307692
0 0.048076923076923 0.3822115384615384 0.05859375 0.051983173076923
0 0.1069711538461538 0.6514423076923077 0.0576923076923076 0.044170673076923
