0 0.203125 0.3798076923076923 0.040264423076923 0.051983173076923
0 0.3040865384615384 0.4134615384615384 0.0886418269230769 0.0673076923076923
0 0.3209134615384615 0.5300480769230769 0.0691105769230769 0.1009615384615384
0 0.3028846153846153 0.7572115384615384 0.0387620192307692 0.0628004807692307
0 0.3665865384615384 0.7620192307692307 0.0450721153846153 0.0862379807692307
0 0.2379807692307692 0.5048076923076923 0.0474759615384615 0.0634014423076923
0 0.6514423076923077 0.3990384615384615 0.051983173076923 0.06640625
0 0.7451923076923077 0.6081730769230769 0.0474759615384615 0.0679086538461538
0 0.6514423076923077 0.65625 0.0615985576923076 0.0634014423076923
0 0.8125 0.6574519230769231 0.0531850961538461 0.0606971153846153
0 0.7319711538461539 0.5264423076923077 0.0594951923076923 0.0679086538461538
