0 0.1911057692307692 0.3521634615384615 0.0366586538461538 0.0504807692307692
0 0.2932692307692308 0.3858173076923077 0.0904447115384615 0.0688100961538461
0 0.3100961538461538 0.5036057692307693 0.0772235576923077 0.1042668269230769
0 0.2920673076923077 0.7355769230769231 0.0498798076923076 0.0685096153846153
0 0.3569711538461538 0.7403846153846154 0.0501802884615384 0.0877403846153846
0 0.2259615384615384 0.4795673076923077 0.0582932692307692 0.0721153846153846
0 0.6466346153846154 0.3713942307692308 0.0483774038461538 0.0646033653846153
0 0.7427884615384616 0.5841346153846154 0.0537860576923076 0.0724158653846153
0 0.6466346153846154 0.6334134615384616 0.0579927884615384 0.0643028846153846
0 0.8112980769230769 0.6346153846153846 0.0510817307692307 0.0615985576923076
0 0.7283653846153846 0.5012019230769231 0.0579927884615384 0.0688100961538461
