0 0.2451923076923076 0.1850961538461538 0.0588942307692307 0.0826322115384615
0 0.0913461538461538 0.3725961538461538 0.0438701923076923 0.0576923076923076
0 0.1009615384615384 0.5096153846153846 0.0582932692307692 0.0712139423076923
0 0.1430288461538461 0.6634615384615384 0.0549879807692307 0.0525841346153846
0 0.2572115384615384 0.6887019230769231 0.067608173076923 0.0943509615384615
0 0.2560096153846153 0.8112980769230769 0.0799278846153846 0.0991586538461538
0 0.1622596153846154 0.7596153846153846 0.0591947115384615 0.091045673076923
0 0.609375 0.6646634615384616 0.0658052884615384 0.0697115384615384
0 0.6622596153846154 0.5576923076923077 0.0769230769230769 0.0961538461538461
0 0.7127403846153846 0.7427884615384616 0.0694110576923077 0.0718149038461538
0 0.7139423076923077 0.8269230769230769 0.0579927884615384 0.0670072115384615
