0 0.2692307692307692 0.1502403846153846 0.0679086538461538 0.0892427884615384
0 0.1153846153846153 0.3389423076923077 0.0474759615384615 0.0615985576923076
0 0.1237980769230769 0.4771634615384615 0.0543870192307692 0.0658052884615384
0 0.1670673076923076 0.6322115384615384 0.0609975961538461 0.05859375
0 0.2824519230769231 0.6574519230769231 0.0658052884615384 0.0946514423076923
0 0.2800480769230769 0.7800480769230769 0.0745192307692307 0.098858173076923
0 0.1862980769230769 0.7295673076923077 0.055889423076923 0.0913461538461538
0 0.6346153846153846 0.6334134615384616 0.0712139423076923 0.0739182692307692
0 0.6887019230769231 0.5264423076923077 0.0703125 0.0958533653846153
0 0.7391826923076923 0.7115384615384616 0.0748197115384615 0.0775240384615384
0 0.7415865384615384 0.796875 0.0652043269230769 0.0721153846153846
