0 0.2548076923076923 0.1814903846153846 0.0625 0.0847355769230769
0 0.1021634615384615 0.3677884615384615 0.0498798076923076 0.0582932692307692
0 0.1117788461538461 0.5036057692307693 0.048076923076923 0.0625
0 0.1538461538461538 0.6574519230769231 0.0615985576923076 0.0591947115384615
0 0.2680288461538461 0.6814903846153846 0.0561899038461538 0.0895432692307692
0 0.265625 0.8040865384615384 0.0703125 0.0943509615384615
0 0.173076923076923 0.7536057692307693 0.0537860576923076 0.0892427884615384
0 0.6165865384615384 0.6586538461538461 0.0706129807692307 0.0757211538461538
0 0.6694711538461539 0.5528846153846154 0.0751201923076923 0.0961538461538461
0 0.7199519230769231 0.7355769230769231 0.0703125 0.0730168269230769
0 0.7211538461538461 0.8197115384615384 0.0670072115384615 0.0730168269230769
