0 0.1742788461538461 0.3377403846153846 0.0555889423076923 0.0528846153846153
0 0.1971153846153846 0.1310096153846154 0.0528846153846153 0.0643028846153846
0 0.3401442307692308 0.1346153846153846 0.0576923076923076 0.0661057692307692
0 0.6923076923076923 0.1382211538461538 0.0673076923076923 0.0751201923076923
0 0.2944711538461538 0.3377403846153846 0.0576923076923076 0.055889423076923
0 0.3353365384615384 0.4399038461538461 0.0600961538461538 0.0489783653846153
0 0.2752403846153846 0.4435096153846153 0.0549879807692307 0.0510817307692307
0 0.1923076923076923 0.4819711538461538 0.0528846153846153 0.0594951923076923
0 0.1129807692307692 0.5240384615384616 0.0537860576923076 0.0531850961538461
0 0.6153846153846154 0.4783653846153846 0.0390625 0.0426682692307692
0 0.6826923076923077 0.5649038461538461 0.0492788461538461 0.0474759615384615
0 0.65625 0.5913461538461539 0.0567908653846153 0.0426682692307692
0 0.9302884615384616 0.4110576923076923 0.0486778846153846 0.0438701923076923
