0 0.2740384615384615 0.8918269230769231 0.0865384615384615 0.0730168269230769
0 0.3365384615384615 0.5853365384615384 0.0390625 0.0384615384615384
0 0.4615384615384615 0.3846153846153846 0.0291466346153846 0.0474759615384615
0 0.4038461538461538 0.3774038461538461 0.0333533653846153 0.0345552884615384
0 0.4675480769230769 0.2872596153846153 0.020733173076923 0.0354567307692307
0 0.5492788461538461 0.2860576923076923 0.0306490384615384 0.0423677884615384
0 0.6418269230769231 0.1322115384615384 0.0327524038461538 0.0378605769230769
0 0.6814903846153846 0.2007211538461538 0.0303485576923076 0.0270432692307692
0 0.7283653846153846 0.2211538461538461 0.0279447115384615 0.0372596153846153
0 0.4867788461538461 0.5060096153846154 0.0288461538461538 0.0321514423076923
