0 0.1298076923076923 0.204326923076923 0.0471754807692307 0.071514423076923
0 0.28125 0.2427884615384615 0.0339543269230769 0.0534855769230769
0 0.3677884615384615 0.2439903846153846 0.032451923076923 0.0555889423076923
0 0.2836538461538461 0.390625 0.0372596153846153 0.0510817307692307
0 0.3689903846153846 0.4915865384615384 0.02734375 0.0576923076923076
0 0.4122596153846153 0.6550480769230769 0.03125 0.0691105769230769
0 0.2740384615384615 0.6622596153846154 0.0393629807692307 0.0606971153846153
0 0.7019230769230769 0.5456730769230769 0.0381610576923076 0.0525841346153846
0 0.7548076923076923 0.3064903846153846 0.0297475961538461 0.0504807692307692
0 0.7512019230769231 0.3894230769230769 0.0360576923076923 0.0528846153846153
0 0.7512019230769231 0.4471153846153846 0.0288461538461538 0.0531850961538461
