0 0.1658653846153846 0.1959134615384615 0.0348557692307692 0.0652043269230769
0 0.3125 0.2331730769230769 0.0294471153846153 0.0516826923076923
0 0.3966346153846153 0.234375 0.0252403846153846 0.05078125
0 0.3149038461538461 0.3774038461538461 0.028545673076923 0.0477764423076923
0 0.3978365384615384 0.4747596153846153 0.0309495192307692 0.055889423076923
0 0.4387019230769231 0.6322115384615384 0.0357572115384615 0.0682091346153846
0 0.3052884615384615 0.6394230769230769 0.0336538461538461 0.0570913461538461
0 0.7199519230769231 0.5264423076923077 0.040264423076923 0.0522836538461538
0 0.7704326923076923 0.2956730769230769 0.0261418269230769 0.0483774038461538
0 0.7668269230769231 0.3762019230769231 0.0375600961538461 0.0543870192307692
0 0.7680288461538461 0.4314903846153846 0.02734375 0.0528846153846153
