0 0.5204326923076923 0.8774038461538461 0.1313100961538461 0.0712139423076923
0 0.2728365384615384 0.9314903846153846 0.1280048076923076 0.0513822115384615
0 0.2632211538461538 0.8786057692307693 0.1009615384615384 0.0603966346153846
0 0.2379807692307692 0.7367788461538461 0.0808293269230769 0.0555889423076923
0 0.0877403846153846 0.6875 0.1322115384615384 0.067608173076923
0 0.3581730769230769 0.6947115384615384 0.1259014423076923 0.0811298076923077
0 0.6274038461538461 0.7391826923076923 0.0859375 0.0528846153846153
0 0.4891826923076923 0.6141826923076923 0.1042668269230769 0.0513822115384615
0 0.6850961538461539 0.5673076923076923 0.1015625 0.0618990384615384
0 0.7548076923076923 0.2007211538461538 0.1253004807692307 0.0432692307692307
