0 0.4963942307692308 0.8461538461538461 0.1228966346153846 0.0477764423076923
0 0.2584134615384615 0.8978365384615384 0.1268028846153846 0.0609975961538461
0 0.2487980769230769 0.8473557692307693 0.0982572115384615 0.0594951923076923
0 0.2247596153846154 0.7103365384615384 0.0721153846153846 0.0462740384615384
0 0.0805288461538461 0.6622596153846154 0.1280048076923076 0.0688100961538461
0 0.3401442307692308 0.6694711538461539 0.1219951923076923 0.0721153846153846
0 0.5997596153846154 0.7127403846153846 0.0817307692307692 0.0462740384615384
0 0.4663461538461538 0.5925480769230769 0.1009615384615384 0.0459735576923076
0 0.6550480769230769 0.546875 0.0982572115384615 0.0600961538461538
0 0.7223557692307693 0.1947115384615384 0.1186899038461538 0.051983173076923
