0 0.6778846153846154 0.2007211538461538 0.0483774038461538 0.0691105769230769
0 0.5973557692307693 0.5288461538461539 0.048076923076923 0.0628004807692307
0 0.8449519230769231 0.3942307692307692 0.0432692307692307 0.0634014423076923
0 0.859375 0.2596153846153846 0.048076923076923 0.0477764423076923
0 0.9002403846153846 0.4459134615384615 0.0603966346153846 0.0697115384615384
0 0.9050480769230768 0.6514423076923077 0.05078125 0.0673076923076923
0 0.7776442307692307 0.6538461538461539 0.055889423076923 0.0757211538461538
0 0.3665865384615384 0.4855769230769231 0.0700120192307692 0.0579927884615384
0 0.235576923076923 0.4831730769230769 0.0489783653846153 0.063701923076923
0 0.235576923076923 0.2860576923076923 0.0618990384615384 0.08203125
0 0.2307692307692307 0.53125 0.0432692307692307 0.0477764423076923
0 0.2403846153846154 0.5805288461538461 0.0525841346153846 0.0652043269230769
0 0.1826923076923076 0.6358173076923077 0.0570913461538461 0.0652043269230769
0 0.5084134615384616 0.8040865384615384 0.0456730769230769 0.0600961538461538
0 0.3978365384615384 0.9435096153846154 0.0552884615384615 0.059795673076923
