0 0.2560096153846153 0.6262019230769231 0.0745192307692307 0.1271033653846154
0 0.4254807692307692 0.4651442307692308 0.0778245192307692 0.1298076923076923
0 0.7752403846153846 0.4411057692307692 0.13671875 0.125
0 0.7632211538461539 0.203125 0.05078125 0.0606971153846153
0 0.7680288461538461 0.84375 0.0501802884615384 0.0483774038461538
0 0.2295673076923076 0.78125 0.0886418269230769 0.1060697115384615
0 0.15625 0.7055288461538461 0.0438701923076923 0.0982572115384615
0 0.2463942307692307 0.8786057692307693 0.0799278846153846 0.1268028846153846
0 0.3569711538461538 0.7223557692307693 0.0546875 0.1180889423076923
0 0.2475961538461538 0.1526442307692307 0.0231370192307692 0.0603966346153846
0 0.3209134615384615 0.1538461538461538 0.0336538461538461 0.0579927884615384
