0 0.4110576923076923 0.4747596153846153 0.0444711538461538 0.07421875
0 0.390625 0.3064903846153846 0.0366586538461538 0.0552884615384615
0 0.5432692307692307 0.032451923076923 0.0432692307692307 0.0649038461538461
0 0.8209134615384616 0.0276442307692307 0.03125 0.0552884615384615
0 0.8545673076923077 0.3028846153846153 0.0240384615384615 0.0432692307692307
0 0.8016826923076923 0.204326923076923 0.0366586538461538 0.0528846153846153
0 0.8004807692307693 0.3737980769230769 0.0336538461538461 0.0456730769230769
0 0.8076923076923077 0.3882211538461538 0.0327524038461538 0.0655048076923077
0 0.2139423076923076 0.5 0.0348557692307692 0.0579927884615384
0 0.1177884615384615 0.4915865384615384 0.0423677884615384 0.0784254807692307
0 0.1971153846153846 0.4134615384615384 0.0387620192307692 0.0492788461538461
0 0.1021634615384615 0.3197115384615384 0.0432692307692307 0.0679086538461538
0 0.1923076923076923 0.1117788461538461 0.0342548076923076 0.0606971153846153
0 0.5793269230769231 0.6911057692307693 0.0249399038461538 0.0459735576923076
0 0.1754807692307692 0.7223557692307693 0.0291466346153846 0.0504807692307692
0 0.1790865384615384 0.6165865384615384 0.03125 0.05078125
