0 0.1274038461538461 0.2512019230769231 0.0612980769230769 0.0691105769230769
0 0.2307692307692307 0.2884615384615384 0.0471754807692307 0.0531850961538461
0 0.3185096153846153 0.3822115384615384 0.0543870192307692 0.0766225961538461
0 0.4302884615384615 0.4591346153846153 0.0612980769230769 0.0766225961538461
0 0.3209134615384615 0.5072115384615384 0.05078125 0.0628004807692307
0 0.235576923076923 0.4302884615384615 0.0477764423076923 0.0625
0 0.1862980769230769 0.4278846153846153 0.0453725961538461 0.0615985576923076
0 0.15625 0.4567307692307692 0.048076923076923 0.0576923076923076
0 0.2524038461538461 0.6009615384615384 0.0625 0.0766225961538461
0 0.3149038461538461 0.7115384615384616 0.0730168269230769 0.176983173076923
0 0.8473557692307693 0.3870192307692308 0.0625 0.0826322115384615
0 0.8449519230769231 0.5132211538461539 0.0625 0.0736177884615384
0 0.7980769230769231 0.7764423076923077 0.067608173076923 0.0718149038461538
0 0.7620192307692307 0.328125 0.0489783653846153 0.0555889423076923
0 0.8004807692307693 0.3834134615384615 0.0612980769230769 0.0751201923076923
