0 0.8269230769230769 0.4038461538461538 0.0730168269230769 0.0682091346153846
0 0.4987980769230769 0.0925480769230769 0.0646033653846153 0.05078125
0 0.4591346153846153 0.1658653846153846 0.0540865384615384 0.0474759615384615
0 0.3269230769230769 0.1670673076923076 0.0582932692307692 0.0495793269230769
0 0.328125 0.2415865384615384 0.0600961538461538 0.0609975961538461
0 0.3257211538461538 0.6322115384615384 0.0555889423076923 0.044170673076923
0 0.4014423076923077 0.7019230769230769 0.067608173076923 0.0763221153846153
0 0.4699519230769231 0.765625 0.0405649038461538 0.0432692307692307
0 0.65625 0.8569711538461539 0.0576923076923076 0.0591947115384615
0 0.6742788461538461 0.9158653846153846 0.0594951923076923 0.0432692307692307
