0 0.2151442307692307 0.1310096153846154 0.0399639423076923 0.0465745192307692
0 0.3293269230769231 0.1033653846153846 0.0384615384615384 0.048076923076923
0 0.4350961538461538 0.359375 0.0483774038461538 0.0549879807692307
0 0.0841346153846153 0.3942307692307692 0.0375600961538461 0.044170673076923
0 0.0661057692307692 0.4651442307692308 0.0432692307692307 0.0658052884615384
0 0.2295673076923076 0.6646634615384616 0.0459735576923076 0.0549879807692307
0 0.3449519230769231 0.6742788461538461 0.0384615384615384 0.0501802884615384
0 0.2944711538461538 0.7451923076923077 0.0264423076923076 0.0573918269230769
0 0.4014423076923077 0.7391826923076923 0.0240384615384615 0.05078125
0 0.4290865384615384 0.5625 0.0366586538461538 0.0582932692307692
0 0.453125 0.6538461538461539 0.03125 0.0390625
0 0.4639423076923077 0.6959134615384616 0.0333533653846153 0.0561899038461538
0 0.6057692307692307 0.7019230769230769 0.0282451923076923 0.0474759615384615
0 0.5480769230769231 0.5504807692307693 0.0294471153846153 0.0426682692307692
0 0.7944711538461539 0.2644230769230769 0.0336538461538461 0.0567908653846153
0 0.8858173076923077 0.2644230769230769 0.0315504807692307 0.0528846153846153
0 0.953125 0.3629807692307692 0.0318509615384615 0.04296875
0 0.8461538461538461 0.3762019230769231 0.0423677884615384 0.0504807692307692
0 0.7800480769230769 0.3088942307692308 0.0408653846153846 0.0459735576923076
