0 0.4170673076923077 0.7944711538461539 0.0946514423076923 0.0865384615384615
0 0.3389423076923077 0.7764423076923077 0.0381610576923076 0.0420673076923076
0 0.3317307692307692 0.7872596153846154 0.04296875 0.0447716346153846
0 0.2608173076923077 0.7824519230769231 0.0306490384615384 0.0318509615384615
0 0.1454326923076923 0.7331730769230769 0.040264423076923 0.0444711538461538
0 0.188701923076923 0.7211538461538461 0.0240384615384615 0.0381610576923076
0 0.171875 0.5997596153846154 0.040264423076923 0.0405649038461538
0 0.125 0.6478365384615384 0.0339543269230769 0.048076923076923
0 0.3557692307692308 0.5877403846153846 0.0333533653846153 0.0192307692307692
0 0.3533653846153846 0.6165865384615384 0.0471754807692307 0.040264423076923
0 0.2860576923076923 0.7668269230769231 0.0228365384615384 0.0243389423076923
0 0.3004807692307692 0.7644230769230769 0.0279447115384615 0.0327524038461538
0 0.734375 0.0625 0.0447716346153846 0.0531850961538461
0 0.6334134615384616 0.0564903846153846 0.0321514423076923 0.0366586538461538
0 0.6358173076923077 0.1971153846153846 0.0315504807692307 0.0342548076923076
0 0.6911057692307693 0.1790865384615384 0.0258413461538461 0.0360576923076923
0 0.6899038461538461 0.2415865384615384 0.0243389423076923 0.0369591346153846
0 0.7199519230769231 0.2788461538461538 0.059795673076923 0.0477764423076923
0 0.6802884615384616 0.4783653846153846 0.0249399038461538 0.0279447115384615
0 0.8161057692307693 0.5120192307692307 0.0546875 0.0958533653846153
0 0.6694711538461539 0.5264423076923077 0.0360576923076923 0.0432692307692307
0 0.6598557692307693 0.6057692307692307 0.0384615384615384 0.0381610576923076
0 0.6081730769230769 0.6574519230769231 0.0291466346153846 0.0267427884615384
0 0.5997596153846154 0.7163461538461539 0.0318509615384615 0.0576923076923076
0 0.6622596153846154 0.7451923076923077 0.0357572115384615 0.0432692307692307
0 0.6310096153846154 0.7884615384615384 0.0336538461538461 0.0294471153846153
0 0.6790865384615384 0.7944711538461539 0.0318509615384615 0.0318509615384615
0 0.6983173076923077 0.7475961538461539 0.0309495192307692 0.0348557692307692
0 0.7764423076923077 0.75 0.0297475961538461 0.0345552884615384
0 0.8149038461538461 0.7403846153846154 0.0345552884615384 0.0471754807692307
0 0.65625 0.8665865384615384 0.0279447115384615 0.0498798076923076
