0 0.6237980769230769 0.0745192307692307 0.0784254807692307 0.0901442307692307
0 0.6081730769230769 0.3269230769230769 0.0628004807692307 0.0772235576923077
0 0.8076923076923077 0.2524038461538461 0.0492788461538461 0.0534855769230769
0 0.7596153846153846 0.3461538461538461 0.0718149038461538 0.0727163461538461
0 0.6778846153846154 0.3990384615384615 0.0718149038461538 0.0673076923076923
0 0.6802884615384616 0.4927884615384615 0.06640625 0.0576923076923076
0 0.265625 0.2764423076923077 0.0931490384615384 0.0814302884615384
0 0.2283653846153846 0.328125 0.0667067307692307 0.0736177884615384
0 0.2115384615384615 0.5913461538461539 0.0634014423076923 0.0730168269230769
0 0.3088942307692308 0.8112980769230769 0.0658052884615384 0.0649038461538461
0 0.4735576923076923 0.5697115384615384 0.0763221153846153 0.0763221153846153
0 0.5480769230769231 0.5913461538461539 0.0621995192307692 0.0727163461538461
0 0.65625 0.640625 0.0760216346153846 0.0850360576923077
0 0.6574519230769231 0.7692307692307693 0.07421875 0.0853365384615384
