0 0.6334134615384616 0.1033653846153846 0.0736177884615384 0.0865384615384615
0 0.6189903846153846 0.3557692307692308 0.0694110576923077 0.0826322115384615
0 0.8173076923076923 0.28125 0.0576923076923076 0.0612980769230769
0 0.7692307692307693 0.375 0.0724158653846153 0.0757211538461538
0 0.6875 0.4278846153846153 0.0670072115384615 0.0625
0 0.6899038461538461 0.5216346153846154 0.0628004807692307 0.0540865384615384
0 0.2752403846153846 0.3052884615384615 0.0883413461538461 0.0766225961538461
0 0.2379807692307692 0.3569711538461538 0.0576923076923076 0.0652043269230769
0 0.2211538461538461 0.6201923076923077 0.0730168269230769 0.0814302884615384
0 0.3185096153846153 0.8401442307692307 0.07421875 0.0739182692307692
0 0.4831730769230769 0.5985576923076923 0.0817307692307692 0.0817307692307692
0 0.5576923076923077 0.6201923076923077 0.0579927884615384 0.071514423076923
0 0.6658653846153846 0.6694711538461539 0.0730168269230769 0.0844350961538461
0 0.6670673076923077 0.7980769230769231 0.0748197115384615 0.0859375
