0 0.6346153846153846 0.0973557692307692 0.078125 0.0886418269230769
0 0.6189903846153846 0.3449519230769231 0.0673076923076923 0.0817307692307692
0 0.8149038461538461 0.2728365384615384 0.0531850961538461 0.0555889423076923
0 0.7668269230769231 0.3653846153846153 0.0679086538461538 0.0682091346153846
0 0.6862980769230769 0.4158653846153846 0.0691105769230769 0.063701923076923
0 0.6899038461538461 0.5096153846153846 0.0679086538461538 0.0628004807692307
0 0.2824519230769231 0.2956730769230769 0.0844350961538461 0.0721153846153846
0 0.2451923076923076 0.3473557692307692 0.06640625 0.0721153846153846
0 0.2283653846153846 0.6057692307692307 0.0673076923076923 0.0757211538461538
0 0.3245192307692308 0.8221153846153846 0.0625 0.0621995192307692
0 0.4855769230769231 0.5841346153846154 0.0778245192307692 0.0778245192307692
0 0.5588942307692307 0.6057692307692307 0.0528846153846153 0.0670072115384615
0 0.6658653846153846 0.6538461538461539 0.0673076923076923 0.078125
0 0.6670673076923077 0.7800480769230769 0.0673076923076923 0.0790264423076923
