0 0.3882211538461538 0.1310096153846154 0.0606971153846153 0.0847355769230769
0 0.6442307692307693 0.3581730769230769 0.0582932692307692 0.0769230769230769
0 0.5853365384615384 0.3581730769230769 0.0658052884615384 0.0814302884615384
0 0.4086538461538461 0.5841346153846154 0.0588942307692307 0.0682091346153846
0 0.5384615384615384 0.5985576923076923 0.0537860576923076 0.0904447115384615
0 0.4723557692307692 0.6466346153846154 0.0465745192307692 0.0718149038461538
0 0.4723557692307692 0.7800480769230769 0.0459735576923076 0.0646033653846153
0 0.6430288461538461 0.6009615384615384 0.0513822115384615 0.0811298076923077
0 0.6610576923076923 0.4483173076923077 0.071514423076923 0.07421875
0 0.703125 0.6466346153846154 0.0655048076923077 0.0775240384615384
