0 0.2427884615384615 0.0733173076923077 0.06640625 0.0865384615384615
0 0.1658653846153846 0.6478365384615384 0.0483774038461538 0.0495793269230769
0 0.3401442307692308 0.5564903846153846 0.0513822115384615 0.0625
0 0.34375 0.6766826923076923 0.0489783653846153 0.0625
0 0.219951923076923 0.7475961538461539 0.0543870192307692 0.0628004807692307
0 0.1670673076923076 0.7487980769230769 0.0411658653846153 0.0432692307692307
0 0.2283653846153846 0.9146634615384616 0.0727163461538461 0.0736177884615384
0 0.6225961538461539 0.1766826923076923 0.067608173076923 0.1328125
0 0.6838942307692307 0.1778846153846154 0.0835336538461538 0.1397235576923076
0 0.6838942307692307 0.3894230769230769 0.0552884615384615 0.0667067307692307
0 0.6971153846153846 0.5288461538461539 0.0573918269230769 0.04296875
0 0.6826923076923077 0.6081730769230769 0.0477764423076923 0.0570913461538461
0 0.6225961538461539 0.6045673076923077 0.0612980769230769 0.0673076923076923
