0 0.2451923076923076 0.0492788461538461 0.0730168269230769 0.0931490384615384
0 0.1658653846153846 0.6430288461538461 0.0477764423076923 0.0456730769230769
0 0.3461538461538461 0.5480769230769231 0.0489783653846153 0.05859375
0 0.3497596153846153 0.671875 0.0528846153846153 0.0649038461538461
0 0.2223557692307692 0.7451923076923077 0.0576923076923076 0.0667067307692307
0 0.1670673076923076 0.7463942307692307 0.0504807692307692 0.05078125
0 0.2307692307692307 0.9182692307692308 0.067608173076923 0.067608173076923
0 0.6382211538461539 0.1550480769230769 0.0706129807692307 0.1376201923076923
0 0.7019230769230769 0.157451923076923 0.0814302884615384 0.1427283653846154
0 0.7007211538461539 0.3762019230769231 0.0606971153846153 0.0697115384615384
0 0.7151442307692307 0.5192307692307693 0.059795673076923 0.0426682692307692
0 0.7007211538461539 0.6021634615384616 0.0498798076923076 0.0576923076923076
0 0.6382211538461539 0.5985576923076923 0.0594951923076923 0.0673076923076923
