0 0.0504807692307692 0.4627403846153846 0.0537860576923076 0.07421875
0 0.0661057692307692 0.75 0.0745192307692307 0.1018629807692307
0 0.125 0.0769230769230769 0.0724158653846153 0.0823317307692307
0 0.3485576923076923 0.1057692307692307 0.0718149038461538 0.0955528846153846
0 0.2956730769230769 0.1826923076923076 0.0718149038461538 0.0808293269230769
0 0.7716346153846154 0.3665865384615384 0.067608173076923 0.0994591346153846
0 0.8269230769230769 0.4435096153846153 0.0682091346153846 0.0769230769230769
0 0.8257211538461539 0.5769230769230769 0.0694110576923077 0.0760216346153846
0 0.6586538461538461 0.6081730769230769 0.0667067307692307 0.0919471153846153
0 0.7716346153846154 0.8317307692307693 0.0760216346153846 0.0961538461538461
0 0.2956730769230769 0.703125 0.06640625 0.0748197115384615
0 0.1766826923076923 0.6658653846153846 0.0606971153846153 0.0808293269230769
0 0.0745192307692307 0.7475961538461539 0.0621995192307692 0.0733173076923077
0 0.1850961538461538 0.5396634615384616 0.0625 0.0844350961538461
