0 0.0492788461538461 0.4603365384615384 0.0555889423076923 0.07421875
0 0.0661057692307692 0.7487980769230769 0.0703125 0.1030649038461538
0 0.1237980769230769 0.0757211538461538 0.0706129807692307 0.0835336538461538
0 0.3473557692307692 0.1045673076923077 0.0561899038461538 0.0889423076923077
0 0.2956730769230769 0.1814903846153846 0.0634014423076923 0.0748197115384615
0 0.7716346153846154 0.3641826923076923 0.0808293269230769 0.1072716346153846
0 0.8269230769230769 0.4423076923076923 0.0730168269230769 0.0811298076923077
0 0.8245192307692307 0.5757211538461539 0.067608173076923 0.0706129807692307
0 0.6574519230769231 0.6069711538461539 0.0655048076923077 0.0931490384615384
0 0.7716346153846154 0.8305288461538461 0.0712139423076923 0.09375
0 0.2944711538461538 0.7019230769230769 0.0658052884615384 0.0760216346153846
0 0.1766826923076923 0.6646634615384616 0.0643028846153846 0.083233173076923
0 0.0745192307692307 0.7451923076923077 0.0621995192307692 0.0721153846153846
0 0.1850961538461538 0.5384615384615384 0.0679086538461538 0.0904447115384615
