0 0.2391826923076923 0.3305288461538461 0.0513822115384615 0.07421875
0 0.3185096153846153 0.2415865384615384 0.0456730769230769 0.0658052884615384
0 0.5528846153846154 0.2980769230769231 0.0474759615384615 0.0778245192307692
0 0.5540865384615384 0.484375 0.0306490384615384 0.059795673076923
0 0.4963942307692308 0.5300480769230769 0.0384615384615384 0.0510817307692307
0 0.4987980769230769 0.5805288461538461 0.0417668269230769 0.0555889423076923
0 0.5360576923076923 0.7211538461538461 0.0390625 0.1159855769230769
0 0.6826923076923077 0.6887019230769231 0.044170673076923 0.0643028846153846
0 0.6646634615384616 0.375 0.0369591346153846 0.0525841346153846
0 0.6646634615384616 0.2800480769230769 0.0432692307692307 0.0640024038461538
0 0.671875 0.2223557692307692 0.0399639423076923 0.0510817307692307
0 0.6177884615384616 0.5204326923076923 0.0342548076923076 0.0591947115384615
