0 0.2439903846153846 0.3365384615384615 0.0561899038461538 0.0772235576923077
0 0.3233173076923077 0.2475961538461538 0.0498798076923076 0.067608173076923
0 0.5600961538461539 0.3040865384615384 0.0336538461538461 0.0748197115384615
0 0.5612980769230769 0.4927884615384615 0.0306490384615384 0.0618990384615384
0 0.5024038461538461 0.5372596153846154 0.0390625 0.0510817307692307
0 0.5060096153846154 0.5889423076923077 0.0495793269230769 0.0579927884615384
0 0.5420673076923077 0.7307692307692307 0.0450721153846153 0.1204927884615384
0 0.6899038461538461 0.6971153846153846 0.0435697115384615 0.06640625
0 0.671875 0.3822115384615384 0.0414663461538461 0.0540865384615384
0 0.671875 0.2860576923076923 0.0384615384615384 0.05859375
0 0.6790865384615384 0.2283653846153846 0.0405649038461538 0.0534855769230769
0 0.625 0.5288461538461539 0.0330528846153846 0.0579927884615384
