0 0.0889423076923077 0.1370192307692307 0.0817307692307692 0.1487379807692307
0 0.3461538461538461 0.1141826923076923 0.067608173076923 0.0895432692307692
0 0.8317307692307693 0.1430288461538461 0.0588942307692307 0.1490384615384615
0 0.6838942307692307 0.6274038461538461 0.0649038461538461 0.0772235576923077
0 0.6490384615384616 0.6935096153846154 0.06640625 0.0841346153846153
0 0.5516826923076923 0.8317307692307693 0.0649038461538461 0.0955528846153846
0 0.5504807692307693 0.9567307692307692 0.0769230769230769 0.0865384615384615
0 0.0961538461538461 0.955528846153846 0.0817307692307692 0.0889423076923077
0 0.0901442307692307 0.8305288461538461 0.0769230769230769 0.0895432692307692
0 0.0973557692307692 0.5612980769230769 0.0697115384615384 0.0751201923076923
0 0.2271634615384615 0.5552884615384616 0.0640024038461538 0.0805288461538461
0 0.3016826923076923 0.5709134615384616 0.0643028846153846 0.0606971153846153
0 0.3413461538461538 0.4699519230769231 0.0631009615384615 0.0838341346153846
0 0.2487980769230769 0.7151442307692307 0.059795673076923 0.0769230769230769
0 0.2668269230769231 0.7824519230769231 0.0612980769230769 0.0655048076923077
