0 0.1021634615384615 0.1394230769230769 0.0886418269230769 0.1481370192307692
0 0.3545673076923077 0.1177884615384615 0.0673076923076923 0.087139423076923
0 0.8293269230769231 0.1442307692307692 0.0670072115384615 0.1481370192307692
0 0.6850961538461539 0.6189903846153846 0.0625 0.0751201923076923
0 0.6514423076923077 0.6838942307692307 0.063701923076923 0.0802283653846153
0 0.5552884615384616 0.8197115384615384 0.0778245192307692 0.1003605769230769
0 0.5564903846153846 0.950721153846154 0.0697115384615384 0.0931490384615384
0 0.110576923076923 0.9471153846153846 0.0766225961538461 0.0958533653846153
0 0.1033653846153846 0.8185096153846154 0.0775240384615384 0.08984375
0 0.110576923076923 0.5540865384615384 0.0682091346153846 0.07421875
0 0.2379807692307692 0.5492788461538461 0.0534855769230769 0.07421875
0 0.3112980769230769 0.5637019230769231 0.0658052884615384 0.0646033653846153
0 0.3497596153846153 0.4663461538461538 0.059795673076923 0.0811298076923077
0 0.2584134615384615 0.7055288461538461 0.0606971153846153 0.0751201923076923
0 0.2764423076923077 0.7716346153846154 0.0670072115384615 0.0718149038461538
