0 0.4435096153846153 0.4675480769230769 0.0555889423076923 0.0649038461538461
0 0.4975961538461538 0.4927884615384615 0.0528846153846153 0.0631009615384615
0 0.4831730769230769 0.3954326923076923 0.0516826923076923 0.0739182692307692
0 0.4855769230769231 0.0600961538461538 0.0483774038461538 0.0727163461538461
0 0.6346153846153846 0.5528846153846154 0.0438701923076923 0.06640625
0 0.5360576923076923 0.6165865384615384 0.0673076923076923 0.0691105769230769
0 0.4591346153846153 0.7716346153846154 0.0612980769230769 0.0772235576923077
0 0.4591346153846153 0.8605769230769231 0.0615985576923076 0.0778245192307692
0 0.3966346153846153 0.6754807692307693 0.0390625 0.0483774038461538
0 0.4038461538461538 0.7067307692307693 0.0474759615384615 0.048076923076923
