0 0.4711538461538461 0.4543269230769231 0.0661057692307692 0.0721153846153846
0 0.5264423076923077 0.4807692307692308 0.051983173076923 0.0615985576923076
0 0.5120192307692307 0.3810096153846153 0.0567908653846153 0.0787259615384615
0 0.5132211538461539 0.0360576923076923 0.0504807692307692 0.0721153846153846
0 0.6670673076923077 0.5420673076923077 0.0495793269230769 0.0691105769230769
0 0.5661057692307693 0.6081730769230769 0.0646033653846153 0.0670072115384615
0 0.4867788461538461 0.7668269230769231 0.0625 0.0778245192307692
0 0.4867788461538461 0.8581730769230769 0.055889423076923 0.0778245192307692
0 0.4230769230769231 0.6682692307692307 0.0390625 0.0486778846153846
0 0.4302884615384615 0.7007211538461539 0.0477764423076923 0.0501802884615384
