0 0.6995192307692307 0.1598557692307692 0.0763221153846153 0.0739182692307692
0 0.2151442307692307 0.1622596153846154 0.0555889423076923 0.0694110576923077
0 0.7043269230769231 0.4495192307692308 0.0477764423076923 0.0537860576923076
0 0.7728365384615384 0.4519230769230769 0.0600961538461538 0.0634014423076923
0 0.7764423076923077 0.6370192307692307 0.0525841346153846 0.0667067307692307
0 0.6778846153846154 0.6322115384615384 0.0537860576923076 0.0576923076923076
0 0.8028846153846154 0.5516826923076923 0.067608173076923 0.0561899038461538
0 0.1189903846153846 0.7716346153846154 0.0688100961538461 0.0730168269230769
0 0.1959134615384615 0.8112980769230769 0.0697115384615384 0.0700120192307692
0 0.1983173076923076 0.924278846153846 0.0688100961538461 0.0787259615384615
0 0.5949519230769231 0.765625 0.0603966346153846 0.0609975961538461
