0 0.7283653846153846 0.1538461538461538 0.0769230769230769 0.0763221153846153
0 0.2439903846153846 0.1550480769230769 0.0688100961538461 0.0784254807692307
0 0.734375 0.4435096153846153 0.0513822115384615 0.0561899038461538
0 0.8028846153846154 0.4459134615384615 0.0522836538461538 0.0561899038461538
0 0.8064903846153846 0.6310096153846154 0.0543870192307692 0.0673076923076923
0 0.7067307692307693 0.6262019230769231 0.0537860576923076 0.0576923076923076
0 0.8317307692307693 0.5444711538461539 0.0634014423076923 0.0543870192307692
0 0.1478365384615384 0.765625 0.0688100961538461 0.0736177884615384
0 0.2247596153846154 0.8040865384615384 0.0649038461538461 0.0652043269230769
0 0.2283653846153846 0.9182692307692308 0.0682091346153846 0.078125
0 0.625 0.7584134615384616 0.05859375 0.0609975961538461
