0 0.5456730769230769 0.4002403846153846 0.0913461538461538 0.08984375
0 0.5456730769230769 0.5144230769230769 0.0862379807692307 0.0907451923076923
0 0.7055288461538461 0.4206730769230769 0.0369591346153846 0.0721153846153846
0 0.7980769230769231 0.3617788461538461 0.0381610576923076 0.0673076923076923
0 0.7007211538461539 0.5564903846153846 0.0453725961538461 0.0652043269230769
0 0.6959134615384616 0.7572115384615384 0.0465745192307692 0.0670072115384615
0 0.7415865384615384 0.7680288461538461 0.0405649038461538 0.0703125
0 0.8990384615384616 0.5697115384615384 0.0423677884615384 0.0712139423076923
0 0.9170673076923076 0.5 0.0465745192307692 0.0721153846153846
0 0.8990384615384616 0.4338942307692308 0.0336538461538461 0.0603966346153846
0 0.3257211538461538 0.6069711538461539 0.0414663461538461 0.0658052884615384
0 0.3233173076923077 0.7512019230769231 0.0405649038461538 0.110576923076923
0 0.2608173076923077 0.6646634615384616 0.03125 0.05078125
0 0.2716346153846153 0.7103365384615384 0.0471754807692307 0.0549879807692307
0 0.2644230769230769 0.3028846153846153 0.0534855769230769 0.0534855769230769
0 0.1778846153846154 0.7932692307692307 0.0294471153846153 0.0483774038461538
0 0.2211538461538461 0.8100961538461539 0.0345552884615384 0.051983173076923
0 0.2512019230769231 0.8076923076923077 0.0210336538461538 0.0474759615384615
