0 0.7451923076923077 0.4387019230769231 0.0727163461538461 0.0796274038461538
0 0.8725961538461539 0.8798076923076923 0.1201923076923077 0.1676682692307692
0 0.5084134615384616 0.7439903846153846 0.1186899038461538 0.1120793269230769
0 0.2848557692307692 0.7668269230769231 0.0655048076923077 0.0615985576923076
0 0.3966346153846153 0.6165865384615384 0.0727163461538461 0.0748197115384615
0 0.3942307692307692 0.5408653846153846 0.0826322115384615 0.0778245192307692
0 0.4362980769230769 0.4867788461538461 0.0703125 0.059795673076923
0 0.5877403846153846 0.4915865384615384 0.0625 0.048076923076923
0 0.3233173076923077 0.1201923076923077 0.0703125 0.0576923076923076
0 0.3185096153846153 0.2367788461538461 0.0799278846153846 0.0739182692307692
0 0.3641826923076923 0.2932692307692308 0.0700120192307692 0.0564903846153846
0 0.3269230769230769 0.4158653846153846 0.0766225961538461 0.0727163461538461
0 0.1862980769230769 0.3641826923076923 0.0594951923076923 0.0549879807692307
