0 0.7668269230769231 0.4266826923076923 0.06640625 0.0739182692307692
0 0.890625 0.8557692307692307 0.1087740384615384 0.1622596153846154
0 0.5372596153846154 0.7235576923076923 0.1078725961538461 0.0964543269230769
0 0.3185096153846153 0.7463942307692307 0.0609975961538461 0.055889423076923
0 0.4266826923076923 0.5997596153846154 0.0694110576923077 0.0736177884615384
0 0.4242788461538461 0.5264423076923077 0.0802283653846153 0.0805288461538461
0 0.4663461538461538 0.4735576923076923 0.0727163461538461 0.063701923076923
0 0.6129807692307693 0.4783653846153846 0.0612980769230769 0.0471754807692307
0 0.3569711538461538 0.1165865384615384 0.0643028846153846 0.0462740384615384
0 0.3509615384615384 0.2295673076923076 0.0808293269230769 0.0706129807692307
0 0.3966346153846153 0.2848557692307692 0.0634014423076923 0.0495793269230769
0 0.359375 0.4050480769230769 0.0706129807692307 0.0691105769230769
0 0.2235576923076923 0.3545673076923077 0.0576923076923076 0.0546875
