0 0.7572115384615384 0.4362980769230769 0.0724158653846153 0.0790264423076923
0 0.8822115384615384 0.8629807692307693 0.10546875 0.1580528846153846
0 0.5300480769230769 0.7319711538461539 0.1219951923076923 0.1168870192307692
0 0.3125 0.7548076923076923 0.0682091346153846 0.0661057692307692
0 0.4206730769230769 0.609375 0.0724158653846153 0.0748197115384615
0 0.4182692307692308 0.5360576923076923 0.08203125 0.0772235576923077
0 0.4591346153846153 0.4831730769230769 0.0679086538461538 0.0579927884615384
0 0.6057692307692307 0.4867788461538461 0.0618990384615384 0.0459735576923076
0 0.3497596153846153 0.1286057692307692 0.0691105769230769 0.055889423076923
0 0.3449519230769231 0.2403846153846154 0.0796274038461538 0.0724158653846153
0 0.3894230769230769 0.2956730769230769 0.0682091346153846 0.0573918269230769
0 0.3533653846153846 0.4146634615384615 0.0724158653846153 0.0697115384615384
0 0.2175480769230769 0.3641826923076923 0.0552884615384615 0.0495793269230769
