0 0.2692307692307692 0.15625 0.04296875 0.0628004807692307
0 0.3329326923076923 0.140625 0.03125 0.0546875
0 0.3822115384615384 0.3149038461538461 0.0393629807692307 0.0576923076923076
0 0.3557692307692308 0.2331730769230769 0.0291466346153846 0.0628004807692307
0 0.2776442307692308 0.3173076923076923 0.0384615384615384 0.0625
0 0.2860576923076923 0.4699519230769231 0.0486778846153846 0.0643028846153846
0 0.2536057692307692 0.515625 0.0414663461538461 0.0694110576923077
0 0.2079326923076923 0.5 0.0354567307692307 0.0492788461538461
0 0.1382211538461538 0.5877403846153846 0.0369591346153846 0.0745192307692307
0 0.0733173076923077 0.7668269230769231 0.0456730769230769 0.0670072115384615
0 0.1706730769230769 0.75 0.0426682692307692 0.0634014423076923
0 0.359375 0.7079326923076923 0.0456730769230769 0.1427283653846154
0 0.3930288461538461 0.5504807692307693 0.0447716346153846 0.0682091346153846
0 0.5793269230769231 0.4026442307692308 0.044170673076923 0.07421875
0 0.7596153846153846 0.2223557692307692 0.0333533653846153 0.0609975961538461
0 0.7355769230769231 0.25 0.0489783653846153 0.0877403846153846
0 0.7223557692307693 0.4915865384615384 0.0336538461538461 0.0606971153846153
0 0.7728365384615384 0.5348557692307693 0.0528846153846153 0.1123798076923077
0 0.8245192307692307 0.7043269230769231 0.0525841346153846 0.1382211538461538
