0 0.2668269230769231 0.1766826923076923 0.0474759615384615 0.0655048076923077
0 0.3329326923076923 0.1598557692307692 0.0315504807692307 0.0528846153846153
0 0.3822115384615384 0.3377403846153846 0.0486778846153846 0.0646033653846153
0 0.3545673076923077 0.2548076923076923 0.0369591346153846 0.0679086538461538
0 0.2764423076923077 0.3401442307692308 0.051983173076923 0.0694110576923077
0 0.2848557692307692 0.4951923076923077 0.0510817307692307 0.0670072115384615
0 0.2512019230769231 0.5408653846153846 0.0450721153846153 0.0712139423076923
0 0.2055288461538461 0.5252403846153846 0.0318509615384615 0.0504807692307692
0 0.1346153846153846 0.6153846153846154 0.0381610576923076 0.0772235576923077
0 0.0685096153846153 0.7956730769230769 0.0417668269230769 0.063701923076923
0 0.1670673076923076 0.7800480769230769 0.0408653846153846 0.0649038461538461
0 0.359375 0.7367788461538461 0.0603966346153846 0.1469350961538461
0 0.3930288461538461 0.5769230769230769 0.0498798076923076 0.0721153846153846
0 0.5829326923076923 0.4266826923076923 0.048076923076923 0.0751201923076923
0 0.7668269230769231 0.2427884615384615 0.0393629807692307 0.063701923076923
0 0.7415865384615384 0.2704326923076923 0.0417668269230769 0.08984375
0 0.7271634615384616 0.5168269230769231 0.0288461538461538 0.0618990384615384
0 0.7800480769230769 0.5600961538461539 0.0408653846153846 0.1117788461538461
0 0.8317307692307693 0.7331730769230769 0.0537860576923076 0.1400240384615384
