0 0.6682692307692307 0.1502403846153846 0.0579927884615384 0.079326923076923
0 0.4350961538461538 0.1514423076923076 0.0432692307692307 0.0673076923076923
0 0.6141826923076923 0.3076923076923077 0.0640024038461538 0.0727163461538461
0 0.6610576923076923 0.3485576923076923 0.0573918269230769 0.0724158653846153
0 0.6622596153846154 0.4459134615384615 0.0606971153846153 0.0748197115384615
0 0.4194711538461538 0.4771634615384615 0.0528846153846153 0.0606971153846153
0 0.3149038461538461 0.5360576923076923 0.051983173076923 0.0724158653846153
0 0.4206730769230769 0.5949519230769231 0.0612980769230769 0.0703125
0 0.5252403846153846 0.609375 0.0501802884615384 0.05078125
0 0.4675480769230769 0.7884615384615384 0.0546875 0.0679086538461538
