0 0.5120192307692307 0.0661057692307692 0.0348557692307692 0.0498798076923076
0 0.5120192307692307 0.219951923076923 0.0384615384615384 0.0354567307692307
0 0.4387019230769231 0.3533653846153846 0.03125 0.0342548076923076
0 0.4627403846153846 0.4362980769230769 0.0303485576923076 0.0408653846153846
0 0.5120192307692307 0.4338942307692308 0.0381610576923076 0.0408653846153846
0 0.4110576923076923 0.4423076923076923 0.0327524038461538 0.0336538461538461
0 0.4122596153846153 0.5408653846153846 0.0303485576923076 0.0333533653846153
0 0.4651442307692308 0.5492788461538461 0.0225360576923076 0.0315504807692307
0 0.5492788461538461 0.5204326923076923 0.0399639423076923 0.0450721153846153
0 0.5096153846153846 0.5817307692307693 0.0345552884615384 0.0438701923076923
0 0.5132211538461539 0.6622596153846154 0.0354567307692307 0.040264423076923
0 0.4302884615384615 0.6923076923076923 0.0525841346153846 0.0573918269230769
0 0.3966346153846153 0.8353365384615384 0.0621995192307692 0.0450721153846153
