0 0.0528846153846153 0.0625 0.0667067307692307 0.0570913461538461
0 0.235576923076923 0.0817307692307692 0.0631009615384615 0.0634014423076923
0 0.2848557692307692 0.0685096153846153 0.0748197115384615 0.0748197115384615
0 0.671875 0.1358173076923076 0.0417668269230769 0.0643028846153846
0 0.7247596153846154 0.1875 0.0655048076923077 0.0625
0 0.6826923076923077 0.2572115384615384 0.067608173076923 0.0721153846153846
0 0.7271634615384616 0.3341346153846153 0.0655048076923077 0.0621995192307692
0 0.9627403846153846 0.9146634615384616 0.0652043269230769 0.1174879807692307
0 0.7367788461538461 0.6971153846153846 0.08984375 0.0757211538461538
0 0.7451923076923077 0.7776442307692307 0.0618990384615384 0.0703125
0 0.5432692307692307 0.6959134615384616 0.0760216346153846 0.0703125
0 0.2728365384615384 0.5192307692307693 0.0703125 0.0766225961538461
0 0.3353365384615384 0.3894230769230769 0.0847355769230769 0.1343149038461538
0 0.1454326923076923 0.3016826923076923 0.0625 0.0600961538461538
0 0.1634615384615384 0.2512019230769231 0.0528846153846153 0.0459735576923076
0 0.6478365384615384 0.5216346153846154 0.0646033653846153 0.0766225961538461
0 0.1045673076923077 0.126201923076923 0.0543870192307692 0.0649038461538461
