0 0.0841346153846153 0.079326923076923 0.0667067307692307 0.0576923076923076
0 0.2596153846153846 0.0973557692307692 0.0576923076923076 0.0561899038461538
0 0.3064903846153846 0.0853365384615384 0.0646033653846153 0.0646033653846153
0 0.6778846153846154 0.1490384615384615 0.04296875 0.05859375
0 0.7271634615384616 0.1995192307692307 0.0600961538461538 0.0576923076923076
0 0.6887019230769231 0.265625 0.0555889423076923 0.0625
0 0.7307692307692307 0.3389423076923077 0.0588942307692307 0.0537860576923076
0 0.9567307692307692 0.8966346153846154 0.0724158653846153 0.1156850961538461
0 0.7391826923076923 0.6875 0.0883413461538461 0.0721153846153846
0 0.7475961538461539 0.7644230769230769 0.0631009615384615 0.0721153846153846
0 0.5540865384615384 0.6862980769230769 0.0787259615384615 0.0751201923076923
0 0.2944711538461538 0.5168269230769231 0.0576923076923076 0.0625
0 0.3545673076923077 0.3918269230769231 0.0943509615384615 0.1304086538461538
0 0.171875 0.3088942307692308 0.0655048076923077 0.0643028846153846
0 0.1899038461538461 0.2596153846153846 0.0531850961538461 0.0474759615384615
0 0.6550480769230769 0.5192307692307693 0.0688100961538461 0.0778245192307692
0 0.1334134615384615 0.140625 0.0543870192307692 0.0649038461538461
