0 0.0625 0.0564903846153846 0.0634014423076923 0.0555889423076923
0 0.2427884615384615 0.0757211538461538 0.0621995192307692 0.0646033653846153
0 0.2908653846153846 0.0625 0.071514423076923 0.0721153846153846
0 0.671875 0.1286057692307692 0.0462740384615384 0.0646033653846153
0 0.7235576923076923 0.1790865384615384 0.0673076923076923 0.0646033653846153
0 0.6826923076923077 0.2475961538461538 0.0667067307692307 0.0712139423076923
0 0.7259615384615384 0.3233173076923077 0.0679086538461538 0.0625
0 0.9579326923076924 0.8954326923076923 0.0694110576923077 0.1168870192307692
0 0.7355769230769231 0.6802884615384616 0.0919471153846153 0.0730168269230769
0 0.7439903846153846 0.7596153846153846 0.0658052884615384 0.0730168269230769
0 0.5456730769230769 0.6790865384615384 0.0769230769230769 0.0736177884615384
0 0.2788461538461538 0.5060096153846154 0.0579927884615384 0.0649038461538461
0 0.3401442307692308 0.3774038461538461 0.0880408653846153 0.1307091346153846
0 0.1538461538461538 0.2920673076923077 0.0634014423076923 0.0609975961538461
0 0.171875 0.2415865384615384 0.0510817307692307 0.0417668269230769
0 0.6478365384615384 0.5072115384615384 0.0688100961538461 0.0769230769230769
0 0.1129807692307692 0.1189903846153846 0.0570913461538461 0.0658052884615384
