0 0.7608173076923077 0.6237980769230769 0.0501802884615384 0.0606971153846153
0 0.7355769230769231 0.6995192307692307 0.0573918269230769 0.0435697115384615
0 0.7487980769230769 0.1310096153846154 0.0561899038461538 0.0417668269230769
0 0.7536057692307693 0.1947115384615384 0.0543870192307692 0.0477764423076923
0 0.2944711538461538 0.1971153846153846 0.05078125 0.0438701923076923
0 0.2872596153846153 0.4459134615384615 0.0549879807692307 0.0498798076923076
0 0.2283653846153846 0.4459134615384615 0.0489783653846153 0.0462740384615384
0 0.1189903846153846 0.4459134615384615 0.0414663461538461 0.0405649038461538
0 0.219951923076923 0.5528846153846154 0.0414663461538461 0.0579927884615384
0 0.2896634615384615 0.5733173076923077 0.0447716346153846 0.0498798076923076
0 0.1802884615384615 0.6225961538461539 0.028545673076923 0.0387620192307692
0 0.8112980769230769 0.8665865384615384 0.0591947115384615 0.0649038461538461
