0 0.6514423076923077 0.28125 0.0381610576923076 0.048076923076923
0 0.6778846153846154 0.3064903846153846 0.0339543269230769 0.0321514423076923
0 0.6682692307692307 0.4615384615384615 0.0342548076923076 0.0474759615384615
0 0.4507211538461538 0.5408653846153846 0.0643028846153846 0.0528846153846153
0 0.1995192307692307 0.7391826923076923 0.0339543269230769 0.036358173076923
0 0.2427884615384615 0.5721153846153846 0.0381610576923076 0.0522836538461538
0 0.2151442307692307 0.4591346153846153 0.0366586538461538 0.0420673076923076
0 0.2127403846153846 0.3918269230769231 0.0309495192307692 0.0375600961538461
0 0.2151442307692307 0.28125 0.0267427884615384 0.0336538461538461
0 0.25 0.2463942307692307 0.0279447115384615 0.0369591346153846
0 0.3762019230769231 0.2163461538461538 0.0288461538461538 0.0336538461538461
0 0.4591346153846153 0.1814903846153846 0.0288461538461538 0.0360576923076923
0 0.4591346153846153 0.2512019230769231 0.01953125 0.0267427884615384
0 0.4579326923076923 0.2512019230769231 0.040264423076923 0.0432692307692307
0 0.4507211538461538 0.2896634615384615 0.0267427884615384 0.0309495192307692
