0 0.6658653846153846 0.2896634615384615 0.0333533653846153 0.0453725961538461
0 0.6935096153846154 0.3149038461538461 0.0357572115384615 0.0348557692307692
0 0.6838942307692307 0.4675480769230769 0.0318509615384615 0.0456730769230769
0 0.46875 0.5444711538461539 0.0634014423076923 0.0549879807692307
0 0.2223557692307692 0.7391826923076923 0.0357572115384615 0.0399639423076923
0 0.265625 0.5757211538461539 0.0306490384615384 0.0459735576923076
0 0.2379807692307692 0.4651442307692308 0.0390625 0.0432692307692307
0 0.235576923076923 0.3978365384615384 0.0279447115384615 0.0336538461538461
0 0.2379807692307692 0.2896634615384615 0.0288461538461538 0.03515625
0 0.2728365384615384 0.2548076923076923 0.0219350961538461 0.0381610576923076
0 0.3966346153846153 0.2259615384615384 0.0288461538461538 0.0333533653846153
0 0.4783653846153846 0.1923076923076923 0.024639423076923 0.0336538461538461
0 0.4783653846153846 0.2608173076923077 0.0201322115384615 0.0267427884615384
0 0.4759615384615384 0.2608173076923077 0.0345552884615384 0.040264423076923
0 0.46875 0.2980769230769231 0.0288461538461538 0.0300480769230769
