0 0.4375 0.5709134615384616 0.0679086538461538 0.0913461538461538
0 0.2415865384615384 0.5480769230769231 0.059795673076923 0.0766225961538461
0 0.5168269230769231 0.5528846153846154 0.05859375 0.0769230769230769
0 0.5516826923076923 0.6766826923076923 0.0721153846153846 0.0694110576923077
0 0.4819711538461538 0.2091346153846154 0.0576923076923076 0.0576923076923076
0 0.5480769230769231 0.110576923076923 0.0628004807692307 0.0628004807692307
0 0.5745192307692307 0.2896634615384615 0.0612980769230769 0.0609975961538461
0 0.6274038461538461 0.4627403846153846 0.0621995192307692 0.0691105769230769
0 0.5420673076923077 0.7956730769230769 0.0504807692307692 0.0567908653846153
0 0.5576923076923077 0.8425480769230769 0.0528846153846153 0.0643028846153846
