0 0.8689903846153846 0.2139423076923076 0.02734375 0.0342548076923076
0 0.8737980769230769 0.3425480769230769 0.0288461538461538 0.0360576923076923
0 0.8461538461538461 0.3665865384615384 0.0243389423076923 0.0288461538461538
0 0.8677884615384616 0.4411057692307692 0.0537860576923076 0.036358173076923
0 0.8954326923076923 0.4074519230769231 0.0405649038461538 0.0432692307692307
0 0.7632211538461539 0.4975961538461538 0.0369591346153846 0.0378605769230769
0 0.7572115384615384 0.5985576923076923 0.0486778846153846 0.0534855769230769
0 0.6189903846153846 0.5204326923076923 0.0318509615384615 0.0369591346153846
0 0.6995192307692307 0.4471153846153846 0.0330528846153846 0.0300480769230769
0 0.609375 0.3149038461538461 0.0555889423076923 0.0432692307692307
0 0.4146634615384615 0.3834134615384615 0.0318509615384615 0.040264423076923
0 0.4146634615384615 0.4915865384615384 0.0318509615384615 0.0306490384615384
0 0.3605769230769231 0.4807692307692308 0.0330528846153846 0.046875
0 0.3605769230769231 0.3978365384615384 0.0336538461538461 0.0453725961538461
0 0.34375 0.3233173076923077 0.0291466346153846 0.0369591346153846
0 0.2836538461538461 0.3533653846153846 0.0333533653846153 0.0393629807692307
0 0.1213942307692307 0.3161057692307692 0.0600961538461538 0.0366586538461538
0 0.1586538461538461 0.3846153846153846 0.0342548076923076 0.0489783653846153
0 0.0901442307692307 0.6105769230769231 0.0886418269230769 0.0724158653846153
