0 0.8762019230769231 0.2079326923076923 0.0288461538461538 0.0357572115384615
0 0.8822115384615384 0.3425480769230769 0.024639423076923 0.0357572115384615
0 0.8521634615384616 0.3665865384615384 0.0270432692307692 0.0321514423076923
0 0.875 0.4435096153846153 0.0621995192307692 0.0456730769230769
0 0.903846153846154 0.4086538461538461 0.0396634615384615 0.044170673076923
0 0.7668269230769231 0.5024038461538461 0.0348557692307692 0.0387620192307692
0 0.7608173076923077 0.6057692307692307 0.0465745192307692 0.0531850961538461
0 0.6177884615384616 0.5252403846153846 0.0345552884615384 0.0408653846153846
0 0.7019230769230769 0.4495192307692308 0.0294471153846153 0.0333533653846153
0 0.6081730769230769 0.3125 0.0621995192307692 0.0489783653846153
0 0.40625 0.3834134615384615 0.0345552884615384 0.0411658653846153
0 0.4074519230769231 0.4951923076923077 0.0321514423076923 0.0294471153846153
0 0.3521634615384615 0.484375 0.0315504807692307 0.0465745192307692
0 0.3509615384615384 0.3990384615384615 0.0339543269230769 0.0474759615384615
0 0.3341346153846153 0.3221153846153846 0.032451923076923 0.0390625
0 0.2716346153846153 0.3521634615384615 0.0333533653846153 0.0408653846153846
0 0.1045673076923077 0.3137019230769231 0.0625 0.036358173076923
0 0.1430288461538461 0.3846153846153846 0.0384615384615384 0.0522836538461538
0 0.0721153846153846 0.6177884615384616 0.0922475961538461 0.0760216346153846
