0 0.8942307692307693 0.1911057692307692 0.0294471153846153 0.036358173076923
0 0.9002403846153846 0.3245192307692308 0.03125 0.0381610576923076
0 0.8701923076923077 0.3485576923076923 0.0288461538461538 0.0333533653846153
0 0.8942307692307693 0.4254807692307692 0.0579927884615384 0.0378605769230769
0 0.921875 0.390625 0.0408653846153846 0.0447716346153846
0 0.7848557692307693 0.484375 0.040264423076923 0.0405649038461538
0 0.7800480769230769 0.5889423076923077 0.0447716346153846 0.051983173076923
0 0.6370192307692307 0.5072115384615384 0.0375600961538461 0.0420673076923076
0 0.7199519230769231 0.4314903846153846 0.0354567307692307 0.0357572115384615
0 0.6262019230769231 0.2944711538461538 0.059795673076923 0.0465745192307692
0 0.4242788461538461 0.3653846153846153 0.0315504807692307 0.0387620192307692
0 0.4254807692307692 0.4771634615384615 0.0297475961538461 0.0270432692307692
0 0.3701923076923077 0.4663461538461538 0.0327524038461538 0.0471754807692307
0 0.3689903846153846 0.3810096153846153 0.0267427884615384 0.0432692307692307
0 0.3521634615384615 0.3040865384615384 0.03125 0.0384615384615384
0 0.2908653846153846 0.3353365384615384 0.0345552884615384 0.0414663461538461
0 0.1225961538461538 0.2956730769230769 0.0625 0.0375600961538461
0 0.1610576923076923 0.3665865384615384 0.0420673076923076 0.0528846153846153
0 0.0901442307692307 0.5997596153846154 0.098858173076923 0.0844350961538461
