0 0.1706730769230769 0.1189903846153846 0.0387620192307692 0.0414663461538461
0 0.1346153846153846 0.1502403846153846 0.0396634615384615 0.0321514423076923
0 0.1622596153846154 0.2007211538461538 0.0405649038461538 0.036358173076923
0 0.0901442307692307 0.1814903846153846 0.03125 0.03515625
0 0.0877403846153846 0.21875 0.040264423076923 0.0381610576923076
0 0.2151442307692307 0.3665865384615384 0.0369591346153846 0.0270432692307692
0 0.1646634615384615 0.375 0.03125 0.0330528846153846
0 0.2704326923076923 0.5649038461538461 0.0321514423076923 0.0387620192307692
0 0.3209134615384615 0.4879807692307692 0.0321514423076923 0.0384615384615384
0 0.2235576923076923 0.4891826923076923 0.0342548076923076 0.0408653846153846
0 0.5973557692307693 0.1274038461538461 0.0408653846153846 0.0709134615384615
0 0.6334134615384616 0.3822115384615384 0.0411658653846153 0.0339543269230769
0 0.5673076923076923 0.3798076923076923 0.04296875 0.0345552884615384
0 0.6262019230769231 0.4278846153846153 0.036358173076923 0.0342548076923076
0 0.6334134615384616 0.5300480769230769 0.0504807692307692 0.0450721153846153
0 0.6262019230769231 0.484375 0.0318509615384615 0.0411658653846153
0 0.3341346153846153 0.6466346153846154 0.0393629807692307 0.0435697115384615
0 0.2211538461538461 0.6466346153846154 0.0435697115384615 0.0444711538461538
0 0.8485576923076923 0.1274038461538461 0.0423677884615384 0.0709134615384615
0 0.8617788461538461 0.2680288461538461 0.0357572115384615 0.0357572115384615
0 0.8545673076923077 0.2956730769230769 0.0369591346153846 0.032451923076923
0 0.8725961538461539 0.3365384615384615 0.0336538461538461 0.0375600961538461
