0 0.1754807692307692 0.1081730769230769 0.0381610576923076 0.0426682692307692
0 0.1382211538461538 0.140625 0.0366586538461538 0.0303485576923076
0 0.1658653846153846 0.1911057692307692 0.0423677884615384 0.0369591346153846
0 0.09375 0.171875 0.0288461538461538 0.0315504807692307
0 0.0913461538461538 0.2079326923076923 0.0390625 0.0399639423076923
0 0.219951923076923 0.3569711538461538 0.0399639423076923 0.0306490384615384
0 0.1694711538461538 0.3641826923076923 0.0306490384615384 0.0318509615384615
0 0.2752403846153846 0.5552884615384616 0.0369591346153846 0.04296875
0 0.3257211538461538 0.4783653846153846 0.0315504807692307 0.0384615384615384
0 0.2271634615384615 0.4795673076923077 0.0408653846153846 0.0450721153846153
0 0.6009615384615384 0.1177884615384615 0.046875 0.071514423076923
0 0.6370192307692307 0.3713942307692308 0.04296875 0.036358173076923
0 0.5709134615384616 0.3689903846153846 0.0417668269230769 0.03515625
0 0.6298076923076923 0.4170673076923077 0.0387620192307692 0.0384615384615384
0 0.6382211538461539 0.5204326923076923 0.048076923076923 0.0414663461538461
0 0.6298076923076923 0.4735576923076923 0.0342548076923076 0.04296875
0 0.3389423076923077 0.6370192307692307 0.0381610576923076 0.04296875
0 0.2247596153846154 0.6358173076923077 0.0459735576923076 0.0462740384615384
0 0.8533653846153846 0.1177884615384615 0.0339543269230769 0.0673076923076923
0 0.8653846153846154 0.2584134615384615 0.0339543269230769 0.03515625
0 0.859375 0.2860576923076923 0.0369591346153846 0.032451923076923
0 0.8774038461538461 0.3269230769230769 0.0330528846153846 0.0345552884615384
