0 0.0360576923076923 0.1826923076923076 0.0628004807692307 0.0634014423076923
0 0.2283653846153846 0.421875 0.0618990384615384 0.0643028846153846
0 0.2307692307692307 0.7331730769230769 0.06640625 0.0808293269230769
0 0.3028846153846153 0.6754807692307693 0.0483774038461538 0.06640625
0 0.3617788461538461 0.6826923076923077 0.0643028846153846 0.0874399038461538
0 0.3665865384615384 0.5552884615384616 0.055889423076923 0.071514423076923
0 0.4567307692307692 0.7463942307692307 0.0724158653846153 0.0802283653846153
0 0.7019230769230769 0.7223557692307693 0.0579927884615384 0.0817307692307692
0 0.7019230769230769 0.6057692307692307 0.0579927884615384 0.0814302884615384
0 0.796875 0.4975961538461538 0.059795673076923 0.0817307692307692
0 0.8641826923076923 0.4362980769230769 0.0552884615384615 0.0700120192307692
0 0.7872596153846154 0.328125 0.0643028846153846 0.0745192307692307
0 0.8425480769230769 0.3269230769230769 0.0552884615384615 0.0772235576923077
