0 0.7680288461538461 0.34375 0.0594951923076923 0.0381610576923076
0 0.8485576923076923 0.1754807692307692 0.0471754807692307 0.0375600961538461
0 0.7355769230769231 0.3076923076923077 0.0615985576923076 0.0372596153846153
0 0.6129807692307693 0.3137019230769231 0.0432692307692307 0.0240384615384615
0 0.4867788461538461 0.3125 0.0405649038461538 0.0240384615384615
0 0.4182692307692308 0.1057692307692307 0.0534855769230769 0.0387620192307692
0 0.3990384615384615 0.3581730769230769 0.051983173076923 0.0384615384615384
0 0.4387019230769231 0.3497596153846153 0.0321514423076923 0.0270432692307692
0 0.4387019230769231 0.3990384615384615 0.0360576923076923 0.024639423076923
0 0.3978365384615384 0.4026442307692308 0.0691105769230769 0.0546875
0 0.1610576923076923 0.4987980769230769 0.1694711538461538 0.0703125
0 0.6538461538461539 0.6983173076923077 0.0531850961538461 0.0309495192307692
0 0.7103365384615384 0.7007211538461539 0.0417668269230769 0.0315504807692307
0 0.734375 0.8125 0.0495793269230769 0.0330528846153846
0 0.6478365384615384 0.8137019230769231 0.036358173076923 0.0264423076923076
0 0.4771634615384615 0.8173076923076923 0.040264423076923 0.028545673076923
0 0.4254807692307692 0.8209134615384616 0.0579927884615384 0.0288461538461538
0 0.2992788461538461 0.8161057692307693 0.0594951923076923 0.02734375
0 0.1754807692307692 0.8209134615384616 0.0540865384615384 0.036358173076923
0 0.1766826923076923 0.908653846153846 0.0498798076923076 0.028545673076923
0 0.4098557692307692 0.6177884615384616 0.0606971153846153 0.04296875
