0 0.7608173076923077 0.3389423076923077 0.0576923076923076 0.0339543269230769
0 0.8401442307692307 0.1706730769230769 0.0495793269230769 0.0393629807692307
0 0.7271634615384616 0.3016826923076923 0.0640024038461538 0.0408653846153846
0 0.6045673076923077 0.3076923076923077 0.0414663461538461 0.0276442307692307
0 0.4783653846153846 0.3064903846153846 0.0387620192307692 0.0258413461538461
0 0.4110576923076923 0.1009615384615384 0.0576923076923076 0.0477764423076923
0 0.390625 0.3521634615384615 0.0495793269230769 0.0354567307692307
0 0.4314903846153846 0.34375 0.0315504807692307 0.0252403846153846
0 0.4314903846153846 0.3930288461538461 0.0360576923076923 0.0258413461538461
0 0.390625 0.3978365384615384 0.0673076923076923 0.0504807692307692
0 0.1538461538461538 0.4927884615384615 0.171875 0.071514423076923
0 0.6454326923076923 0.6923076923076923 0.0549879807692307 0.0381610576923076
0 0.7019230769230769 0.6947115384615384 0.0393629807692307 0.0297475961538461
0 0.7271634615384616 0.8076923076923077 0.0495793269230769 0.0342548076923076
0 0.640625 0.8088942307692307 0.0369591346153846 0.0270432692307692
0 0.4699519230769231 0.8112980769230769 0.0414663461538461 0.0315504807692307
0 0.4170673076923077 0.8161057692307693 0.059795673076923 0.0270432692307692
0 0.2908653846153846 0.8100961538461539 0.0582932692307692 0.028545673076923
0 0.1682692307692307 0.8149038461538461 0.0534855769230769 0.0327524038461538
0 0.1682692307692307 0.9026442307692308 0.048076923076923 0.0261418269230769
0 0.4014423076923077 0.6117788461538461 0.0618990384615384 0.0447716346153846
