0 0.7716346153846154 0.3629807692307692 0.0618990384615384 0.0444711538461538
0 0.8521634615384616 0.1935096153846154 0.0498798076923076 0.0408653846153846
0 0.7391826923076923 0.3257211538461538 0.059795673076923 0.03125
0 0.6153846153846154 0.3317307692307692 0.0435697115384615 0.0240384615384615
0 0.4879807692307692 0.3305288461538461 0.0393629807692307 0.0264423076923076
0 0.4194711538461538 0.1237980769230769 0.059795673076923 0.048076923076923
0 0.4002403846153846 0.3762019230769231 0.0501802884615384 0.0366586538461538
0 0.4411057692307692 0.3689903846153846 0.0309495192307692 0.0240384615384615
0 0.4411057692307692 0.4182692307692308 0.0354567307692307 0.024639423076923
0 0.3990384615384615 0.421875 0.0673076923076923 0.0528846153846153
0 0.1610576923076923 0.5180288461538461 0.1685697115384615 0.0646033653846153
0 0.65625 0.71875 0.0525841346153846 0.0291466346153846
0 0.7127403846153846 0.7211538461538461 0.0417668269230769 0.0333533653846153
0 0.7379807692307693 0.8341346153846154 0.0489783653846153 0.0336538461538461
0 0.6514423076923077 0.8353365384615384 0.0420673076923076 0.0318509615384615
0 0.4795673076923077 0.8377403846153846 0.0417668269230769 0.0309495192307692
0 0.4266826923076923 0.8425480769230769 0.0609975961538461 0.0366586538461538
0 0.2992788461538461 0.8365384615384616 0.0594951923076923 0.0291466346153846
0 0.1754807692307692 0.8413461538461539 0.0537860576923076 0.0333533653846153
0 0.1766826923076923 0.9302884615384616 0.048076923076923 0.0249399038461538
0 0.4110576923076923 0.6370192307692307 0.0612980769230769 0.0420673076923076
