0 0.204326923076923 0.2475961538461538 0.0826322115384615 0.1382211538461538
0 0.2055288461538461 0.4831730769230769 0.0561899038461538 0.063701923076923
0 0.2716346153846153 0.5516826923076923 0.0709134615384615 0.0652043269230769
0 0.1658653846153846 0.5709134615384616 0.0618990384615384 0.0501802884615384
0 0.2223557692307692 0.7127403846153846 0.0609975961538461 0.0555889423076923
0 0.3641826923076923 0.703125 0.0543870192307692 0.0655048076923077
0 0.7127403846153846 0.2487980769230769 0.08984375 0.1394230769230769
0 0.8774038461538461 0.6165865384615384 0.0628004807692307 0.0736177884615384
0 0.8858173076923077 0.7127403846153846 0.0706129807692307 0.0600961538461538
0 0.7584134615384616 0.7199519230769231 0.0640024038461538 0.0673076923076923
0 0.7548076923076923 0.8353365384615384 0.0661057692307692 0.0769230769230769
0 0.7848557692307693 0.9290865384615384 0.075420673076923 0.0658052884615384
