0 0.7548076923076923 0.171875 0.0384615384615384 0.0609975961538461
0 0.7139423076923077 0.3737980769230769 0.0471754807692307 0.0549879807692307
0 0.6911057692307693 0.5685096153846154 0.0360576923076923 0.0411658653846153
0 0.7944711538461539 0.6983173076923077 0.0357572115384615 0.05078125
0 0.7391826923076923 0.6850961538461539 0.0417668269230769 0.0531850961538461
0 0.7872596153846154 0.8233173076923077 0.0417668269230769 0.0655048076923077
0 0.375 0.6298076923076923 0.0438701923076923 0.0528846153846153
0 0.2704326923076923 0.7572115384615384 0.0495793269230769 0.0573918269230769
0 0.2704326923076923 0.5432692307692307 0.0411658653846153 0.0390625
0 0.3004807692307692 0.4459134615384615 0.0444711538461538 0.0543870192307692
0 0.25 0.3882211538461538 0.0387620192307692 0.0462740384615384
0 0.2415865384615384 0.1694711538461538 0.0408653846153846 0.0591947115384615
0 0.1838942307692307 0.1286057692307692 0.0399639423076923 0.0399639423076923
