0 0.7548076923076923 0.1778846153846154 0.0435697115384615 0.0625
0 0.7139423076923077 0.3834134615384615 0.0474759615384615 0.0546875
0 0.6911057692307693 0.5805288461538461 0.0408653846153846 0.0462740384615384
0 0.7956730769230769 0.7127403846153846 0.0423677884615384 0.0549879807692307
0 0.7403846153846154 0.6983173076923077 0.0438701923076923 0.0555889423076923
0 0.7884615384615384 0.8401442307692307 0.0438701923076923 0.0655048076923077
0 0.3701923076923077 0.6430288461538461 0.0378605769230769 0.0501802884615384
0 0.2632211538461538 0.7716346153846154 0.0411658653846153 0.0531850961538461
0 0.2632211538461538 0.5540865384615384 0.0456730769230769 0.0447716346153846
0 0.2944711538461538 0.4555288461538461 0.0411658653846153 0.05078125
0 0.2427884615384615 0.3966346153846153 0.0390625 0.0474759615384615
0 0.234375 0.1754807692307692 0.0315504807692307 0.0534855769230769
0 0.1766826923076923 0.1346153846153846 0.0408653846153846 0.0426682692307692
