0 0.404609 0.547716 0.014552 0.021910
0 0.449439 0.745506 0.021545 0.028533
0 0.500786 0.749265 0.022361 0.028090
0 0.394818 0.639869 0.022364 0.027627
0 0.431115 0.633914 0.017418 0.016157
0 0.546217 0.399224 0.025294 0.027875
0 0.243106 0.654357 0.020103 0.027733
0 0.483258 0.568878 0.026473 0.015914
0 0.183450 0.711188 0.061639 0.042792
0 0.391373 0.582249 0.022030 0.031604
0 0.402677 0.531855 0.043615 0.007294
0 0.579738 0.441141 0.041797 0.037318
0 0.458442 0.596488 0.012345 0.015416
0 0.121680 0.711371 0.061639 0.042796
0 0.483021 0.588055 0.024006 0.031098
0 0.279877 0.581606 0.029100 0.030812
