0 0.161332 0.612955 0.032621 0.043173
0 0.192773 0.613049 0.031145 0.042216
0 0.267268 0.559549 0.020924 0.025592
0 0.267076 0.495737 0.020539 0.026086
0 0.307200 0.487400 0.022455 0.028894
0 0.416086 0.486327 0.021052 0.023776
0 0.427006 0.438067 0.043248 0.006769
0 0.428794 0.453257 0.015182 0.021298
0 0.474374 0.650973 0.022064 0.027396
0 0.524879 0.655612 0.021830 0.027537
0 0.419392 0.545853 0.021391 0.028396
0 0.455942 0.539431 0.017752 0.016980
0 0.603711 0.351214 0.043906 0.030278
0 0.570242 0.304800 0.025448 0.029396
