0 0.219433 0.461033 0.012103 0.016404
0 0.255121 0.448145 0.013152 0.030831
0 0.642603 0.435490 0.009721 0.012580
0 0.654612 0.414278 0.008958 0.013318
0 0.692539 0.388935 0.012200 0.014184
0 0.692539 0.388935 0.012200 0.014184
0 0.692539 0.388935 0.012200 0.014184
0 0.728348 0.460916 0.006176 0.011086
0 0.674894 0.473225 0.018697 0.014176
0 0.845074 0.460896 0.005336 0.010976
0 0.759636 0.410033 0.010000 0.013792
0 0.677444 0.383300 0.009433 0.013071
0 0.546700 0.519992 0.009697 0.013373
0 0.557432 0.496890 0.017761 0.031827
