0 0.339698 0.479631 0.010361 0.012792
0 0.225285 0.590402 0.010006 0.013816
0 0.270597 0.590898 0.010006 0.013812
0 0.273173 0.552914 0.010006 0.013812
0 0.223521 0.552173 0.010006 0.013812
0 0.223712 0.490455 0.010006 0.012439
0 0.272503 0.490192 0.010006 0.012792
0 0.223561 0.451353 0.010006 0.012792
0 0.272485 0.450502 0.010006 0.012792
0 0.225127 0.399553 0.010006 0.012792
0 0.271167 0.399765 0.010006 0.012792
0 0.223479 0.358088 0.010006 0.012796
0 0.272485 0.357341 0.010006 0.012792
0 0.339806 0.358122 0.010006 0.012792
0 0.389279 0.358122 0.010006 0.012792
0 0.387215 0.399576 0.010006 0.012792
0 0.342012 0.399576 0.010006 0.012792
0 0.330836 0.462404 0.010006 0.012792
0 0.389065 0.479631 0.010361 0.012792
0 0.339877 0.552502 0.010361 0.012792
0 0.389065 0.551949 0.010361 0.012792
0 0.342011 0.591008 0.010361 0.012792
0 0.387429 0.590639 0.010361 0.012792
0 0.458123 0.590820 0.010361 0.012792
0 0.503962 0.590941 0.010361 0.012792
0 0.505392 0.552216 0.010361 0.012792
0 0.456505 0.552463 0.010361 0.012792
0 0.456505 0.489690 0.010361 0.012792
0 0.505620 0.489980 0.010361 0.012792
0 0.505762 0.450733 0.010361 0.012792
0 0.456502 0.450549 0.010361 0.012792
0 0.458138 0.399514 0.010361 0.012792
0 0.504124 0.399514 0.010364 0.012792
0 0.456571 0.358149 0.010361 0.012792
0 0.505477 0.358149 0.010361 0.012792
0 0.547765 0.371808 0.012773 0.016933
0 0.601529 0.450380 0.010361 0.012792
0 0.601529 0.488220 0.010361 0.012792
0 0.601611 0.552173 0.010361 0.012792
0 0.574895 0.590753 0.010361 0.012792
