0 0.395561 0.342733 0.005382 0.007380
0 0.178003 0.366663 0.006618 0.009027
0 0.196298 0.360490 0.007900 0.016212
0 0.346827 0.384429 0.008042 0.017235
0 0.341418 0.396220 0.004485 0.006369
0 0.490829 0.366908 0.003142 0.005353
0 0.447961 0.340976 0.004921 0.006855
0 0.483983 0.340937 0.005106 0.007255
0 0.414341 0.330563 0.006167 0.007188
0 0.390206 0.353647 0.005606 0.006486
0 0.432565 0.366445 0.003058 0.005761
0 0.700241 0.254559 0.013245 0.010482
0 0.715877 0.302959 0.009567 0.006890
0 0.727630 0.312806 0.005103 0.006075
