0 0.429042 0.580169 0.010461 0.012878
0 0.666253 0.371780 0.021688 0.014031
0 0.692726 0.391345 0.010845 0.012878
0 0.759448 0.388455 0.009824 0.012055
0 0.768252 0.401004 0.008036 0.009412
0 0.767939 0.412314 0.008036 0.009412
0 0.748036 0.427008 0.009824 0.013043
0 0.733614 0.447067 0.009439 0.013043
0 0.666062 0.459037 0.048355 0.018161
0 0.775332 0.459529 0.010973 0.013208
0 0.803398 0.446735 0.008676 0.009408
0 0.797153 0.436420 0.008676 0.009412
0 0.796774 0.424367 0.007664 0.009408
0 0.796956 0.412478 0.008027 0.009412
0 0.797338 0.401253 0.008536 0.009408
0 0.818006 0.426924 0.009824 0.013706
0 0.806588 0.388704 0.009952 0.012216
0 0.729620 0.562620 0.011482 0.023937
0 0.774926 0.485798 0.010864 0.015416
0 0.787933 0.484680 0.009624 0.013455
0 0.772829 0.651167 0.010197 0.024420
0 0.807994 0.647157 0.011152 0.014675
0 0.729182 0.651967 0.010958 0.024294
0 0.783120 0.700063 0.010197 0.012949
0 0.796558 0.699820 0.010388 0.012949
0 0.730708 0.700312 0.010961 0.014184
0 0.700117 0.711163 0.010579 0.013196
0 0.719129 0.735582 0.009912 0.013196
0 0.632147 0.711102 0.009142 0.013004
0 0.601179 0.735616 0.009964 0.014282
0 0.613286 0.735402 0.009967 0.013643
0 0.556377 0.735778 0.010197 0.014059
0 0.485095 0.736088 0.009245 0.013196
0 0.439544 0.736580 0.009815 0.013443
0 0.368308 0.735720 0.010100 0.013690
0 0.323279 0.735904 0.009436 0.014059
0 0.251377 0.735596 0.009148 0.012949
0 0.279641 0.517229 0.012991 0.017957
0 0.272777 0.462216 0.019039 0.013373
0 0.322612 0.519996 0.010576 0.016031
0 0.367774 0.519427 0.011100 0.013043
0 0.440236 0.519594 0.010079 0.014035
0 0.484762 0.519678 0.010591 0.013208
0 0.437494 0.619067 0.010461 0.012878
0 0.437873 0.657863 0.010461 0.012878
0 0.487629 0.618569 0.010464 0.012878
0 0.486864 0.658522 0.010461 0.012878
0 0.437745 0.697157 0.010461 0.012878
0 0.486991 0.697157 0.010461 0.012878
0 0.555883 0.673380 0.010464 0.012878
0 0.587012 0.672392 0.010461 0.012878
0 0.585736 0.596443 0.010461 0.012878
0 0.556011 0.595784 0.010464 0.012878
0 0.556265 0.520996 0.010464 0.012878
0 0.601173 0.519675 0.010461 0.012878
0 0.631918 0.521655 0.010461 0.012878
