0 0.434979 0.263820 0.019533 0.024541
0 0.462703 0.223637 0.018303 0.026255
0 0.518715 0.288633 0.019406 0.024969
0 0.573627 0.264161 0.014776 0.017694
0 0.561994 0.241902 0.015770 0.018549
0 0.561827 0.217716 0.014776 0.018976
0 0.561553 0.193814 0.014003 0.017980
0 0.561714 0.170841 0.014003 0.017980
0 0.503605 0.170841 0.014003 0.017980
0 0.503495 0.193386 0.014003 0.017980
0 0.460332 0.146512 0.018633 0.022686
0 0.486071 0.146653 0.017658 0.023259
0 0.580397 0.147112 0.017642 0.023400
0 0.604485 0.146825 0.018848 0.023690
0 0.603167 0.223594 0.018855 0.026827
0 0.631503 0.263904 0.018636 0.024686
0 0.735574 0.302449 0.009039 0.012537
0 0.749668 0.282043 0.009609 0.012627
0 0.777432 0.315014 0.009894 0.012247
0 0.805300 0.302816 0.007545 0.008855
0 0.799176 0.291486 0.007545 0.008855
0 0.798818 0.279512 0.007545 0.008851
0 0.769988 0.267720 0.007545 0.008851
0 0.770061 0.256388 0.007545 0.008855
0 0.799530 0.267167 0.007545 0.008851
0 0.799388 0.256480 0.007545 0.008851
0 0.820030 0.282451 0.009697 0.012353
0 0.834242 0.302457 0.009030 0.012184
0 0.808148 0.244276 0.009539 0.012067
0 0.761948 0.244506 0.010818 0.012714
0 0.124089 0.846312 0.019779 0.024835
