0 0.114482 0.814029 0.016097 0.019549
0 0.201088 0.814243 0.014236 0.019694
0 0.220279 0.814669 0.014776 0.019690
0 0.131467 0.761018 0.014776 0.019690
0 0.211077 0.760590 0.014779 0.019690
0 0.231367 0.760590 0.014776 0.019690
0 0.130091 0.688039 0.015333 0.036392
0 0.195861 0.687882 0.015333 0.037098
0 0.248230 0.680747 0.016982 0.020137
0 0.180197 0.616892 0.013673 0.017424
0 0.197233 0.616327 0.013564 0.017980
0 0.130139 0.553676 0.014485 0.035886
0 0.356033 0.814400 0.015436 0.018549
0 0.441379 0.815443 0.015352 0.017765
0 0.462342 0.815345 0.015352 0.017765
0 0.398129 0.757843 0.015942 0.021020
0 0.441826 0.757847 0.015942 0.021020
0 0.462195 0.758037 0.015942 0.021024
0 0.462344 0.717351 0.015942 0.019494
0 0.490533 0.629861 0.015352 0.036678
0 0.370894 0.640843 0.015497 0.018910
0 0.370774 0.603057 0.015500 0.018914
0 0.371202 0.565067 0.015500 0.018651
0 0.371059 0.526227 0.015500 0.018651
0 0.420391 0.513976 0.015497 0.018651
0 0.490580 0.514251 0.015500 0.018651
0 0.459045 0.438480 0.013667 0.017965
0 0.440035 0.440041 0.015955 0.020184
0 0.440921 0.399494 0.014097 0.018424
0 0.377955 0.381204 0.015455 0.021106
0 0.199574 0.398973 0.014161 0.018494
0 0.135653 0.380563 0.018003 0.021957
0 0.198741 0.440247 0.016088 0.020800
0 0.217947 0.438761 0.015948 0.019153
0 0.410203 0.196461 0.021994 0.024263
0 0.620812 0.241675 0.019127 0.024753
