0 0.215565 0.416941 0.010464 0.013373
0 0.408373 0.500141 0.010461 0.013373
0 0.417845 0.518263 0.010461 0.013373
0 0.466606 0.517729 0.010461 0.013373
0 0.466852 0.591275 0.010461 0.013373
0 0.417598 0.590741 0.010464 0.013373
0 0.418998 0.628688 0.010464 0.013376
0 0.464627 0.628902 0.010461 0.013373
0 0.303330 0.629024 0.010461 0.013373
0 0.348024 0.628529 0.010461 0.013373
0 0.350408 0.591286 0.010464 0.013373
0 0.301139 0.590298 0.010461 0.013373
0 0.301326 0.528512 0.010076 0.013376
0 0.349741 0.528512 0.010464 0.013376
0 0.350312 0.488184 0.010461 0.013373
0 0.301139 0.489416 0.010461 0.013373
0 0.302664 0.437988 0.010461 0.013373
0 0.347930 0.437741 0.010461 0.013373
0 0.300948 0.396059 0.010461 0.013373
0 0.350121 0.395690 0.010461 0.013373
0 0.419411 0.438212 0.010464 0.013373
0 0.200455 0.438494 0.008909 0.010792
0 0.229238 0.437776 0.010464 0.013373
0 0.204118 0.379945 0.010461 0.013373
0 0.205442 0.637324 0.012327 0.014804
0 0.631156 0.355865 0.018500 0.015353
0 0.625161 0.410429 0.013903 0.018161
0 0.678806 0.489267 0.010461 0.013373
0 0.679064 0.526165 0.010461 0.013373
0 0.678936 0.590886 0.010461 0.013373
0 0.652782 0.628694 0.010461 0.013373
0 0.581467 0.629024 0.010461 0.013373
0 0.583252 0.590557 0.010461 0.013373
0 0.535667 0.628365 0.010461 0.013373
0 0.533879 0.590722 0.010461 0.013373
0 0.534135 0.528314 0.010464 0.013373
0 0.582742 0.527816 0.010461 0.013373
0 0.582997 0.488192 0.010461 0.013373
0 0.534391 0.488027 0.010461 0.013373
0 0.535667 0.438333 0.010461 0.013373
0 0.581848 0.438498 0.010461 0.013373
0 0.534008 0.396563 0.010464 0.013376
0 0.583252 0.396894 0.010461 0.013373
0 0.417515 0.396216 0.010461 0.013373
0 0.466935 0.396110 0.010464 0.013373
0 0.465288 0.438212 0.010461 0.013373
